-6.448025080642056928e-01
-1.668611200856718435e+00
-5.455926293544504091e-01
-4.504811329610202364e+00
-1.002762656369293737e+00
1.569101302957266464e+00
-1.980025722543591882e-01
-3.390404383652538378e+00
1.218240908202798956e-01
-1.844847004589941886e+00
-3.066342635878161804e+00
-4.960598386620985734e-01
4.972064645191491827e-01
3.334328920662747553e+00
6.536527017053170852e-01
-2.626518335564981044e+00
1.891137711797834520e-01
5.565220048462340419e-01
-1.414014426541655434e+00
-1.196506110235719067e+00
-1.347789069286393415e+00
-4.652484109225178965e-01
1.342832654697239114e-01
-9.461637315223448974e-01
-2.943463500809662126e-01
8.907383507951434076e-01
-3.046356639288609891e+00
1.907856675149371961e+00
-2.064264589437421193e+00
-2.138605218313863077e+00
2.165484939392329000e+00
-6.843702880298323521e-01
-2.255033250134190759e-01
-1.671922055426222631e-01
-3.234865104199410979e+00
1.852293016125790226e+00
1.379270566902048412e+00
-7.649990873891336918e-01
9.426788812104023307e-01
-3.081555412858331677e-01
-1.645244385805323173e+00
1.549684970784504623e+00
-2.734154324265097857e-01
-3.715156314413989413e+00
-7.408801958522410747e-01
-3.008020863752893348e+00
-3.015441492401504497e+00
2.175453026966279735e-01
1.798676046198573575e+00
-5.751376191613448707e-01
-7.196285228910911380e-01
2.051694308043334747e+00
-1.287026970438001516e+00
-8.388856256150576396e-01
7.364636928552725781e-02
-1.902707786966181702e+00
-2.322461493616437833e-01
-3.025325120870425710e-01
-9.103623287536760644e-01
6.383071641691817621e-01
9.621932899663128147e-01
-8.500354243704453250e-01
-1.837508411771200167e+00
-2.794405853163191011e+00
1.555297699406692269e+00
-3.340586916979646936e+00
-1.614535254852005774e+00
1.422862199336225597e-01
-1.140834341748889091e+00
-1.321694834063523283e+00
-7.159016238244253483e-02
-2.212211271698212744e+00
8.792084722558880516e-01
-5.511222987093689074e-02
5.461408967895013955e-01
-1.126399876731497551e-01
-8.145423761995396195e-01
4.874834139859284265e-01
2.146397464853731840e+00
2.735059166417072696e+00
-1.518657117977099347e+00
-1.089307125582456903e+00
-3.430776379410774846e-01
4.903905974785259247e-01
-8.650774232490522353e-01
-4.267807323242034379e-01
-3.674358823470841307e-01
-9.055227779083349082e-01
-1.111214611852146650e+00
1.854289230989889070e+00
9.870309014731709629e-01
-8.364471892154339283e-01
4.686686356289886390e-01
-4.480453386000470495e+00
3.065460751455787669e+00
-1.612413509456676941e+00
-1.366147219905223142e+00
-2.327332997707443951e+00
-1.887047871008685540e+00
-6.125461213469018951e-01
-1.707669145527374033e-02
1.642132681684552509e+00
-2.435091784453704000e-01
-1.343123642694642239e+00
3.284285552801969210e+00
3.453228114772597390e-01
1.611034536807519402e+00
1.571704295702298193e+00
-9.149985053716332972e-01
1.334612269911565896e-01
7.585024867255534264e-01
-1.645557549633093641e+00
2.690379640027451558e-01
2.182144992844238018e+00
-4.479942071282914107e+00
-8.996269398764202840e-01
-1.174139199150199042e+00
-6.936331791355345722e-01
1.976061863866903079e-01
-1.155752840479246979e+00
-3.005441992789879002e-01
4.580685386543110749e-01
-3.644731790706797758e-01
-4.804615153489826263e-01
-1.042921845359915611e+00
1.114367872155131167e-01
-6.633783222581985939e-01
8.734478003525005807e-01
-2.614206043691555514e+00
5.522014303267928081e-01
2.689402017155886337e-01
-9.488071140791245472e-01
7.995434456411685264e-01
4.533255166020073168e-01
-1.121107279611799346e+00
-1.268149347768776192e+00
1.327543504229866111e-01
6.202971861666197739e-01
-2.114993140798126614e+00
-3.143592050537737048e+00
-8.772219187290108966e-02
2.228117806797362821e+00
-1.028196761319155605e+00
2.159052388004388812e-01
-6.497144407413402156e-01
-2.995659158302920178e-01
1.352086527498388424e+00
5.170351136619157906e-01
4.231151645942119455e-01
5.961711692554909625e-01
4.055569897335724594e-01
-1.643252815055171734e+00
-4.331880070257774218e-01
1.074724585331093163e+00
1.289903878801181403e+00
2.927629053484927191e+00
-1.313993757956797515e+00
2.137413923592992759e+00
-2.367179947784027461e-01
-3.715569962828471073e-01
-5.873332437718647991e-02
2.407829652517736285e+00
1.794517276876453682e+00
6.054850808607104007e-02
1.419024420083110583e+00
5.376771493072858288e-01
4.413783609883715764e-01
2.682285473759093541e+00
-5.050740446687351781e-03
5.720040153761533075e-01
-1.228010974958372303e+00
-5.291845037316452505e+00
1.720192986697784754e+00
-2.280078974383294099e+00
-4.493536882685468248e-01
-3.153308356173336602e-01
-9.783746862068523065e-01
2.765578980435860756e-02
3.779413844925224586e-01
-5.393446536454312934e+00
-3.103560126571993649e+00
-8.233824541787153617e-01
2.820887583346117999e+00
-2.767090954717874585e-01
-2.836290352406524384e+00
-9.270565722401669095e-01
2.883528447418087781e-01
-3.688517221076682784e+00
6.475874317062175756e-01
-2.252858952955878902e+00
7.686927608711000559e-01
7.805499727649536368e-01
-1.639345225589421640e+00
1.201091434784841150e-01
2.040295221767399525e+00
3.407212598027738792e+00
-1.295836681674194413e+00
-7.661185165107327055e-01
4.482867375352148631e-01
7.053080283241409676e-01
-8.302471988844443151e-01
-2.144399866935108312e-01
7.785782247256369804e-01
1.088004347240367764e-01
8.586180264126936912e-01
-2.124004459368009634e+00
-2.474730376737685589e+00
2.431583518711478931e+00
-7.045163651221808543e-01
2.894367731437428759e+00
1.753301373720985712e-01
4.078713485826057639e-01
8.059356990978046031e-01
1.396132374770335360e+00
-1.288714040505248182e+00
-2.575342443854289343e-02
-6.206062081313579171e-01
1.653458167732543505e+00
4.765080908863460474e-01
1.916260694305325085e-01
-1.447625862148437803e-01
-1.543027677939325937e+00
-6.592350513861342520e-01
-2.372291936332196483e-01
3.189611930299789400e-01
-2.433906162628892700e-01
8.251592003350055604e-01
7.762547127473231612e-01
-8.954840278515842078e-01
2.253615039321434921e+00
-7.838254140312995721e-01
4.623173427518667555e-03
-7.924434356558028858e-01
-3.421650123614308647e+00
-1.379895461884776298e+00
2.645154889612321369e+00
-1.210866871681251844e+00
1.327350645766412485e-01
-9.921351879167452648e-01
-7.152820622360618330e-01
-7.697697903729450175e-02
2.303259711706660828e-01
-6.713653246031985322e-01
1.806853796345432972e+00
-1.559315549166742088e-01
2.870059675446875236e+00
1.439197983069975262e+00
-5.618639606260278363e-02
-6.441033246391001388e-01
-5.629205520541784580e-01
-1.710803702434370077e+00
1.177830253143984818e+00
-8.973812197531554347e-01
4.118994047427608773e-01
-6.418230301881883149e-02
1.132029794463069949e+00
9.397213749535859861e-01
2.153734421423845635e+00
1.919270625208706615e-01
-2.468478393019655215e+00
7.801602228859828569e-01
2.562829027523521597e-01
-2.175579883905960354e-01
-6.420838606942833593e-01
1.781699103784392335e+00
