6.154611383829347027e-01
-5.681225525650972497e-01
7.856459932696007176e-01
-6.310796701038128287e-01
-1.796141716611516781e-01
-6.245607813712994449e-02
-3.801628695864267549e-01
-6.886131161031245895e-01
-4.542387974679384932e-02
-3.091849596347477913e-01
-6.774778158006200535e-02
7.901614867187811697e-01
-5.676440365927635234e-01
3.490176229574386557e-01
-4.298729491112076584e-01
-8.899299787252086258e-01
9.075985563186219629e-01
-2.707139829214351145e-01
7.091869147395477579e-01
-9.373867964238333794e-01
-4.206107211015439606e-01
-1.738909254179277220e-02
-7.393962005563516904e-01
4.806385133456645420e-01
-4.324599108046316420e-01
-1.265907183868724140e-01
-2.668418022061456174e-01
-4.003145220350612377e-02
-9.240558849788154117e-01
-4.933923953365959569e-02
7.075090527412044583e-01
2.191972728688207361e-01
3.037002027056256992e-03
8.488755250849921996e-01
9.556731123629118585e-01
3.258583094190679041e-01
-5.525546515781789569e-01
-5.785874181638035463e-01
7.091869147395477579e-01
-9.945702281271318057e-01
6.454730552692713452e-01
-7.411130690009859467e-01
-3.028578120864959811e-01
-8.421519888743744797e-01
3.339405938876300883e-01
-9.896028448532858679e-01
-9.577245194804624440e-01
-2.791090651468111083e-01
1.100337789397265453e-02
-7.177346174913199484e-01
4.717129963436799134e-01
7.893075039876178423e-01
-2.504996947478701497e-01
8.615136066895630051e-01
7.741730437514748875e-01
5.423281344438350970e-01
-5.734208972591992026e-01
-5.365274478452100038e-01
-7.853854646172293563e-01
-9.654271586919576098e-01
-5.536880562268631234e-01
2.461442441452459384e-01
-2.287329067296297591e-01
-2.907654747745991308e-01
3.203938163578490261e-02
5.319719855446556345e-01
-4.324599108046316420e-01
-1.716995514334538342e-01
5.726011793770788838e-01
1.741098305011088421e-01
-6.317758049866837311e-01
-9.941904790197590991e-01
6.212273482477370656e-02
7.380847192102013565e-01
8.424482884139694594e-01
-6.537511434984084602e-01
-2.658737093853180689e-02
-3.704172606685478542e-01
8.336818421656406741e-01
-7.148377330126893803e-01
4.492229304444046445e-01
-3.279760214190186041e-02
5.414519232652177383e-01
1.973742424983253585e-01
-2.853324070625034015e-01
-8.187471294061272609e-01
-6.377289353106310177e-01
-2.439319908434263162e-01
6.287478333260898555e-01
2.330057880543896509e-01
1.038360863864928874e-02
5.258025734839484322e-01
4.737200808603667657e-01
8.329787181044425726e-01
2.620255100491464262e-02
6.249196713580540408e-01
1.282738576990973822e-01
5.135767198889722440e-01
3.895397729732086312e-01
3.441471770857478241e-01
1.381687348270270732e-01
1.953957175992853124e-01
7.285777016270336137e-01
7.075090527412044583e-01
3.676709050797843936e-01
4.511676826288355535e-01
2.366586891126682968e-01
-9.588604117790522352e-01
9.501153638149646419e-01
7.177567354390612664e-01
-5.827340696384886165e-02
-7.867567551493481748e-01
-4.416550578423632523e-01
4.975888816405653614e-01
3.605451044950107597e-01
7.068127874282370549e-02
-2.787534409398648716e-01
-8.678366431693378402e-01
4.920305739917623100e-01
7.138376822860945659e-01
6.174827910908242679e-02
6.988027298410370847e-02
8.615136066895630051e-01
-3.904010337090666471e-01
7.737422557790569755e-01
-2.128380372989879810e-02
-3.042098147567684485e-02
1.957624225016005859e-01
-2.178953835802188710e-01
8.183722101377337577e-01
7.700970217437270726e-01
-7.867567551493481748e-01
7.355186529546529073e-01
-8.497986360996812039e-01
7.507149079685597748e-01
-6.830390155958860898e-01
-1.458953746931368478e-02
1.249327056193663132e-01
-4.963924711782128352e-01
-1.052069583340093928e-01
-3.706039359585329152e-01
-9.296015650882607506e-01
8.477128921531980055e-01
-7.672749497860864576e-01
-5.396118280823358759e-02
4.806385133456645420e-01
2.159748970091794895e-01
-5.896743789713585482e-01
-6.662272037257777058e-01
-5.527050632613585979e-01
8.147424031609173944e-02
9.208034261769566520e-01
-5.928180614119615832e-01
2.013270797062873818e-01
-8.673468267492752126e-01
-3.323507318431149216e-01
6.738528322450452190e-01
7.930955496571057139e-01
-1.454592631104021372e-01
-7.955919043692851744e-01
-2.791485177088937064e-02
-6.961802141775368380e-01
-1.658812760883858761e-01
-8.547524114153721708e-01
5.445871136764999232e-01
2.191972728688207361e-01
5.596651563051791012e-01
4.082296096464874680e-01
8.815912071154228258e-01
-8.196591881653139122e-01
-2.207220193831940236e-01
-8.255608253381732098e-01
1.451978083327569724e-01
7.424974881963017914e-01
9.549027560157987704e-01
-5.631564216250857235e-01
-5.241122024225193243e-01
-2.543235983000258216e-01
6.908632886093888370e-01
2.295327447858237502e-01
1.358373962645973432e-01
-1.412487122271697260e-01
-6.245607813712994449e-02
5.572905640236653912e-01
3.258583094190679041e-01
3.483091361313255252e-01
-4.971658811220274199e-01
8.089596880176876947e-01
-7.165041900781106143e-01
6.480522626596723068e-01
8.848186068961316764e-02
-1.416150662240638347e-01
7.520628252012895310e-02
-7.348861275498925760e-01
5.550980757492744999e-01
5.581088673425160795e-01
-1.613490175626621781e-01
4.532191391718625173e-01
7.846015912128263547e-01
-2.942476104241542600e-02
-7.708159269958128057e-01
-6.961802141775368380e-01
-7.329851879961453154e-01
1.845992444149373579e-01
7.334205155481172689e-01
-1.522797411067524642e-01
-5.845222120912854091e-01
2.991278079589072547e-01
-7.919319135052971248e-02
-3.296708064300875041e-01
5.974701532636128576e-01
4.009419245601464343e-01
1.992586213066394052e-02
4.511676826288355535e-01
-6.495565711019055666e-01
-8.397132433995355694e-01
-3.122111269812233303e-01
6.727549589269148367e-01
-1.263334840831906725e-01
8.171848404462198623e-01
-1.489181083433150921e-01
5.414519232652177383e-01
3.483091361313255252e-01
2.856522570892285895e-01
6.486895766287195109e-01
-7.323384365874685553e-01
1.526907704929159060e-01
7.017849607855923821e-01
-8.600003011906465211e-02
-7.320440888063295404e-01
-3.368054067079198077e-01
4.131980118969946769e-01
3.210799960705126299e-01
6.145769472484277074e-01
-1.685632914433405904e-01
-2.936518590470456047e-01
1.730658972059386791e-01
-4.940278819264751764e-01
7.582258075501606687e-01
-1.067979419372955263e-02
1.953957175992853124e-01
-5.140600096561671606e-01
4.535362733136625302e-01
3.852450028416298800e-02
2.620255100491464262e-02
7.780541242013625514e-01
3.288389116941616841e-01
1.831754441213262474e-02
-4.149257354126389963e-02
-6.458166309800699167e-01
5.380148957743660088e-01
-9.067113439617378035e-01
6.287478333260898555e-01
-3.279760214190186041e-02
8.445726567338187607e-01
-9.141916308864252994e-01
-7.840639744352655427e-01
-9.654271586919576098e-01
9.104053478204554573e-02
6.480522626596723068e-01
-8.246524483670931716e-01
-3.306889910818096023e-01
8.211155253914870222e-01
7.828447376281515435e-01
-5.249615965329685885e-01
