4.524791164857768777e-01
-2.518250770445709108e-01
-9.096016802460542561e-01
-1.692714143622038314e-01
-4.346841084639065933e-01
-3.945496701773480996e-01
2.230714931624113717e-01
-3.093861571916509678e-01
3.705601724719318479e-01
-3.655344932241870737e-01
-3.917334578972659909e-01
7.578452226644609713e-01
2.236171840422547241e-01
-6.136137631991411823e-01
-9.248704417592126248e-01
-9.284170691309316936e-01
8.876618315455877539e-01
-8.162506380009877383e-01
-2.930942475905031763e-01
4.209301803991569724e-01
-5.013719930199229680e-01
3.528086780879984286e-01
-7.531263698024692754e-01
9.387827664138275185e-01
4.253326127182166516e-02
1.815559022235617714e-01
8.277666909238743376e-01
-2.420563086502385275e-01
-6.145865779752153202e-01
9.514575018708826271e-02
-7.845819306947809935e-01
9.884716217219944312e-01
-5.257555140124683390e-01
-7.378774536392511685e-01
5.916037731998047278e-02
8.746067510492696595e-01
-1.951815748793743754e-01
3.724502891446614949e-01
8.772785361399284554e-01
-7.215000403525650974e-01
8.672485644520131487e-01
8.049064837700239394e-01
-3.655344932241870737e-01
-8.604217845248969265e-01
-8.056200994755311484e-01
-6.136137631991411823e-01
-3.299459610184163338e-01
-4.639004398244226390e-01
-2.254030056078519806e-01
1.878891272866580753e-01
-9.864471606021265604e-01
4.613662689805451134e-01
9.961928143142511072e-01
-9.478344319936105045e-01
4.352387328485380902e-01
-2.060381951212564289e-01
2.979077314529592346e-01
9.032604098141132631e-01
-8.440780640149099234e-01
7.901383471431253636e-01
2.556896118479270452e-01
8.411253132358844642e-01
-3.255518538957575814e-01
-1.753575855205802281e-01
5.996048793726085346e-01
-8.663609908957634609e-01
1.624925244290844617e-01
-5.978325453720623184e-01
6.653573407779957982e-01
-6.317679983518991182e-01
-9.534923932186578632e-01
-8.293068823713660720e-01
-7.719007848678693939e-01
-1.017107629803513102e-01
1.094829948986011381e-01
2.391362336024012158e-01
4.088839688165522013e-01
3.779264147070737767e-01
-7.787852596282505147e-01
2.431412278162103924e-02
4.756468439717180807e-01
2.979077314529592346e-01
-5.483050545461565228e-02
-8.851616703120104290e-01
2.424322721405145487e-01
-4.598658112431852629e-02
-4.930546173233389950e-01
-2.203553296546372220e-01
-9.512333878129599629e-01
-6.351221288410391352e-01
-1.104749383730685430e-01
4.876812351780857036e-01
4.446121855928428790e-01
9.317192341053406324e-01
-1.017461144740530177e-01
4.635998224365416309e-01
7.743083515498705438e-01
8.582133226905153123e-02
5.709037627007316207e-01
2.268627649832746229e-01
-2.411694431468536237e-02
1.649673511561546846e-01
-3.917155425738128027e-01
2.819446250469244131e-01
1.845094949202501500e-01
6.431126610878616923e-01
2.603298859757505745e-01
-2.213903430295858232e-01
1.125291083922610458e-01
3.755103769841769967e-01
-7.657101150507750198e-01
2.438946284364156281e-01
1.000214168861310871e-01
-6.717405160045128998e-01
2.693864684475522076e-02
-2.104253365120427599e-01
7.402415807103086554e-01
-6.213875614823003435e-01
8.277666909238743376e-01
-1.380746170049149679e-01
7.419576746707026160e-01
7.555373059045360495e-01
-7.215000403525650974e-01
-6.620332226238923035e-01
7.660609546152727933e-01
-3.265958715892547382e-01
7.555373059045360495e-01
-2.089907288441266164e-01
7.408763506888553785e-01
-4.707860262181229327e-01
-2.507780278014193343e-02
-5.120613719569577782e-02
1.112762824926991634e-01
4.826432219564928960e-01
-8.939696433279511467e-01
-4.903658882306622946e-01
1.040838646154473857e-02
-7.632996034160990373e-01
9.593886107794893370e-01
4.524791164857768777e-01
-3.917334578972659909e-01
3.409170491331587893e-01
-8.680551155442648437e-01
9.264862918290237559e-01
2.438946284364156281e-01
-3.854769809443314710e-01
-4.609661789337300419e-01
9.364662036620359231e-01
8.772785361399284554e-01
-5.549646157748078235e-01
-8.048771421583429397e-01
9.449613565836569862e-01
-8.373249477645539063e-01
-2.474989106224012581e-02
-6.369016930611504090e-01
7.660609546152727933e-01
-7.533417445663774803e-01
6.273557217082530446e-01
5.701896373153452213e-01
2.189507087906259475e-01
-8.445933284531359497e-01
6.598080519750784134e-01
2.819446250469244131e-01
3.127979720756075555e-01
-5.549646157748078235e-01
-9.478344319936105045e-01
1.624925244290844617e-01
5.254755929221479605e-01
6.417566874099436269e-01
4.826432219564928960e-01
9.450938529691239598e-01
-4.590528796267199230e-01
-5.572167719690865884e-01
9.569536836089964638e-01
4.684404587442050349e-01
-8.445933284531359497e-01
4.572835302233972943e-01
3.913640969443319406e-01
2.590165842232112769e-01
-9.267833751855925062e-01
5.060138714844331087e-01
8.472954784173356568e-01
5.092030813120065336e-01
-8.416568286699355195e-01
-5.710746342089683125e-01
1.763970206269824814e-01
3.654999059009245155e-01
-5.516342181814919421e-01
6.296171098721141668e-01
1.369011490767966244e-01
-6.428424165481105845e-01
-6.864094921521490811e-02
-5.569623501239917562e-01
3.909126752261953275e-01
1.562017544632221533e-01
-8.621709997651492152e-01
-4.128800648859445310e-01
-2.484139881507179126e-01
4.479542713705271240e-01
9.645322050616826903e-01
2.718240828244418150e-01
-8.132093257340344827e-01
-6.864094921521490811e-02
-1.384891509657013575e-01
-1.580182448550315755e-02
6.345092880037463967e-01
-2.345931029702505999e-01
2.504989392177530139e-01
4.471205798799731124e-01
-6.113085266476485646e-01
-9.835662913599949597e-01
6.253912596094242105e-01
-1.698723625266389536e-01
8.208620397068844277e-01
-8.438825403949870019e-01
-5.469250221723647165e-01
-1.459693294311168454e-01
6.857229392218271435e-01
7.753576527386081274e-01
9.754645774093406718e-01
-2.759850907050376279e-01
3.714085756953067197e-02
9.645322050616826903e-01
9.884716217219944312e-01
7.751803045369516365e-01
-8.433786622894872131e-01
-1.827080212267528925e-01
4.616586345596127572e-01
7.577502015654811185e-01
-8.780171491062045419e-01
-5.826165474259659138e-01
6.569090527214611619e-01
-8.054283688467920310e-01
3.370753193254243385e-01
-6.648737135261892917e-01
6.835757529380004360e-01
-1.485458260627814386e-01
-2.432733179340853535e-01
-2.117386461652188689e-01
-7.662739667651892184e-01
3.886180972132204925e-01
-7.200200781267420691e-01
1.012206332028156019e-01
9.659805478606253715e-02
4.195738865197196077e-02
-3.794883685032817144e-01
-9.853383265727941875e-01
-3.635275980471108781e-02
-1.805564063614750747e-01
5.819975972078770265e-01
-2.034386506081047319e-01
-9.864471606021265604e-01
-2.146737389535207097e-01
-5.050171921302153422e-01
-2.017132562175287802e-01
-5.965096045570226213e-01
2.170062249592923376e-01
-1.640237236229897810e-01
-8.621709997651492152e-01
5.558836486999494397e-01
9.817837039219379225e-01
9.664387215240815010e-01
-6.681770370504969137e-01
-6.664541786790398881e-01
6.971954320938880123e-01
