3.092223623102225982e-01
2.165767716400956999e-02
-9.782936343565107329e-01
5.620087068198031943e-01
2.511364087656333677e-01
-5.152334900106596560e-01
-1.539807285332077669e-01
-5.906034868750478228e-01
-8.192129824226048740e-01
2.841067525283269557e-01
8.538983081576208001e-01
8.101436249352231833e-01
-5.287315367543061750e-01
1.835310837997756739e-01
-7.964288911200225751e-01
-9.382819241413797862e-01
-1.852735653053616538e-02
-2.942589666666677317e-01
1.069856580132921842e-01
5.486694539503278456e-01
3.415445820735847349e-01
-5.091046720179581708e-01
1.843393931326779978e-01
8.042515618677468225e-01
9.223784448178695694e-01
2.428915166251337521e-01
8.167249997616747859e-01
2.997328174744737783e-01
-2.786079717739378125e-01
8.163332785936305847e-02
-4.838672827750203354e-01
9.552211653152637982e-01
1.441741725944751806e-01
-9.659845177466843680e-01
8.745581366329402417e-01
-5.191802942662597786e-01
-4.249693071572107073e-01
6.074317918509519743e-02
2.110179358881603129e-01
1.192639822859731247e-02
2.459805752413246616e-01
-8.736804841670493538e-01
9.402938816976917913e-01
-2.866312860775743765e-02
5.394942517703114060e-01
1.247239596828757513e-01
7.681482133071382279e-02
8.958203989382382826e-01
-4.627633428359989587e-01
9.099354387613598494e-01
-5.302733205113430159e-02
1.056500147991767946e-02
2.512085219669697445e-01
8.278412231831078216e-02
-3.475855505559095615e-01
7.156595235853053794e-01
1.073136042175071303e-02
8.818856627362021694e-01
-7.878831869159386159e-03
-7.054264120719053732e-01
1.767124224878111605e-01
-2.609585751105596430e-01
3.699063867531464656e-01
9.263819665502261991e-01
-2.318745991520949623e-01
9.717127180334819148e-01
-4.630943360956090160e-01
1.957400855617450475e-01
5.526530296058127512e-01
8.534196273387744114e-01
2.126381353097885896e-01
-7.790080323343364643e-01
8.939387471841995225e-01
-9.062712614700501046e-01
2.570274382905402000e-01
-3.874009276362433418e-02
2.121648227053287705e-01
8.352550897042188005e-01
-9.862553129225246629e-01
-3.039311384733673904e-01
1.916139748296705747e-01
-3.926744667416859347e-01
-1.992932352976677368e-01
3.235431406049236180e-01
6.544506068167179613e-01
8.414157196142384443e-01
3.609162492185407078e-01
5.263756469401283944e-01
-7.851568257444336840e-01
-4.458027697103388309e-01
-4.561433186775674109e-01
6.513574210131776177e-01
9.492088683394486193e-01
3.517890814200852478e-01
-7.724930641669505160e-01
-8.700994884548252095e-01
9.124918056164199598e-01
-2.812407116117303651e-01
-5.308362138016320397e-01
1.073861061375795956e-01
4.563031503408612188e-01
-1.676195958580748435e-01
5.720747754863764190e-01
5.760726475831219329e-01
-2.336221668106728266e-01
2.305740707624432950e-01
-2.806818703034641427e-01
-1.956911902282107985e-01
-7.928989519157794152e-01
-8.817650659769431520e-01
-4.594749035666434445e-01
6.982305272264754947e-01
-7.550040735944114623e-01
-5.241887690504150044e-01
6.261916455344280763e-01
7.251064428906575099e-01
2.794188169334752558e-01
2.722167295627340167e-01
7.888442374273465507e-01
8.527912329805715785e-01
3.611229900043593233e-01
-6.286898996239869142e-01
-9.689011793400825745e-01
-9.606680486115772855e-01
-9.180907709285961449e-01
-2.241242565795829034e-01
5.572235628470201263e-02
2.900795018725659258e-01
-2.448677511812653584e-01
6.498686248623943840e-01
-1.353408767416290903e-01
5.405742414881420377e-01
-4.895433756316200924e-01
3.808580629319533450e-01
9.791520999156706484e-01
-7.093233621270753630e-01
-2.335706500633578653e-01
4.059414870024553590e-01
2.915558710500132378e-02
-6.253449822633803112e-01
-1.565142211739938283e-01
-4.941380861314739192e-01
5.330964169720793233e-01
-8.040960194782584836e-01
1.971152253831289780e-01
2.857879724299046131e-01
4.008977424259834166e-01
-3.939763441821029222e-01
-1.254285334299789501e-01
-3.187651849372419299e-01
-9.827886202259423776e-01
4.486581274924399398e-01
-1.222732589148840532e-01
9.936616337856527537e-01
-5.460101200742186744e-01
-7.360225382780627434e-01
-7.439203604750603827e-01
-8.546368902818097801e-01
-3.756906500534618054e-02
-2.581872047700402018e-01
-4.488120884127555499e-02
4.109836098271668625e-01
1.766158230579684130e-02
-4.396648961885116780e-01
-8.870009878560438654e-01
7.512834079627219719e-01
-9.174837418895631647e-01
2.305248403649720057e-01
1.934270813449521231e-01
5.512977172776389878e-02
2.148023049400298312e-01
4.220057717793608276e-01
-6.446189746455366354e-02
-8.915968357828998325e-01
-8.024516071886025337e-01
4.105897596538454764e-03
-8.294542814191367963e-01
-3.162809578590144444e-01
5.192972329028953116e-01
8.517225613748997670e-01
7.199135670216962879e-01
9.902215288321103426e-01
6.847952683753308900e-01
4.053627674306483630e-01
-6.697520225483923895e-01
2.665632627319869385e-01
-3.178922390214911076e-01
5.333528937676836890e-01
5.107589402589751693e-01
-6.016856150004656900e-01
6.288288123809078201e-01
8.049889711150188809e-01
-3.136727057177299827e-01
9.625720303082814233e-01
-9.752259238068705649e-01
5.159652068333828723e-01
-9.688881919035716717e-01
-2.876135244319644180e-01
-1.921862845485455829e-01
-9.355162096286055995e-01
-3.896576810270380165e-01
-4.206815496244036279e-01
8.855560678253915352e-01
7.771245171074721014e-01
7.530402126635293847e-02
-1.558769431189790389e-01
5.878019172898008016e-01
3.357228949172326171e-01
-5.644165515743326811e-01
2.203230375253095730e-01
-7.985051432846657082e-01
-8.467789298780823426e-01
4.833590151809197266e-01
9.039250464595749435e-02
6.018228762328818870e-01
-8.841250259999033911e-01
9.061003656642137027e-01
3.801875872828650582e-01
-4.647325824398700345e-01
-4.688087953840816002e-01
3.950857742924442917e-01
9.558750633140491448e-01
-8.507094589457331324e-01
1.971840507046078717e-01
7.522868284708468245e-01
-4.166777551267801805e-01
6.510885347984445293e-01
-1.585939171948536064e-02
4.161773253728469069e-01
-6.693621466232693162e-01
3.821633343055201859e-01
-8.877385544835274533e-01
-9.235942845009510460e-01
7.818017842412283702e-01
-7.079904368728051622e-02
-9.160654882012586597e-01
8.514602364177725757e-01
9.001714644627947237e-01
1.758388910150576745e-01
7.077092810561056435e-01
-6.283833551397819406e-01
-9.402507923547025470e-01
-8.651406635284550894e-01
-9.038702369911291168e-01
-9.650565717313794867e-01
5.720357755544107636e-01
1.002264720277972199e-01
5.260494318115100931e-01
7.905296740359040175e-01
5.552119737458269810e-01
5.003296921103468353e-01
-6.783115692527235119e-01
7.606578832435875182e-01
-8.879160845117928247e-02
-7.665155651815778182e-01
6.187061794188819519e-02
6.023648840203759125e-01
2.668368733143111626e-02
-5.880111388915474357e-01
5.035223619642692494e-01
-5.462703336738543580e-01
7.269150965471484760e-01
8.742438105070791110e-01
8.578029173050876199e-01
8.797592627872030668e-02
