5.482954169767784158e-02
-9.800469296236475891e-01
-2.067023939717904657e-01
-2.156552403914020477e-01
6.762811784451872033e-01
6.381459228513834958e-01
2.324947763734022121e-01
6.785854434620393061e-01
5.796284947458791859e-01
-1.471469579262230098e-02
7.389288437998902115e-01
-9.782265071460221062e-01
-3.779414729554742003e-01
-5.604708454301181586e-01
3.479349286496817850e-01
1.827104217224140292e-02
6.336973786915367501e-01
3.522349212326203460e-01
-2.229477398314239078e-01
9.329512713002225954e-01
2.941623030991702414e-01
1.244121388872494460e-01
-3.406998845515134544e-01
3.024144516937981031e-01
6.452181871592252982e-01
-2.612781678458973023e-01
-1.325141176527040443e-01
-9.600125903205105615e-01
1.115223764032493570e-01
9.459162676146755100e-01
3.119337595902793581e-01
9.012817075591890159e-01
9.353429791480303290e-01
-9.928483045256792927e-01
-5.345159244879140736e-01
-3.567138496110078272e-02
8.884084125588389558e-01
5.143356001147869616e-01
-6.593838501177864408e-01
8.648317719069309462e-02
-2.518616070225960790e-01
5.571631796439435735e-01
-9.827047194128895047e-01
2.347010946414664900e-01
6.742082690970425674e-01
-8.917620416773013314e-01
9.652509008623717524e-01
-6.736919776787171354e-01
4.896046679533807566e-01
5.889644001738703061e-02
7.347643699827299812e-02
7.001100035676162125e-01
7.327360175351116389e-01
-3.212651135503064026e-02
1.420802315231077806e-01
8.112656232299804149e-01
8.989498982526795690e-01
-8.119378537791299699e-02
-9.531119608928868558e-01
1.073847476218579011e-01
-1.074727428596315981e-01
-6.215756769994063013e-01
3.774213058233226725e-01
2.238489415967870322e-02
-1.691056351402491220e-01
7.065019626814763587e-01
-4.807278324281583082e-02
-8.580110009412857952e-01
-8.645156130684332751e-01
3.778886448357889893e-01
8.999599812546714706e-01
5.186767821790263522e-01
-4.730043845431637362e-01
4.679050877144828036e-01
3.363849338777873399e-01
-5.013061777681833142e-01
4.283988402499243620e-01
-5.806545681853532148e-01
4.562563571376563321e-01
4.446292799121149830e-01
3.701151037756131856e-01
-3.791928482650612775e-01
4.062297771523930567e-01
-5.810662311213679043e-01
-2.104789748240250002e-01
-2.032851001546251979e-01
-9.288115520187780749e-01
2.572869466704514885e-01
5.522376847857763948e-01
3.266741469854335111e-01
-5.894715476429834844e-01
7.611940073463341339e-01
-4.802856040436065399e-02
-9.208858677913285273e-01
-5.879048349810034324e-02
5.570383207319242747e-01
1.241352400056057181e-01
-2.426300539906587339e-01
-6.205433529206592080e-01
1.045403480588813494e-01
-7.162444443631545976e-01
-6.867080460043428758e-01
1.465496580283238703e-01
3.271792727454694294e-01
-2.620112065680544333e-01
-1.571571210366129456e-01
3.577050589007864101e-01
5.481848467155954197e-01
-9.445354651058124329e-01
-8.541831441231018118e-02
-9.943948131042379401e-01
-6.297919543969516809e-01
3.299878329844401215e-01
-3.436783096007804961e-01
7.709515098419303936e-01
9.183565276035963176e-01
9.060754381385329737e-01
-7.852984078157116965e-01
4.564628704852164987e-01
-2.088576756924029887e-01
5.805113288035845809e-01
9.605212374013865073e-01
8.857130898614318237e-01
8.773796264596265271e-01
2.394502773736761903e-02
3.006777494064694078e-01
-7.395569902324832245e-01
-7.453729929618067018e-01
1.755096461005705155e-01
3.658975041990639721e-01
4.469873100408663369e-01
6.982077174460694646e-01
7.597805415345371127e-01
7.397799124398032333e-01
4.720476204988743874e-01
-3.026811960118021005e-01
-9.930671483507671482e-01
-1.967647573046691356e-01
-4.854364544521045932e-01
6.792841963320248588e-01
-9.058259964916477447e-01
1.924997581133314206e-02
4.889628397697713957e-01
-3.437132684265395977e-01
-3.432088798090515702e-02
-6.926577680072818488e-01
9.964826811247831095e-01
7.454096258650071416e-01
-7.624125687420695296e-01
8.439342621034555680e-01
3.349478081934460505e-01
1.134472257125886951e-01
1.189011287355092872e-01
8.505414153517034670e-01
3.637145893852571366e-01
4.274260673482155326e-02
-6.025861208991778462e-02
2.646277014706674979e-01
-2.340499613823319169e-01
-1.011025789976254252e-01
-7.344028167358760406e-01
-5.502372380238564897e-01
9.126587046195144826e-01
-4.586084771533793791e-01
-4.860692678378901732e-01
9.021160593674588668e-01
-2.946207552708854926e-01
6.123823870674072190e-02
-5.962675029949315864e-02
5.397386338291187968e-02
-2.079844519241431655e-01
1.714793250931765378e-01
7.002713819182340149e-01
5.944297405636724818e-01
-2.309267213324135426e-01
4.733832911337587657e-01
7.492651670537686659e-01
-2.075410188920108201e-01
7.287631794900417681e-01
-1.072975035740595384e-01
4.085657665854292020e-01
7.224873719095492586e-01
-4.004632222886863602e-01
9.088467044897323710e-01
-4.157155376081700382e-02
-2.744340514062546532e-01
-6.894615205493495047e-01
9.536273002275661437e-01
7.906644608821082887e-01
-3.034218373818213799e-01
9.839326620659500922e-01
-5.197994311012554824e-02
-8.031505046062534792e-01
-9.689061537689389603e-01
1.740397550472303489e-01
-4.031955623793337384e-01
4.031718800692640770e-03
6.311292102897869682e-02
8.551527994802432531e-02
-7.273534420514347065e-01
-6.487541296270975533e-01
8.809085536360823365e-01
-5.028143862319462976e-01
7.425369348933323899e-01
-7.509766438841465330e-01
-3.301144449840800466e-01
-1.882389448140375787e-01
-8.134428995694962250e-01
3.619779239169793605e-01
-4.912306010146072488e-01
5.432563622498549627e-01
-6.428907767532159312e-01
-6.370175790561163343e-01
9.511093768225915568e-01
7.333978643469689640e-01
-7.571705373877808398e-01
2.260404740068810980e-02
-4.861067571538122412e-01
5.340993154368514073e-01
9.219822672651112327e-02
2.867930343838689389e-01
3.507255301563108052e-01
3.391834330367848871e-01
-3.550520972215536197e-01
3.875078647060101744e-01
-8.888954922540841519e-01
2.160962445120766517e-01
-3.323579243997378807e-01
-1.403508475324755089e-02
6.851206505865505836e-01
-2.313690009570674722e-01
-4.148499772616411896e-01
4.536351390866377731e-01
5.228963648595186253e-01
7.008827052745025821e-01
-2.601768144632521373e-01
8.566256691061657769e-01
3.474347925981113860e-02
8.589500180078533109e-01
8.617434676997530740e-01
-3.544663346437533225e-01
-6.293004661995043048e-01
4.846728992939348668e-01
9.655092162179559345e-01
6.905844279251338591e-03
-8.995341599978983194e-01
-3.425352353665729321e-01
3.215366703065360987e-01
-5.044869599387178383e-01
3.854136757713366723e-01
4.054364589853585166e-01
-2.903956031361625278e-01
8.209095928760783423e-01
-8.770370130897187089e-02
3.399141286105886728e-01
7.207426141369144279e-01
8.886265090300526914e-01
1.453899465716248507e-01
2.053382010506561439e-01
4.347494184019438102e-01
-1.248521588068907118e-01
-1.506444336145640328e-02
-2.007469564278239194e-01
-5.589045366426195205e-01
-8.123099214154752001e-01
