-9.505293852175590308e-01
3.640384621192529480e-01
-1.896340252798244030e+00
1.179418792430094065e+00
3.054771564180379428e+00
2.002232315587057165e+00
2.812950593384534237e+00
2.580091146189013251e+00
-1.150099121518007417e+00
8.942596470620789439e-03
-2.562851007787847468e-02
7.513333021667017997e-01
2.032754400374649162e+00
6.394050091955820747e-01
1.610670166409580828e+00
-1.170543894780748717e+00
3.490309006881372689e+00
-1.991662412842373664e+00
1.491562254461625825e+00
-3.756370460906258479e+00
-9.020190663273122134e-01
-2.881454064231422585e+00
-1.753457203979133849e+00
-2.086424062365479060e+00
1.484372545577295588e+00
-6.846812250796761035e-01
1.317707810931212586e+00
2.904777773225126758e+00
2.917122083148475653e+00
1.232569327652210278e+00
1.223682622720906998e+00
-1.543439139201470134e-01
-3.210653695802049512e+00
-1.671240465522756846e+00
1.168824104200675063e+00
3.401167212814989682e+00
8.598047304742630903e-01
-1.034318960234557938e+00
-8.102734406799776412e-01
6.474387292462076005e-01
1.509534761678985593e-01
1.732945162306154252e+00
-5.334993241645058504e-02
-4.298007118754073597e-01
2.842391456112083770e+00
-3.063343428353848985e+00
1.591186474375551052e-01
2.315062627513513771e+00
3.603496752184470964e+00
-2.047173785820407765e+00
3.914665742589391595e-01
2.961578801894240165e+00
1.270753429044474192e+00
9.938562123563358108e-01
1.308475875329365934e+00
2.708472414430649344e-01
-6.367610078269305696e-01
2.826065007989013278e+00
-2.699162553816140786e+00
1.167045363450258000e+00
7.177265061416007175e-01
1.583866435950224805e+00
4.574817866551383894e-01
-3.056752176943374977e+00
-9.135586298613288525e-01
-2.408525471872523749e+00
-2.819175914689355245e-01
-1.453551513816703000e+00
3.416608285536792966e+00
2.669295590849679600e-01
-5.895427250074583014e-01
-2.094415409409783102e+00
1.667374632889330466e-01
1.380376888406926739e-01
-5.894011073786317390e+00
-2.022581125217795428e+00
-4.566170342954789518e+00
1.324596866854569566e+00
-3.169489586515406909e+00
-4.830378679759843585e-01
-3.327984033508850636e-01
1.946705847278257018e+00
1.278374979891366392e+00
-4.022257526751038981e+00
-9.309006252736551357e-02
1.972336805435878304e+00
1.506515779599414628e+00
-3.065414799487912401e+00
-1.128633385664669753e+00
-3.474938448546269765e+00
1.056756961283444873e+00
1.175277629959503356e+00
-7.657656521402802507e-01
3.167989093332142403e+00
-4.434885604740289589e-01
-3.415322551201712686e-01
-3.320317914096991618e+00
2.881058679517521703e+00
1.010215083042866890e+00
2.852496326848721342e+00
-1.127179997555295410e+00
5.758529616758727432e-01
4.953265913383235741e-01
1.970820894363524811e+00
-5.631772093579465732e-01
-2.372520231229877208e+00
-9.392087463824924098e-01
1.079195043624305850e+00
1.153858354478196180e+00
7.077235660300618125e-01
2.630844559582139031e+00
-3.682496539301757799e-01
-1.431470458706350701e+00
1.857502884475533023e+00
-7.096217716918837848e-01
5.212297337667846087e-01
3.363228790190620376e+00
1.211996030423387882e+00
1.142001663536859501e+00
-8.554753999560935629e-01
-5.570852064543958537e-01
-1.235580887834698771e+00
4.739184027189871640e-01
-2.799103354866065985e-01
-1.147225527054650751e+00
2.871392532522262453e+00
1.023069937254169171e+00
7.827593904431833227e-01
5.332179362807162315e-01
-2.706487960159650541e+00
-1.339469291078758395e-01
1.581417538552581936e-01
-8.627463215166453203e-01
9.201453395048591055e-01
1.094822993006224099e+00
1.388999266384031817e+00
3.138237279204352692e+00
-2.911217917899366903e-02
-2.662741554763328189e-01
9.752562843820463678e-01
-2.229197077103135971e+00
3.104744425247226047e+00
-1.164241948528161208e+00
-1.508025801162894641e+00
2.532977298213205941e+00
-4.812588478210989562e-01
-2.447128028248910070e+00
-1.249049981800572029e+00
2.013674911190128647e+00
-8.840251976094810615e-01
1.686455826051987961e+00
-8.442059524845828555e-01
6.255648631645522872e-01
-4.748832788016140727e-01
3.635198619603901449e+00
-1.839675696801916227e-01
4.239075794704469935e+00
1.264088972676982170e-01
6.381457019383270923e-01
2.860054439980398433e-01
2.150782039350141783e+00
-2.804847224202845268e+00
1.690401472437240926e+00
-1.955159846569425319e-01
1.283968151154365689e+00
-1.788270187027544367e+00
1.558264799081867880e+00
1.822553654185584904e+00
2.653762064680551536e+00
3.210655631504302665e+00
5.598604976367401065e+00
-1.367196242278646778e+00
-1.000480022226007515e+00
-3.351557689902011639e+00
2.325861318057978799e+00
1.362348540069169056e+00
4.505855242054724319e-01
-1.132800990432941468e+00
8.425144565605806324e-02
4.865617262001522003e-01
-9.753010806613597872e-01
-1.696188853836852140e+00
1.180580741137299938e+00
1.921121300911611485e+00
-4.174858443061358670e+00
3.688064533091367725e+00
-1.768560898778678725e+00
1.488540635357259889e+00
1.553265685518837147e+00
-6.218054863430820811e-01
-8.765640035387080031e-01
-1.969675043665352954e+00
-6.220406031711145367e-02
1.160257607800521784e+00
5.678593468019517143e-01
2.054452050877930258e+00
-2.287714663414325972e-02
1.723457944112301021e+00
5.741083937116988167e+00
6.848787479212186113e-01
-9.500718334248399177e-01
3.381443692624043207e-01
-8.985584695985425752e-01
2.466731417846980134e-01
-3.956182770043037422e-02
-5.911622678911043760e-01
2.735611922546488994e+00
-1.047414156737619617e+00
-1.607788094888960906e+00
2.835338499902074538e+00
-6.930593724741300754e-01
-4.379070104299001009e-01
-4.536769739324002515e-01
-2.218214977883929073e+00
1.690295705025985029e+00
3.076090872484264160e+00
-1.884330415143181003e+00
1.636932894266824867e-01
1.749194830217316587e-01
-1.373639881266609741e+00
1.559446488183417356e+00
1.113873966355656719e+00
-1.745611460678611504e+00
9.536423636256059488e-01
-1.727718108483863979e+00
1.243508996986373294e-01
4.124066637401782032e-01
1.020087825283653604e+00
1.509308605961419969e-01
6.264852271449479204e-01
1.456057234159729319e+00
-3.201350305175538313e+00
1.849877435938147574e-01
2.142296561616847228e+00
2.240562689971455690e+00
-1.554921747676554222e-01
5.268037883068932281e-01
9.155239788028379788e-01
7.789095062154722804e-01
1.671737046502868029e+00
-3.234980946664467449e+00
-1.683787341288462081e+00
3.641319606537622988e-01
3.530606077887159522e+00
1.633708137415547990e+00
-1.484684709402775749e+00
2.132459453539907290e+00
3.356738534440952271e-01
-1.266432852057585157e-01
-1.293279241097328169e-01
3.350422875341277251e+00
-5.559471874694605908e-01
2.460585379815399598e+00
-7.567680672548604548e-01
-1.892076419886632221e+00
7.582823733206808248e-01
9.662349569623115420e-01
-1.637919922934778505e+00
2.204640986165180117e+00
1.340446078868010815e+00
-4.056126789313864833e+00
-2.810714202986939192e-01
-1.568787793411656084e+00
4.189234835405867940e+00
7.855890191003300771e-01
