2.147436762048153813e-01
7.510303062080647685e-02
-2.410093641674462273e-01
5.154757612000750999e-01
1.078059529510055903e-02
-9.102882492427606387e-01
-8.463152389278700838e-01
8.010616726166346346e-01
-7.910273080741307972e-01
8.773650755324045036e-01
9.155239436784028406e-01
7.607834104455424296e-03
2.253827828227294994e-01
5.534222826693262487e-01
-1.027410974082101358e-01
4.022304896380952677e-01
8.424783747116595389e-01
-2.633777648930653026e-01
1.831384155391462265e-01
-1.929524348618869567e-01
8.633957311378412935e-01
1.518591177615253862e-01
7.249068099692885792e-01
5.357324784094634751e-01
6.065836208826045350e-01
2.638337894765312441e-01
1.862380124703570949e-01
9.133106738485023968e-01
-9.932926362227776362e-01
5.247005203792929340e-01
9.069956775527825421e-01
9.691033276741563007e-01
-2.546822383911391263e-01
-7.638293228299928295e-01
-1.392019715371941579e-01
-2.539163007800735450e-01
-3.653980559513023696e-01
1.976205904511669775e-01
-2.743684085893727254e-01
-5.405188204241206940e-02
6.029543374903592046e-01
3.561333663692394236e-01
6.017390167450886729e-01
5.691944209894450601e-02
7.259675566776557787e-02
3.391677424231966942e-01
8.606913119335770634e-01
-7.835470943245348430e-02
4.593840435643068432e-01
3.369604022841146129e-01
2.539767510537513928e-01
7.012039331159629629e-01
-4.824619622920407469e-01
1.778811852137760496e-01
-2.997716829912056014e-02
5.692586831744246290e-01
8.588372645626840551e-03
-5.788273747756045307e-01
4.159722981376499096e-01
1.449743416264059892e-01
-9.261920579548643673e-02
8.982566191130170186e-01
-4.741769683454042372e-01
-4.869131853064434523e-02
-4.673421781124613705e-01
5.770411868105582709e-01
6.002969540702729478e-01
-4.092769437281587042e-01
-9.189307539202793418e-01
-3.687689721184286284e-01
-4.690240225978643540e-01
-1.611647838224317120e-01
3.566227935515096092e-01
7.674758838998028132e-01
-1.969206028770018602e-01
-9.053686033158570012e-02
8.153706992219460492e-01
1.077765082905963734e-01
2.295883362820001494e-01
5.530509027888392826e-01
9.166810238573364078e-01
-8.691690099064564023e-02
9.271497059004116803e-01
2.251853206062575108e-01
-9.107483451829951893e-01
-3.207467413596116756e-01
-5.239732268359624801e-01
1.284765661050957242e-02
8.454376344433485180e-01
-2.358745496104051043e-01
7.363374699248370625e-02
1.340276935648541112e-01
9.020135454272129039e-01
8.483431985522740248e-01
3.708833476999577883e-01
2.284575505263264361e-02
-1.916256619945435613e-01
5.938256529004193318e-01
-2.293767788899003790e-02
-9.213192685808779814e-01
-4.627385785622775138e-01
-4.050550021230248099e-01
-2.679590143171706185e-01
2.141810448878334050e-01
-4.417018725753789621e-01
3.059316975735864030e-01
-2.101736844796697756e-01
-4.121207669058741807e-01
-6.209586063769032549e-01
2.881032205954161540e-01
3.925385739996072321e-01
-1.580310659744381674e-01
3.761904112454474980e-01
-3.248354238325019683e-01
4.780415895440430774e-01
-5.743335052383302664e-01
7.124284588688258868e-01
9.898420033529233830e-01
-1.836855679433559985e-01
-5.966362750305431728e-01
-9.318579895645151545e-01
2.456533599245342980e-01
-6.241596400837046144e-01
8.801286945816180207e-01
-1.172831464869090734e-01
4.881094083720856069e-01
4.970923747207427468e-01
2.828178084109929102e-01
1.257065166349042862e-01
5.257013659167799613e-01
3.682126291577982879e-01
7.919758671860070987e-01
4.418849103108850596e-01
8.592167978289337871e-01
2.628331930860654531e-01
6.868127195997413281e-01
6.954660978231723689e-01
-5.691699770534002223e-01
9.310720145073436704e-02
6.640750080375272812e-01
4.292582926162922252e-01
-4.930100738306228969e-01
-8.465981088367919849e-01
-7.890863522602620250e-02
-1.492421888346326941e-01
-6.908071466937215632e-01
1.688266086527669962e-01
-9.519552645734798979e-01
9.638800410201038282e-01
-1.837414615976362686e-01
-8.604410591340749814e-01
8.553816561053584344e-02
-8.991852587647553019e-01
9.892688291869489170e-02
4.654927424408128456e-01
-7.616027130230640374e-01
8.411968158227844938e-01
-1.066906391731747838e-01
-1.571081735214363562e-03
6.610709040621944865e-01
-2.613042624093342425e-02
-8.101796979072015681e-01
-3.798670541887361196e-01
-8.350167495334310797e-01
-9.630813467908883041e-02
2.366916013638875604e-02
7.872424592248150610e-02
1.516649975087112079e-01
-8.235939089653403489e-01
-5.260074947714261651e-01
-7.575412971400543594e-01
6.831859598773557529e-01
-8.434814859565129552e-01
-8.352757178536307503e-01
-4.156784838168912088e-01
5.327101246661827272e-01
6.898048509169971698e-01
2.625088863212923229e-01
5.537798894073462375e-01
8.282648252165851765e-01
-1.917455572833430821e-01
5.590841997300335375e-01
7.217472985741650859e-01
7.011174642651967215e-01
9.667969176820667698e-02
8.033318477842992245e-01
-3.033027608341900550e-01
3.348989593473776782e-01
-6.668578380154988050e-01
1.631403117986063300e-01
-7.848317870458034751e-01
-9.091484370350928490e-01
-3.827661495361276422e-01
4.311646819345993364e-01
-6.586021513870734534e-01
-5.334462106565818207e-01
-5.718804936680088602e-02
-3.374770943760128095e-01
2.534817776456701477e-01
5.749436880836329422e-01
-9.366556987501413190e-01
-9.022672827907944892e-01
9.623056835307786105e-01
-1.109482815329052574e-01
1.786289022502296486e-01
8.062150782600294718e-01
-4.528970174763000678e-01
-5.075918847436580172e-01
1.986912928182027471e-01
4.276412805569145270e-01
7.366134803697499400e-02
8.566668063513604991e-01
-9.448818342312903518e-01
1.918095214666220016e-01
-7.303176511934310611e-01
6.364194162139749089e-01
-4.132153912378571103e-01
-6.022416037420303958e-01
4.134035515189546928e-01
7.492616158349094668e-01
-4.249500879653571594e-01
-3.515196469126584677e-01
-6.400972697259765809e-02
5.627651604477728053e-01
-1.241265636262824934e-01
-7.074560073342530675e-01
-8.382127413885256395e-01
-5.605735072057245194e-01
3.078169099560694733e-01
1.468212119215879241e-01
2.340725489190749187e-01
5.722758667372516150e-01
8.115249137561229009e-01
3.795285531256362699e-01
-7.301650501871765897e-01
4.787538947305600701e-01
3.434778719325752849e-01
-5.087568855629105435e-01
9.931285971309766758e-02
4.583607003552625514e-02
2.655555368860003096e-01
8.561169861749287069e-01
2.424437885134218540e-01
5.197035352165755295e-01
6.900978290510437763e-01
-4.870872318772030418e-01
1.427534458422476948e-01
-3.919336387341885164e-01
6.191998175030635210e-01
-2.005985778800192243e-01
-2.869090270449934366e-01
-3.080079860760702726e-01
-5.534929038623843667e-01
9.933782889315658782e-01
-6.413562959327199220e-01
1.089856563534461475e-01
5.616712715239486897e-01
1.446350320497664654e-01
8.322896070991359085e-01
8.686076104584523616e-01
-1.042579333308151224e-01
1.084532247340339595e-01
-2.764149130211612793e-01
-9.756914145393265070e-01
6.116114960494767328e-01
