1.711447947130192659e+00
1.483135516941244791e+00
-1.032550131426744233e+00
4.265766337312459910e-02
1.879094207994339794e+00
-1.053053015325937647e+00
-1.115447058770739908e-01
9.668404755205731727e-01
1.470746918128261527e+00
1.112137258378031568e+00
1.295091232329440012e-02
-2.846739496736805375e-01
-2.189353336597353650e+00
9.257108148257470193e-01
7.709251278837695454e-01
1.613151053007221059e+00
9.387827871107568001e-02
7.379539198330675731e-01
8.165061672501050527e-01
-3.647551704636498027e-02
1.712609022708638240e-01
-1.667805662552928614e-01
-6.578739181324715357e-01
-3.807349734569200894e-01
1.138374833030031952e-01
2.929787196821490358e+00
7.954323169376227298e-01
-3.534328547292833189e-01
1.965505153296867702e+00
-4.298612283678966417e-01
-2.286599754037306753e-01
-3.275508918779108658e-01
-1.284917905029390406e+00
2.743008431521840595e-01
6.988164062157011802e-01
6.530830835841046067e-01
-7.624845920334430982e-01
1.921878741149682046e+00
-1.804118952408939158e+00
-2.347300999076451511e-02
2.289489696439502175e+00
-1.115749680684403194e-01
-8.129603789589166796e-02
2.517427461792561827e-01
-7.807939322278933947e-01
1.893738525429887076e+00
-2.257169043755778759e+00
9.512142540619017428e-01
-5.893006065996915233e-01
-1.605435657769242130e+00
-2.009264340460582554e-01
-2.016937689797471123e-02
-1.003457046129763608e+00
6.973028638867264650e-01
8.699610933754930997e-03
1.182243416497297250e+00
1.648452561777812853e-01
-3.857922300529897930e-01
-1.240127965513667441e+00
1.338724699404554741e+00
-1.171037050330642648e+00
-7.855067814463410070e-01
-1.276337403797053405e+00
2.302019754171519272e-01
-9.898247567557345583e-01
-2.241682014927210087e+00
-8.537203805904591825e-02
-1.364074950481980686e+00
-1.282478736051811952e+00
3.257836260005458895e-01
-6.355182804501022797e-01
7.884846304649280047e-01
-2.560448345586460395e+00
-9.291064776137738512e-01
-2.739381575951336245e+00
2.384056296196459535e+00
8.668478142178842605e-01
-5.947276968914971818e-02
9.592872199993596194e-01
-7.309848982639142179e-01
-3.282729481033505037e-01
5.394130836321426870e-01
-9.608546846999044266e-01
-1.235128219230155366e+00
-5.834749268638085296e-01
1.011648511611652479e+00
-4.838647165183829202e-01
-2.338621728475156480e+00
-6.831846767636177153e-01
-6.062294115032087483e-01
1.133520253706894465e+00
-9.842679158354183944e-02
-1.135434219342817963e+00
-1.401170383186514545e+00
1.325780878417160524e+00
-1.835741074765142145e+00
8.855705822197235122e-01
2.246355648002729133e-02
-8.152291918045619923e-01
9.141523902962149783e-01
-1.359717345532660771e+00
-1.285843592542488811e-01
2.780072818190145734e-01
2.599076742016842578e-04
1.947768097532228682e-01
3.882774881786044130e-01
-9.615441427455267975e-01
2.358662226554405272e+00
-3.978204130481777234e-01
-6.036087234869349505e-01
-2.556952058656810856e+00
-2.431685001447767114e+00
-3.655117951812702159e+00
1.862457170143289931e+00
8.881727594014110494e-02
-6.489280425907240080e-01
-6.277157678403838537e-01
3.988768565118949727e-02
1.207535257427636122e+00
-1.788252966685648371e+00
2.311851632150185853e+00
1.392080343378556684e+00
-1.603115786418183308e+00
1.281923805501852698e+00
1.672906030223066498e+00
-6.202107556456055715e-01
-9.429285742185660180e-01
-5.238746951217772008e-01
-9.518657340414569124e-01
-1.430767362840521306e+00
-2.325450812219405083e-01
1.230912543738719389e+00
3.604673681406442842e-01
-6.671738039685071175e-01
1.939362666294687676e+00
6.419741844130362196e-01
2.513371713794806173e+00
1.149709183557964476e+00
8.182245443802216300e-02
3.021887537297277548e-01
5.609132572484580859e-01
-1.508434300691771313e+00
-9.364505142562866702e-01
-1.157096670121602777e+00
-1.047262823958985622e+00
1.803983366938874067e+00
-7.378117363045579857e-01
1.823815431761306005e+00
1.546496391016244143e+00
2.961130528606259027e+00
-1.102078634489552122e+00
-7.700915387270952372e-01
-3.441013222918212211e-01
6.073684670593280099e-01
3.707517159758983993e-01
1.877770424885958356e-01
6.124639119640823415e-01
-1.538876436359035482e+00
3.422967231055726867e-01
1.487785573251984461e+00
-2.065395772566087640e+00
1.798594172099403643e+00
-4.980003022570478333e-02
-4.730448605932638273e+00
-8.189059854219167267e-01
-3.250474993807399571e-01
-3.894526547884338830e-01
5.313408980607779997e-01
-5.202174502100616049e-01
-3.259933052125970843e+00
-3.342781110969768044e-01
1.976923554872358935e+00
-4.896780036919395895e-01
-6.009929761017317240e+00
-3.381084882245207091e+00
-3.135169873973511212e-01
-1.752076245101552132e+00
-4.650099011694530104e-01
6.716955605457860523e-01
-1.928261086684535996e+00
1.412938282630162856e+00
3.775603451449225378e-01
3.329892285440765320e-01
-1.137221508238874357e+00
3.116411167197675192e-01
3.793728752481996480e+00
1.401982342335915122e-01
2.294209994836707622e+00
-1.965910613073993174e+00
2.491917478738471914e+00
6.326712189172584155e-02
-1.525048518827778476e+00
-2.349621541289649951e+00
4.449656584197141385e-01
-1.575347385635265329e+00
1.401352192080101533e+00
-1.707043405267535396e+00
-2.402845500329415795e+00
-1.843489617289415294e+00
-1.109984016263213524e+00
-1.003121337383208633e+00
9.630684117842027714e-01
1.281678822925422345e+00
6.501632783403932248e-02
-1.331608542483452506e+00
-8.532021618985961009e-01
9.460368456458199127e-01
-4.829692474867839369e-01
-1.211475930684768887e+00
6.591751911139676068e-01
-3.333966895755158255e-01
-9.127759373943180599e-01
-1.052216488430463004e+00
1.943358679939084732e+00
2.298772328980571267e+00
-2.110313003641803409e+00
2.455525998139725385e-01
-1.173880546441272044e+00
1.303917262372050523e+00
-3.967014592357513969e+00
-6.110780572510181585e-01
-1.086873528243251785e+00
5.184961245403596486e-01
-2.730870972047070300e-01
-3.046751613140148862e+00
3.745907864012941735e-01
7.128970255234001741e-01
-2.874683649390900042e-01
-7.470694225441019132e-01
1.163959847715370977e+00
4.663435968978176804e-01
-1.415296382631143324e+00
9.845907474238045909e-01
-6.052751884739047128e-01
2.752710545351026106e+00
-2.359489268421383734e+00
9.716661062925605608e-01
-9.616646197022060694e-02
2.532573926773586948e+00
4.218944205130736869e-02
-1.197236952713355951e+00
1.774532933832710935e+00
-2.508755118328231948e-01
-1.267271115838615736e-01
-1.388707217482650913e+00
1.880924255226372743e+00
-2.790956959277044458e-01
1.600421425787997842e+00
-2.381890699634575448e+00
-3.329265892924826886e+00
2.314438432752963792e-01
-6.038507672118175185e-01
7.177375047903178373e-01
1.069353025466559082e+00
2.167145166365739839e-01
1.251292389069966093e+00
-2.081432908545699068e+00
-2.268323878363318613e+00
1.543122022126433235e+00
-4.447038392710008781e-01
-1.125058228622177969e+00
1.715052771881493410e-01
5.020122254255715566e-01
1.129855765690504832e+00
9.199333339929207654e-01
