-3.467199602073987030e-01
5.461817955928669477e-01
-3.274746581122178757e-01
-7.172431022415637347e-01
5.406759735759287810e-01
-8.988605469773047751e-01
-9.378307749913401548e-01
2.861420339200142493e-01
3.698425374352338757e-01
-5.227824091360231407e-01
3.962677186473431146e-01
3.195290913351378492e-01
8.474278206481480336e-01
4.482377751018655765e-01
8.379002482932447204e-01
-9.408184953402218831e-01
-6.478641121437636041e-01
4.870329350922175671e-01
7.234739400614593752e-01
4.739952087062158093e-01
9.260094126146865001e-01
3.338492126590393294e-01
6.800796737745162801e-02
-2.700552303724519376e-01
6.144898517966654872e-01
-6.426135814168532079e-02
1.070308786617450991e-01
-3.871034546064642257e-01
4.062733063826169388e-01
3.894542995767229510e-01
8.930028450672460316e-01
7.353398031970741489e-01
-5.171210855933352502e-01
5.070336126721910475e-01
6.446975927309368526e-01
-6.438701533896453721e-01
2.251811831087122684e-01
-2.626060353504338085e-01
7.160166489662380673e-01
-9.460919736513835332e-01
8.447573157562475732e-01
-2.488802684190516423e-02
9.902327920627125302e-01
-9.484067643363680578e-01
7.210900432921349967e-01
-5.928415725222457855e-01
4.620142784415133264e-01
2.144253237913507082e-01
4.062733063826169388e-01
-5.664573984722669486e-01
-2.072735576988591344e-01
1.742943077389851325e-01
5.713473212723536587e-01
8.507558404492474580e-01
2.754171027159266760e-01
2.748657283937574469e-01
-6.636862109519485742e-01
2.479568729325749565e-01
-3.389758625894250255e-01
-9.863919455139957826e-01
-7.181415110708406768e-01
4.453839441031781643e-01
-8.658613023603376480e-01
6.547302368885739021e-01
-8.658613023603376480e-01
2.864130392413568593e-01
-8.268826078102813337e-01
2.862417733865330050e-01
-9.160436667284428403e-01
-1.069456694749431058e-01
-7.364735946784637388e-01
-2.166282505428220873e-01
8.507558404492474580e-01
8.620216445695627616e-01
-3.203230997422390480e-01
-2.566539732967121346e-01
-3.020512380398550079e-01
6.911046697836249475e-01
3.894542995767229510e-01
-9.257215635051179170e-01
-9.596299816033768693e-01
-5.350353597234316361e-01
8.756700727278703411e-01
-6.041307924426344567e-01
-1.249767876807084122e-03
4.211780416403465566e-02
-3.328591373633305039e-02
8.387229278151064893e-01
5.454849228864073751e-01
2.248217557636735808e-01
3.244983252715460953e-01
-7.172431022415637347e-01
-6.568651502861631020e-01
2.305879458336042021e-01
1.534269935634966497e-01
6.327526422535076911e-01
-9.452604507717814464e-01
-6.972863708823071605e-01
6.825526213277366416e-02
1.693550293274177498e-01
6.855183874113011111e-01
-8.555763158118869782e-01
-6.720604670015990489e-01
7.188357571832713067e-01
-3.423588743478955809e-01
8.574876469312873173e-01
1.742943077389851325e-01
-1.687892027020110319e-01
1.789985396020761232e-01
-8.759245870970646664e-01
-6.660101016158967990e-01
-7.660923239058612388e-01
5.461817955928669477e-01
-2.559748696106305399e-01
7.160166489662380673e-01
1.665493772412738327e-01
-8.523840066073762323e-02
2.201759925486836966e-01
5.929777565813705298e-01
-4.636448616335051565e-01
-4.289365917741687628e-01
-6.584202747629182007e-01
-6.438701533896453721e-01
-5.824724219536212555e-01
-5.094120493343350375e-01
-8.026257721322973548e-01
8.839473300057050231e-01
-1.687892027020110319e-01
-4.401962228750442296e-01
-1.600806899846887177e-01
6.590430712634764987e-01
-2.934793917063009960e-01
-1.049353922346585311e-01
-9.735765160205773761e-01
-6.674290178888382385e-01
-7.408636226044851281e-01
7.265657217574954529e-01
5.757841080840708781e-01
9.687891262824182004e-01
4.211780416403465566e-02
-8.029233622432183637e-01
5.784179484360274515e-02
5.365729668285457166e-01
2.779789619188688388e-01
2.550573604386572324e-01
8.756700727278703411e-01
7.242181543775314534e-01
-7.181415110708406768e-01
1.172408585053412722e-01
2.754171027159266760e-01
-7.595023932550128976e-01
-5.653424403293849654e-01
-1.788825943291598719e-01
5.313329288509740511e-01
3.698425374352338757e-01
-3.734067300178320892e-01
-2.320097376237222342e-01
6.144898517966654872e-01
9.972967919925894709e-01
-2.934793917063009960e-01
8.290277106148786768e-01
9.235587704798247088e-01
-7.970729362267094942e-01
-8.522303815977614327e-01
5.760093362101970094e-01
-2.626060353504338085e-01
2.509335461476518425e-01
-2.737397419000600074e-01
-5.492128110683447417e-01
-7.155302478224794260e-01
-4.956476100529918494e-01
4.374539146013192159e-01
6.327526422535076911e-01
2.937982411326369725e-01
7.197869433466141942e-02
7.982632515555365682e-01
-5.382401189140508802e-01
7.945833847924321791e-01
-3.178690496186007408e-01
5.313329288509740511e-01
7.375498970388272291e-01
-1.953926172263851235e-01
5.304819591167022619e-01
-6.304243258370831882e-01
-7.291954840411674077e-01
4.104817176396049483e-01
-2.636131769231946365e-01
-4.753870800100421512e-01
2.937982411326369725e-01
4.219880095182746427e-01
-5.298325160588637228e-01
-5.941344719422647636e-01
-8.454812500131465569e-01
-2.488802684190516423e-02
6.800796737745162801e-02
5.103105971290295972e-01
9.747601747930370042e-01
5.070336126721910475e-01
9.747601747930370042e-01
-4.737703291917894077e-02
2.226566863365251336e-01
-5.597195991018713013e-01
-2.763455360678221950e-01
-2.485950769985900699e-01
-4.544955852607968083e-02
-2.162883942337197052e-01
-5.299726352676157326e-01
-6.720604670015990489e-01
3.385277628666130134e-01
8.321822493550219413e-01
-9.090374297325760633e-01
-9.097252452466595418e-01
4.278259182396551008e-01
9.930532172074395536e-01
7.732293626255259955e-01
5.221261715695202366e-01
-7.832767254924659639e-01
-3.696302359162808582e-01
-1.825482166438898712e-01
5.103105971290295972e-01
7.197869433466141942e-02
-8.680632334337083922e-01
9.972967919925894709e-01
1.070308786617450991e-01
-9.625382270116842331e-01
-3.416074358536018707e-01
-1.959632772647728061e-01
9.318850292977536309e-01
-7.072519075060381688e-01
-5.227824091360231407e-01
-2.872916154751641304e-01
-2.528508272193505935e-01
-3.723032521299329822e-02
3.234646450712754806e-01
-9.735765160205773761e-01
4.760116797054150251e-01
7.432367825987413745e-01
9.582697968086624218e-01
3.497361048196270250e-01
5.760093362101970094e-01
-8.572517284632323875e-01
-4.777682541917191994e-01
8.290277106148786768e-01
6.505556498103681751e-01
-5.382401189140508802e-01
-7.072519075060381688e-01
-8.600389467983826641e-01
1.089269133059180827e-01
-5.735885069055361996e-01
7.376198547213705936e-01
9.744082141161765076e-01
-6.617573978193014295e-01
6.099324865122128791e-01
-1.208684412990757018e-02
-5.111228804245451229e-01
-8.915725363543693938e-01
1.037357734085897487e-01
-9.596299816033768693e-01
6.703225861761685778e-02
-5.928415725222457855e-01
8.492154959283571003e-01
4.517433888397146546e-01
4.374539146013192159e-01
-3.772531399704401878e-01
8.673689180759380779e-01
