-1.720795764289076990e-01
2.599150898549958733e+00
2.553333041749650700e+00
3.588133515331055623e-01
-9.623620375521817483e-01
1.002536977592897172e-01
-7.566230994861000703e-01
8.793156226870918468e-01
4.722298142959767686e-01
6.023387612616537545e-02
2.038370733749305330e+00
-1.863364263169725032e-01
4.207673022722453471e-01
4.572514288475820754e-01
6.766831424021586550e-01
1.391522962747015146e+00
1.991132938654988971e+00
4.454372719025729843e-01
-4.557020809503400383e-01
-3.350886891499594289e-01
1.339725440887999719e+00
-1.766696488774706086e+00
1.021136327611446681e+00
-2.415722139502741506e+00
-7.383436340147082610e-01
1.891665179309260925e-01
-3.070316609911103889e+00
5.903012071290802965e-01
-2.163752931902254595e+00
1.708512396844761305e-01
-6.824774821292062255e-01
1.587280633610623770e+00
-4.323808810909241629e+00
-9.831917813485957502e-01
3.778969317442557596e-01
-1.730274445803346328e+00
-4.340127832541229580e-03
4.280190440091149462e-01
1.594683049945203823e+00
2.299785610508178646e+00
2.483403016736629165e-01
6.998061480913846388e-01
-1.562032623508223139e+00
1.705039494554388746e+00
-1.062068765368361589e+00
7.572161402162851385e-01
-4.739305219071506259e-01
-1.969713891978388531e-01
-6.356290800696984267e-01
7.333134294010480447e-01
-1.177421740784901250e+00
-8.963148436982697476e-01
1.426755573224781859e+00
5.051628997647157338e-01
2.842719366848009077e+00
9.979953120363797003e-01
2.329048689918876036e+00
-1.577222457608902229e-01
2.707617521516529457e+00
1.181753381152902627e+00
-2.360426449723835862e-01
1.252462010634020517e+00
2.526384625622188906e-01
3.048358354312231899e+00
2.145375409972070102e+00
-9.292839014188134517e-01
-1.676943835405230621e+00
1.789326363417602428e+00
3.186856798436958904e-01
4.066368654554728956e-01
3.014360160072309114e+00
2.782620533504165827e+00
1.281833307179587989e+00
-6.376938210830743747e-01
1.731108483556274447e+00
5.658518527062990078e-01
2.062059671669276284e+00
-4.816249320609607976e-01
3.990353125370762477e-01
-2.394781518646190044e+00
-6.622383301487650975e-01
1.909865349385819755e-01
2.157732110733395992e+00
-3.384396032099861173e+00
-2.303335200595217014e+00
-8.371628372057531298e-01
2.395337831534481765e+00
2.203870592708817355e+00
-4.649335111068728654e-01
-1.994969160492815030e+00
-1.345408343748331514e+00
-6.635756822979856917e-01
-1.592838483402679417e+00
1.885950188514167181e-01
6.456143435385974794e-01
-2.209806885992055214e+00
9.435813860865480684e-01
-1.525046111016882033e+00
-5.862488079301187982e-01
-4.861524562364608060e-01
5.664047251440433861e-01
-1.557556668950810241e-02
1.561514001802196683e-01
2.759072762683181801e-01
9.866893799821760958e-01
4.101730155467938843e+00
-2.715295434579736433e-01
7.493813825215809299e-01
-7.511873481704833821e-01
-6.800936012503187023e-01
7.989713059869758549e-01
1.158310466795476334e-01
-1.837063400643063726e+00
1.447209678859803006e+00
3.165682149655534960e+00
-7.848362063267002586e-01
-1.723038935426337570e-01
8.279759193065179268e-01
4.296519049970550785e-01
-2.394654752980935442e+00
-8.274944429462942619e-01
-1.193147176317070457e+00
-1.859902983680664201e+00
-2.979816223840362710e+00
-4.901071733627615501e-02
-8.606361463768943398e-01
-8.424283199462428984e-01
7.218106911674025961e-01
8.711865347045431029e-01
2.339674315799438187e+00
9.206811612593446270e-01
-9.130820812361077898e-01
5.434815653725846851e-02
-3.845448156979408338e+00
-6.210797182339609090e-01
-2.213785322269536060e+00
-4.092101804982187785e-01
-3.962201633068351825e-01
6.041262507127562742e-01
7.167263763024920298e-01
7.074297658928618837e-01
4.335294315960343536e-01
-1.639255917156605680e+00
-5.498913066609782963e-01
2.889044781815663043e+00
-2.289835544165261805e-01
7.269787515060546212e-01
-2.507004290529194490e-01
-1.455913997391173886e-01
-1.809597241992709993e+00
1.071106113528462966e+00
2.385366650176348746e-01
6.805753195213627427e-01
-9.981016589669853278e-01
1.288094671220523679e+00
1.491635064492094154e+00
3.011620066510086957e+00
-1.427496614324057056e+00
9.592991050313386392e-01
-3.310192545434119671e-01
6.584807852232854586e-02
3.394421936539240292e+00
-9.330838567547687923e-01
-1.901014511272827612e+00
-1.112511559255117799e+00
3.284062190184726671e-01
-7.132136731421443443e-01
4.409270795423595457e-01
-6.824259014300622095e-01
1.003659090048666158e+00
2.038220183415773157e-02
-1.310966788896656743e+00
1.147698841712476048e+00
9.664692421864404803e-01
-1.866450987865809985e+00
1.463302399463363601e+00
2.040649428169740709e-01
6.898448120291789110e-02
-1.351776808492501925e-01
3.638564817692666598e-01
-2.108388422971333220e+00
-1.780670663067371429e+00
-1.840146676033156847e+00
2.446121299095053825e+00
-3.563616739591326077e+00
-1.428939638250787070e+00
-9.089638553323318160e-01
-2.746908504932515704e+00
7.558677346009186060e-01
-3.968995051606662994e-01
3.633241871464893080e+00
1.158501410267883891e+00
-8.494442419919494558e-01
7.349524985430808677e-01
1.174441342275529987e+00
1.751001937998330593e+00
-4.638460960025780899e-01
-3.896786399082638463e-01
9.746272008322012237e-01
2.986176252381601559e-01
-3.612042231862885089e+00
8.687105294361276986e-01
2.319509753776458627e-01
1.548726375284289913e+00
-4.625826452474908201e-01
-1.572153893968415428e+00
-9.217306118880180810e-01
2.913824853683439908e-01
-3.770968854025185113e-01
-1.419568698664195328e+00
-1.074813236176448195e+00
1.901974862591937931e+00
-1.879808147511380145e+00
2.401634302695074830e-01
-2.769354475531240922e+00
-8.761097772012702567e-01
7.197394584966230191e-01
-2.505271948345106026e+00
2.021381214410969740e+00
-1.975029675994013800e+00
-1.712559073147883471e-01
-9.599421410642546837e-01
1.177663213455684699e-01
3.406192043671283920e-01
-3.754505516372710350e-01
1.473121765816056472e+00
1.814619141309537165e+00
-4.859542383820367739e-01
-6.608145865945292963e-01
-8.985467395334190144e-02
1.864569112406554874e+00
-1.487888820672163548e-01
-3.481413786891612849e-02
2.372499030430934575e-01
3.272998121772607849e-01
-3.366279447496918209e-01
5.363685709164435211e-01
-3.269463500613065676e-01
-2.031702974935310491e-01
1.299554143489236591e-01
1.271198369782259086e+00
1.008257719240919226e-01
9.280793387985822318e-02
4.365232770533363116e+00
-1.036181072589852814e+00
-3.723391601470060763e-02
2.214628221886654647e+00
1.260251846897341821e+00
1.523377749892204092e-01
8.670228817910352603e-02
2.015628124033308488e-01
6.800451728555561015e-01
1.025314325598286169e+00
-1.023976344318918708e+00
3.687414830742232752e+00
9.926487907554656376e-01
-1.175896205000836581e+00
4.841679998973450472e-01
9.770116367394161561e-01
2.354892240778975854e+00
-2.872648383891075685e+00
7.897380241378311183e-01
-8.956209690460916750e-01
1.410406083563973345e+00
-2.466363679279797161e+00
