-3.935264732264271981e-01
-5.841747283655507328e-01
-5.265754750046507393e-01
5.311393651046434350e-01
5.947336441423440867e-01
6.774158398065210918e-02
9.873747295317261141e-01
-7.525263192799793721e-01
-4.864712936629944640e-01
8.306464557909885027e-01
-7.132731607483717706e-01
-6.020930879245889322e-02
7.377288736370684052e-01
8.577989525581557473e-01
-9.172498351169415809e-01
-6.977635362801781760e-01
6.170330021780312535e-01
5.172222147977980633e-01
-2.394129228756205485e-01
-8.452611416929083354e-01
6.478764317079965807e-01
-6.092038435752262782e-01
2.393912944682923261e-01
4.872673027160137060e-01
-7.635777710691327158e-02
-7.708018670902216929e-01
8.159613847232385364e-01
7.721164592260767456e-01
1.168981489330602752e-01
-9.741155910317993438e-01
5.467271375042581649e-01
7.917247578370916195e-01
-4.746868882019383840e-01
-2.645908622222343798e-01
9.829213051803376011e-02
-2.167729547292416292e-01
3.598775476315996258e-02
-5.174864516317532193e-01
8.539398560776121361e-01
-3.974827499203990033e-01
1.402702570167537743e-01
7.239130716974715440e-01
2.565570480811500964e-01
-5.681339553796618258e-01
-9.505615486746306075e-01
-5.892116376505747155e-01
5.834071858946854316e-01
-2.671670142775681711e-01
-5.789084400293715849e-01
9.654082096206335617e-01
6.201343132592158636e-01
-7.616664223966180813e-01
-6.745214713519349647e-01
-6.458140728774577344e-01
-2.603964992035383563e-01
9.954082947729037123e-02
-3.571650062235878220e-01
2.581353984310859051e-01
1.046409283715989957e-01
7.902239398487891364e-01
5.127342948223383434e-01
-2.892047431077338082e-01
-8.820006968857718732e-01
-2.529002328422069734e-01
5.299412870066917414e-01
8.068026266010135394e-01
2.090038968615428594e-01
3.816362967191866407e-01
-3.327486678390374486e-01
-7.859515009686535159e-01
3.577698260032713407e-01
-1.427063797277230428e-01
9.778517058724947031e-01
-5.978065841905939592e-01
-6.655675929644733202e-02
-8.048266794479392860e-01
-6.141983148845771012e-01
5.757232268104583994e-01
3.665201600434921936e-01
6.419616638875502712e-01
8.572125838710293877e-01
8.934715276386751004e-01
2.053436728960762458e-01
-4.676754308163209028e-01
2.766244144685137130e-01
-2.319584315388454332e-01
2.885182081969894785e-01
5.553677762586979316e-01
3.389532692978791673e-02
-3.221288420638386274e-01
4.013313382536858320e-01
7.453519666946828437e-02
4.682997294041308933e-01
-2.790531573680425925e-01
-1.706862229325101232e-01
7.901229243686072046e-01
-7.782704046283743793e-01
-7.261862560164846769e-01
-9.747831039668670705e-01
-4.295908272325932309e-02
-5.361955946538010664e-02
-2.764328997811602573e-01
-9.910976078784399235e-01
-8.637629158424737774e-01
1.513944179718738070e-01
9.484014941747145322e-01
-2.686773255158605433e-01
-6.854340826558498190e-01
2.714521373793765679e-01
3.078857606596216989e-01
7.953705815718556948e-01
7.943636792168726757e-01
-8.763589450186319851e-01
9.222964701984213143e-01
-2.785379276964807804e-01
6.210386858821541622e-01
-5.952721998158185812e-01
7.028180346846180093e-02
-8.632135991876777048e-01
9.924661705579596038e-01
-7.644484592975422377e-01
-6.752555502706691914e-01
-7.477776908888489338e-02
-1.659034440698088364e-01
-5.552566849465516707e-01
-3.925174942977052162e-01
-2.193354817815815760e-01
6.123216142393081984e-01
5.358733097005297097e-02
-7.944420029941143824e-01
-3.222716773747515973e-01
3.538205887830438989e-01
-7.662132314757701401e-01
-6.774297672292448613e-01
-8.934847978627478149e-01
4.074933506707896225e-01
-8.895310845937731692e-01
-5.505852656113228161e-01
5.143733688756535471e-01
-6.782165067507064382e-01
9.551917543634385055e-01
3.556163028304606399e-01
8.195505479638716118e-01
-6.671402296878305993e-01
-8.675136668631309167e-01
-7.632879953421292107e-01
-6.711383520215596921e-01
-3.029501227148252429e-01
3.550826720137025827e-01
8.608250380910777988e-01
-4.669067282377521444e-01
-4.960595946479340324e-01
6.929436691750983091e-01
7.615659224594837351e-01
-8.196065221932924416e-01
-1.752087664688661839e-01
3.171708067833638456e-01
2.758552470662547496e-01
8.681390302984071106e-01
3.039297163394896195e-01
4.826986446650767260e-01
8.695190921702846687e-01
9.386769382856665622e-01
-1.568272828638752614e-01
-4.782524721771006515e-01
-1.369728245560342117e-02
4.901949705066286356e-01
-1.679311086103860706e-01
8.633640110955276281e-01
-6.450662970471425783e-01
8.856832026807723857e-01
-3.401461657509345926e-01
8.424266703901333031e-01
-3.929004264047331052e-01
8.588790232125864677e-02
3.310771793755107328e-01
-2.087416506726553767e-01
-8.533453506477326478e-01
8.157833122274420479e-01
-2.967198426785149223e-01
-1.273671964175662197e-01
-9.805656840825245357e-01
4.693592259417580514e-01
9.829044642594630954e-01
-1.955654347798474468e-02
5.315759705443439120e-01
3.258252831515160430e-01
-5.199514141887917607e-01
2.385928586054353318e-03
-4.163622308438703623e-01
-1.767511236134753361e-01
5.762278521899366623e-01
7.909377920937756823e-01
-4.654825161850939530e-02
-3.040134716267537396e-01
1.398296556235363308e-01
-7.511914295505150996e-01
1.504604840048731074e-01
-5.881336541930894946e-01
-7.957188475652170467e-01
-2.796525454817322398e-02
-1.750651804021894353e-01
9.122915096293395809e-01
-1.726920202797301851e-01
1.039902996624286757e-02
-7.697048141547495614e-01
2.424456156522141193e-01
-5.037176453561713618e-01
-9.211485682304718647e-01
8.822492566603803432e-01
4.975642842179017755e-02
4.986390220391763162e-01
9.112293548714023306e-01
7.483370076000253057e-01
-3.671482936606766945e-01
-6.290801677475703624e-01
-9.986383742344397962e-01
3.258549956075598164e-01
3.423836727250129108e-02
-1.899026618707702063e-01
-1.870887629717661316e-01
5.545795222358327337e-01
-7.770624839462396682e-01
-5.373093346458479580e-01
5.530605802208297117e-01
-1.006615455530894820e-01
7.587363241093407762e-01
-5.407677935334529451e-01
9.770490994328087098e-01
4.926739320748789730e-01
5.495580972132734221e-01
-8.585869651469069108e-01
3.571006711158315472e-01
-7.839338096861383498e-01
8.179757281707220606e-01
-8.822367287813799308e-01
-9.287076554378608240e-01
7.755498364089492558e-01
-2.070618588648360792e-01
7.346171069691136424e-01
-4.804731827079149475e-01
-6.086249798882608086e-01
-8.260301833736041210e-01
-2.596093126507119653e-01
4.550551098118904569e-02
4.738969740812559728e-01
-7.113225724217686619e-01
2.617657293398854002e-01
-9.368691362675107825e-02
8.720211141435327828e-01
1.665871067889783674e-01
4.936089432154713297e-01
7.627267130516113269e-02
9.859601176316183935e-01
-2.514660951040030845e-01
-7.777783851249409075e-02
3.195299529286166340e-02
-2.296829895239094199e-01
2.801883252050769713e-01
-9.774177965809063284e-01
-5.717483894976369552e-01
9.193820846505498245e-01
1.624219832043145573e-01
-5.670908982354332384e-01
9.382446143796934201e-01
