-6.946848510264052035e-01
-4.831412626581843561e-01
4.561484502178845268e-01
2.115422503725088443e-01
9.558028338389177314e-01
-9.167548082065213322e-03
-9.137055806315366180e-01
7.813397962099932759e-01
7.288470954314099082e-01
-8.349859451061305560e-01
9.632815612736718158e-01
-9.070687201728164784e-01
-5.335498543837895458e-01
9.553574919556904188e-01
2.747873154611655266e-01
-9.884823381975123002e-01
8.025535332624764706e-01
-3.417921629440852094e-01
4.091565137710095890e-01
-4.802440159918597296e-01
-1.527538651005961867e-01
4.549094358231553503e-01
-9.464518894408195937e-01
-2.702181011648703279e-01
-7.700931706299651847e-01
6.720782796674260595e-01
6.571298082808512131e-01
1.785177341316090960e-01
5.281712943767096213e-01
-6.291507141970420491e-01
2.275474224421980551e-02
7.184665781727197498e-01
-1.714206869037195879e-01
-3.387182681980105414e-02
2.422360092930238018e-01
-2.791487821607356867e-01
-9.751273122470682786e-01
1.736191247961134110e-01
-7.534971890503265879e-01
2.113056134100352867e-01
8.317200765500554205e-02
-2.012511507904206631e-01
9.044497480151769686e-01
6.186567562831422062e-01
3.120189155671331260e-01
5.611010412293280236e-01
2.757195315179339357e-01
8.465638923771070523e-01
6.608712595806445211e-01
1.344809116847056618e-01
3.136256864790381016e-01
5.079464003982538944e-01
9.352373431506517676e-01
-2.960111373036835580e-01
6.504261615821826936e-01
-7.289651823411691378e-01
7.334189137390778601e-01
9.345797039432999220e-01
-6.431861804479408473e-01
6.672539621130741949e-01
-3.711102856475163581e-01
5.412344194098437367e-01
-3.905188698834547445e-01
-1.567189613813804172e-01
-6.039070885694204360e-01
-6.549479684492292009e-01
-8.512556625920171260e-01
-7.118684579839202886e-01
9.592829492374062017e-01
-5.259205014365557762e-01
-8.014304612639018277e-01
-2.749924702920327757e-01
1.112900809556023329e-01
-8.796850990149549521e-01
-4.882848599606843809e-01
2.285127723138624667e-02
-3.223830287321254318e-01
5.039429328957509835e-01
7.547743678729692540e-01
8.696094011018342673e-01
5.076915442466947148e-01
3.949857235966021118e-01
7.126839302137488730e-01
4.290094829771642360e-01
1.387539467014773376e-01
-6.596799678163414171e-01
-8.100081195166826120e-01
6.677963608557813124e-02
-8.809106320332498186e-01
2.242450329235741169e-01
3.563201856714739435e-01
-6.227467845816874181e-01
5.875095187107131078e-01
9.875415248629038079e-01
4.798623588569219667e-01
-7.153189670753998808e-01
8.987106305201140177e-01
8.656060315516975745e-01
2.676498640009747909e-01
-2.818614057395181227e-01
-5.285045996521993139e-01
3.420242422774273372e-01
-2.791766737106411433e-01
-9.479077542028746528e-02
2.653734427899145931e-01
-9.314630140961854821e-01
8.075690606957004469e-01
3.900431458509279192e-01
2.479536235860508864e-01
-1.131731989987478926e-01
6.552923719859187202e-01
1.676219055552148340e-01
-1.989668532449648808e-01
8.488308561569108956e-01
7.374547243631521809e-01
-1.144325466387985379e-02
-4.294275689066764379e-01
-4.211197098298880004e-01
1.589763154530474676e-01
-6.642976396867412703e-01
-9.953007144790104732e-02
-4.893375080928099585e-01
-4.406960716861052507e-01
-3.266708599546057634e-01
1.724458971505409277e-01
-9.537871272777820320e-01
9.821951645793927099e-01
9.501591856286872861e-02
-7.577669162815414694e-02
5.989945502602100902e-02
6.157119399835520035e-02
-8.213765798574512722e-01
3.363178920122846804e-01
9.277864833020790236e-01
-2.598823274804871186e-01
9.248368265259805376e-01
-6.024802399753668158e-01
-6.691285121775947253e-01
4.248827735689268970e-01
-3.959039086025422094e-01
-2.673803621340153924e-02
-8.783013875471650245e-01
2.104299269428584473e-01
5.646772543907079278e-01
4.709422729628758297e-01
-8.775782876366844398e-01
-7.050778402438322434e-01
8.092169257882453337e-02
-2.740626861901263034e-01
-8.840853536048220995e-01
-4.950962422938585128e-01
-2.939758003876831172e-01
7.483326399459893086e-01
3.723677018586912801e-01
9.579472599310951964e-01
1.048876611750273469e-01
7.632531072454740162e-02
8.574979262980000350e-01
-4.565045250954944400e-01
-9.319584944917853608e-01
3.782920744437958671e-01
4.248354682005066607e-01
2.499768789842102823e-01
6.761036913101439172e-01
-3.492752862723202956e-01
9.670129920022425551e-01
8.451891404680074160e-01
5.008953633595982780e-01
-6.998429075899541552e-01
-4.793458381626283238e-01
-3.885419002422458856e-01
4.584880360532488375e-01
9.152980615927084340e-01
7.547099715231093686e-01
2.632822088843145281e-01
-6.889671892491022742e-01
1.538063988038040897e-02
6.081405394496952610e-01
6.687194367668982675e-01
-1.528829054758351624e-02
1.243300552867925290e-01
2.716148537527380835e-01
7.249582488424601845e-01
8.043495912909603973e-02
9.384852586483869441e-01
4.669090440539800380e-01
9.604846921718979136e-01
-1.626727399994298828e-01
-1.428128064567866229e-01
-3.263130382752446046e-01
4.193552901220096718e-01
3.491561346341860439e-01
-8.583299015135121834e-01
4.285953968140054915e-01
3.701617533767611601e-01
-7.817522617199152979e-01
-6.168340342774756291e-01
-3.768969232183418949e-01
-9.988572903449361995e-01
-9.271850690760550240e-01
6.336760399216938566e-01
6.500178023673199856e-01
-8.605534476658047716e-01
-6.759533128877985853e-01
9.313693851699451631e-01
-7.030901164007885562e-02
7.584595472339370481e-01
7.717735570721055982e-01
-5.851600944869657095e-01
-1.766458284897771680e-01
-6.268787616463598056e-01
-3.540323304350858624e-01
8.298313246122068776e-01
-4.712541891342003630e-02
-6.599491585979309072e-01
5.612258126899138944e-02
-3.966488083945636234e-01
7.030750825058185161e-01
5.770731883843001064e-01
9.311303374662625032e-01
-9.119602387272183197e-01
6.899310191384546709e-01
5.177163368229291684e-01
4.595960029778758393e-01
7.907487932361276783e-01
-5.207027902324283808e-01
5.880282191459682561e-01
-9.646128053583438167e-01
-6.190471997171975715e-01
6.952254564541775483e-01
9.455551621153075459e-01
-4.239066939652849086e-01
-7.796433058003848782e-01
1.287317532093543715e-01
6.430565743704759196e-01
-8.772215633737190377e-01
-6.657454187228648568e-01
3.653101046171558508e-01
-8.509166994354733227e-02
-1.080199399556951434e-01
1.517187765649194997e-01
-3.540075969604119521e-01
2.392117411229568447e-01
2.437502017729307191e-01
-5.332706206555353212e-01
-7.196064724609652075e-01
6.891258250140248620e-01
9.528806123795785510e-02
-4.245525356946133755e-01
3.240037597115308365e-02
-3.369078953072646154e-01
5.067162769185047377e-01
-1.214374089336436313e-01
7.980944054378351638e-01
9.993184688127341175e-01
-7.549941571190419420e-01
-5.510110258017071327e-01
6.312689554521235813e-01
7.890337596984156043e-01
-5.658391313953006208e-01
1.363827466492537610e-01
-2.495442329936707893e-01
-2.128526712973046742e-01
4.363464122188860372e-01
-6.321886829258749341e-01
