5.928595475295783679e-01
-2.869549435641507440e+00
1.718750911175083607e+00
-1.070991232351591993e+00
-7.624970552446175276e-02
-2.068549501177462169e+00
6.477021770413100565e-01
-5.682716694718097372e+00
-1.029343539563234211e+00
-8.377954276591099703e-01
1.257128163141194799e+00
-1.618835784617583817e+00
-1.370685558968323559e+00
1.525862118553911184e-01
5.274854342506417604e-01
-2.893502040195466307e+00
-1.137924271909769747e+00
-1.758321544483938847e+00
-6.056538919002736332e-01
1.717152850790443219e-01
1.012736988756080259e-01
-1.570356651065878184e+00
-5.078580208369816162e-01
-3.297108056340011251e-01
4.249473584946561466e-02
3.731659081565452674e-01
-1.996336830003025975e+00
1.827564758610971785e+00
6.753038653833358662e-01
-2.397998241606942582e-01
-3.091229794284964250e-01
5.071684868825585557e-01
2.716688377652229480e+00
7.184590459222428560e-01
3.825555698614828692e-01
6.887066044557599298e-02
3.148968235229082424e+00
-7.833587840580096273e-01
1.539655187205668518e-01
4.173977186431228059e-01
6.084182708818438590e-01
9.796749000454741951e-01
-1.128996042866134975e+00
1.240736918006397627e-01
-1.111784274327658473e-01
3.092435083174661092e-01
9.589432750808596362e-01
-8.494344930071837663e-01
-3.252581434622234369e+00
1.254345092717166210e-01
2.113024761032875176e+00
6.146368711560297182e-01
3.239072582473867534e-01
2.647081407950282461e-01
-2.011067239453825373e-01
-6.342595075235578639e-01
-1.769185955375605079e-01
-1.284672600131377518e+00
-8.220722361146717283e-01
2.086217408189292855e-01
4.026260156994199590e+00
-8.514275814428473588e-02
7.637191176981721341e-01
-1.744723134379100316e-02
7.763668391102659383e-01
-2.215749933190278576e+00
-6.149608267079493817e-01
-5.541169298914816466e-02
-1.332424912121044080e-01
1.091003837837341006e+00
-4.354106176924050331e+00
8.696242234360134216e-01
3.404468349555787587e-01
-1.609407146590392967e+00
5.604429984621794869e-01
-7.289745606614206341e-01
1.229798525728134084e+00
-1.547493813712458754e+00
8.523274680686296900e-01
-1.263410496060514365e+00
-2.035671463409332582e-01
-2.027278720892901287e+00
1.141824976837875427e+00
6.521054219971060828e-01
4.105880460097971474e-02
1.111195493863189832e+00
9.329934072367860320e-01
7.605969904302302131e-01
2.920178307510803428e-01
-1.960281333988141972e+00
2.918599732798417001e-01
-6.585905560033418205e-01
-2.943894390418468010e+00
1.544355306591936206e+00
2.913778174230392537e-01
-6.321508325715630150e-01
-1.752969653102902647e+00
-8.953857630446029336e-01
-6.440560746124111002e-01
5.172503581984979615e-01
5.818026595245094912e-01
-1.900662999471457448e+00
1.390096621299591106e+00
1.408865240882129610e+00
4.778217208415262984e-01
2.098283471435589576e+00
2.375886852630064716e+00
-6.241342231427772225e-01
1.809582142786967385e+00
3.217589917944586375e+00
-1.636762492449792772e+00
-7.172263696939682465e-01
7.285624834188986210e-02
1.991923659766888344e+00
-5.053030423772522095e-01
7.082396230100495016e-01
2.852733887344520713e+00
1.026042206456879047e+00
-1.145043691375772221e+00
-2.878381709352695772e+00
6.616360057451781129e-03
-1.096485310214532216e-01
-3.803178526259157977e+00
1.979905834005671439e+00
1.435434492835208742e+00
-9.933721122734693321e-01
2.582556155485971061e-04
-1.021848581377252874e+00
-1.398348233817220843e+00
-1.266878297821679711e+00
1.355538253626014322e+00
-2.716006329062196745e+00
-1.063861462152010828e+00
1.379044653231886741e-01
3.103235909682043325e-01
-4.393631455418162135e-01
8.834124068982206479e-01
7.407045156258572627e-01
-2.943205188211162060e-02
-5.638087430558185176e-01
-1.610170529720451604e-01
-9.032807307005670250e-01
-2.410288432245212942e+00
-1.712352479328398402e+00
-7.206037277795824814e-01
1.209143317441684351e+00
-9.738068838393484361e-01
2.795325717207951310e+00
-8.830993668243185546e-01
-1.499356868756446248e+00
-9.757648693097610293e-01
-2.296219470684978781e+00
-4.394283853358328384e-01
-1.217859569773518169e+00
-6.488237966272660806e-01
-9.199582225898228494e-02
2.011974657002111311e-01
-1.131473074643754462e+00
4.514616792003065537e-01
-6.025032799043340548e-01
5.756503181540340019e-01
1.327918905451478615e+00
6.251509151833267719e-02
9.395343585807824915e-01
-4.793584740650565501e-01
2.156863895716767676e-01
4.396107238864772171e+00
-4.250460196295303694e-01
9.912379955492491845e-01
-3.048618504603219925e+00
-2.662723248845750290e-01
-3.472175190130154521e-01
-8.108608364065832408e-01
-8.580469350006656448e-01
-7.182898592826627571e-01
8.024029412971291908e-01
1.711022901537651020e+00
-5.114340353059940725e-01
-3.035504726995745806e-01
6.248063655898841162e-01
2.543745560292309804e+00
-8.089366476573917053e-01
-4.505593527482094629e-01
1.684251017590989274e+00
-7.096919416772727862e-01
3.060383950830736222e-01
-1.801270922571141520e-01
-7.394941993228831834e-01
-1.587709953720826683e-01
6.755443406183538890e-01
1.262482940456511660e+00
-1.732560589510536708e-01
1.649127260541366269e+00
1.516245093601379601e+00
2.801910120487510092e+00
-1.220491837267760005e+00
-5.845578971976578275e-01
-5.619557153920364811e-01
2.831286872869767990e+00
-1.569026057332854274e+00
2.318015160024092136e+00
2.376502221308880447e+00
-8.402708181674933829e-02
-8.596231199292272418e-01
-9.903419737145358059e-01
1.639582699543743693e+00
2.155070508670228424e+00
3.991835531552134775e-02
2.075138381790686992e+00
4.215727740803331125e-01
-7.495628617738507860e-01
-8.324917604128012627e-03
1.031118496775375259e+00
5.821921294701901672e-01
-8.142517651473861751e-01
3.978246319997644775e-01
-5.295770586432440030e-01
-2.202534385172882914e-02
1.953697344924762991e+00
5.703988579137657666e-01
1.189091519717342837e+00
2.971725716285420482e-01
-6.737485957341042830e-01
8.418782200729617582e-01
2.669735884296962958e+00
-3.498559892067232280e-01
-2.388427456120068015e-02
2.086241500910868574e+00
2.528789054883627152e+00
-3.857769576970615510e-01
-3.335886694792500773e+00
-7.104630334018153803e-01
-1.481569449349217360e-01
6.054888569019449829e-01
-3.157942151097760330e+00
-6.504015927182149603e-02
-1.959841396586914364e+00
-2.177340739484137977e+00
2.806382889960412186e+00
7.330841011374511496e-02
-2.822515466652091298e-01
3.997861002937523889e-01
3.183108360693072569e+00
-1.202242776633930088e+00
1.328393104537929581e+00
-1.036605589669707506e+00
-8.468499000722679027e-02
-7.111313400937142593e-01
2.338818973312953631e+00
2.327066827738339505e+00
3.955972420278843771e-01
-1.771286543247140965e+00
-2.151812774215991375e+00
1.888369671410837780e-01
2.804018728832521568e+00
5.799086528560952747e-01
8.819108700951050483e-01
-4.506955180608586686e-01
-5.824542249131889893e-01
8.733818194428104587e-01
-1.363701577764298456e+00
3.478969605205084470e-02
6.009524861391272177e-01
-9.478812527804976185e-01
-8.463839072777357142e-01
