9.690336533277790210e-01
-3.477100438890230460e-01
-1.223652593940334210e-01
3.579823858426147698e-01
8.689462967913814673e-01
5.066759813337506912e-02
1.581519066557222075e-01
1.961549642148394668e-01
-6.886000955372695298e-01
-3.824667493041717936e-01
-7.110023323501177828e-01
2.439507544083043822e-01
-4.433308626595273694e-01
-3.664069278202237712e-01
-1.776938778983270240e-01
8.355969286165998433e-02
4.645690465490512899e-01
1.705723018693783288e-02
6.139961180459978518e-01
2.822275713414239551e-01
-5.622361302564289343e-01
-7.479086173498037393e-01
-5.772456642994150400e-02
8.858884312316739340e-02
4.166415212167458026e-01
-5.002122280311758207e-01
2.360979424752773781e-02
4.980068985887546873e-01
9.712640446686588991e-01
6.275385926221301869e-01
4.995306348675971897e-01
9.218595667161966212e-01
6.301249759044738052e-01
-4.384026253271011697e-02
8.602460907968461079e-01
2.076479228486971529e-02
-9.694639109100529062e-01
3.512001771858754839e-01
-5.382007861911095592e-01
1.470170915668580491e-01
8.166652181217104456e-01
-9.868607656884973434e-01
1.745220662461570704e-01
-6.225340617066277282e-01
-6.255737406967329939e-01
-4.508355044143366186e-01
-3.656487402573556089e-01
4.225482811776009040e-01
6.482878544201324811e-01
-8.059450435548194402e-01
5.153421395451454057e-01
-6.833895256531967721e-01
-3.057256351329999955e-01
3.890493437835098600e-01
-1.924466398857656024e-01
-9.529383695029141066e-01
-9.333767679260678296e-01
1.345125413636760747e-01
7.035758959401288148e-01
9.746828168632633016e-01
-7.061600576778597205e-01
-8.015177964200799199e-01
-6.429246255397271792e-01
-3.549653035087407815e-01
5.361224468299894408e-01
6.708731763966715445e-01
4.182612116135608904e-01
9.359450708491079407e-01
-1.140206286413425474e-01
8.048818916807976009e-03
-9.553956909717433721e-01
5.093907904295709166e-01
4.780339637315267343e-01
-4.379559523864400283e-01
-8.458062838917146387e-02
-6.485459202780390342e-01
-1.242427848680769387e-01
-2.996516852142305787e-02
-6.605091739355364311e-01
-2.329884606148941995e-01
9.027172618132579540e-01
9.699491496438095162e-02
-7.566246737302062542e-02
5.891093116160330823e-01
3.115923952085979387e-01
-8.228679622861789777e-01
6.611361243303339741e-01
7.015113024930184071e-01
-4.659178617161885416e-01
4.026093615517953861e-01
5.430189303851393756e-01
1.936189202721514402e-01
-3.967740249836790856e-01
-5.137102251632639227e-01
3.127222915241474333e-01
-9.650024903071889870e-01
9.445600521643984226e-01
-2.331410159616928990e-01
7.725654164156769976e-01
-9.902901033525914887e-01
5.066759813337506912e-02
4.438741084348236665e-01
9.403196437498804183e-01
1.215321156426447669e-01
-3.613186721129713064e-02
5.605656901013356119e-02
3.071414509130643289e-01
-2.584096664950257249e-01
3.018975506036414291e-01
1.070156109406403822e-01
-9.898267693822804247e-02
-5.451848563047139162e-01
-2.090791109614664744e-01
-3.720834576959699547e-01
2.523095834219033495e-01
4.037115870822354236e-01
3.529433267800909935e-01
1.593176191038885303e-01
-2.088466298199531668e-01
-7.064518466014355624e-01
8.148400401012474425e-01
-3.086977589288686374e-02
-1.648704951979407252e-01
-5.968743805992391405e-01
7.324696804310795173e-01
6.058122543228787737e-01
7.792617453448225096e-01
3.129784012046128439e-01
7.207257149743260261e-01
6.386194517640910728e-01
-6.054231450676961224e-02
-5.282626664685792228e-01
-3.584935383320320135e-02
5.763876366781517380e-01
-5.834621373165416180e-01
-5.622937099358051860e-01
8.777744311477655437e-01
5.708013885671272547e-01
8.908711512210485406e-01
1.365621930833789133e-01
2.809919719718170228e-01
9.746837479746621735e-01
4.857915618611567954e-01
-1.424193267952713615e-01
1.338423605134095862e-01
-3.321698023608303796e-01
-6.851919454277963784e-01
2.611034268339322839e-01
7.159197425504391088e-01
-7.904863637833383638e-01
-8.704463876480432738e-01
-5.605480457857394683e-01
-5.868472252421299551e-01
-1.352475003684465715e-01
-6.886000955372695298e-01
4.066091276998173853e-01
9.400747399026780915e-01
-1.469649886150015128e-01
6.288597478910700200e-01
-8.856003640810907740e-01
-8.005024794385933173e-01
-7.944896010466973024e-01
8.296245711457157501e-01
-6.310912678978399803e-01
1.528633889405235369e-01
5.778856490801946855e-01
-8.895429472833427109e-01
7.349491717862117746e-01
-6.189625459456857826e-01
-5.112113690871586957e-01
9.300205658913660578e-01
7.471635621084398160e-01
-2.428201805697249860e-01
5.720485943184949740e-01
9.577587233912203679e-01
-5.334030816231651873e-01
-5.588978916011955178e-02
-9.355699034046349727e-01
-3.720161315803125479e-01
4.411278593961620587e-02
-3.350917719730981403e-01
2.084321785327263310e-01
-3.124809390455187685e-01
-6.185203535595085178e-01
-4.693700944174896694e-01
-9.821081917206482270e-01
2.356761663380992911e-01
-7.734861580998524389e-01
-8.127005307074486318e-02
8.052757352737753838e-01
3.727443654146467278e-01
2.712233296070125643e-01
-4.696305014282320389e-01
-5.597987329437321691e-01
-1.617156628491835946e-01
-5.089705525774101957e-01
9.102327004492560825e-01
4.165603504170234395e-01
6.024057472877315522e-01
1.783681352473620585e-01
1.598014599970982719e-01
8.490991046319009694e-01
-7.371078459280080430e-01
-1.108198459082780918e-01
2.624782280121762401e-01
4.128358341051767688e-01
-6.669922400482992675e-01
-8.026246553981639664e-01
2.961744530385421736e-01
-3.768887987855726873e-01
8.886358120857358323e-01
-8.086009834541725283e-01
9.690336533277790210e-01
-7.614756691246034048e-01
3.588315141894093951e-01
-7.398743054307417299e-01
2.603198418191148278e-01
8.955157929132062655e-02
-8.572111573256397943e-01
-7.242830137722362505e-01
-9.985482558368470318e-01
8.236673074591602806e-01
-9.257715897915483882e-01
-5.220831211838603547e-01
4.439659217530480539e-01
2.127360683313126444e-01
-4.976688516192440126e-02
4.898695681765239396e-01
2.412400956215450254e-01
-6.838098568167294555e-01
1.700976750117686453e-01
4.081837783793966778e-01
-9.231362990219471598e-02
5.273154255025640502e-01
-5.585626735712796442e-01
3.297360649845268998e-01
5.931895695151869763e-01
-5.142813963160208779e-02
9.274269201346834191e-01
-5.494649336435142306e-01
6.889701094923115221e-01
-8.677178006539041366e-01
-2.951187137763258139e-01
-4.467682075515693185e-01
-1.642579964887054267e-01
-8.338734391620632458e-01
-8.150741578000026966e-01
6.106315989995070304e-01
7.266072840275037414e-01
7.661543087616753400e-01
-8.609854686043476590e-01
6.892265045737702156e-01
-6.636030856778598608e-01
-6.942355533920818722e-01
-6.456500493486727610e-01
9.745064206029432352e-01
1.428049197678789017e-01
5.042313211265443407e-01
9.237794859717018969e-01
6.242446698932684335e-01
6.521177767413981474e-01
3.535853902148522465e-02
-6.682317930646193282e-01
1.605703165627960782e-01
2.003415407657580527e-01
