-1.941622616039326843e-01
5.367335334132130598e-01
8.276801305959575750e-01
1.893077166609773432e-01
-2.759204894037843303e-01
-7.793774538015896258e-01
1.693324638578248553e-01
1.194464230339304933e-01
8.180853919108417305e-01
6.809213569998688875e-01
4.260565385951813333e-01
-3.019950185622932715e-01
-7.386671613148085846e-01
9.686799189229966522e-01
-5.043424965702720808e-01
5.301345090496667467e-01
5.806911181638509944e-01
3.989327655006249529e-01
1.133959085703379888e-01
-6.522972943238698473e-01
-2.462570644578665480e-03
4.002528318598668200e-01
6.137034544190878016e-02
-2.081817535252907803e-01
-4.500442431719668956e-01
-4.075515512157545928e-01
3.661814340333777729e-01
4.217641565591068176e-01
-9.963259156346948586e-01
8.749263994002776101e-03
8.898546259613824283e-01
-4.701061025919075487e-01
5.054809994245346161e-03
2.584892853970761628e-01
5.054809994245346161e-03
-4.508370872475604418e-01
8.749263994002776101e-03
4.384051654125586950e-01
1.798435799729956042e-01
-1.395710057681365246e-01
4.093204192573518529e-01
1.048458759412596031e-01
1.099565969891402872e-01
1.868965587680881946e-02
9.771458577136016288e-02
8.812502196813634114e-01
-4.284210283774934069e-01
-2.570038078170262530e-01
-3.019950185622932715e-01
3.372323233112475283e-01
8.229556143793659295e-01
-5.261695793439060687e-01
6.651307967536885801e-01
-6.616653675867112394e-01
-1.375581687452014368e-01
4.577851571894364646e-01
-2.699952368012281667e-02
-1.226032870579576439e-01
4.133454384766015455e-01
2.071817713255847959e-01
-2.476394805587662784e-01
1.967660860154623048e-01
-9.331554982015362043e-01
-2.466442352768938306e-01
-1.086729318698727020e-01
1.061654252369530482e-01
6.044328730673429462e-01
3.635783996951933439e-01
-1.610196098218825700e-01
-6.712008324624856304e-01
7.734521586139671001e-01
9.050750111245609020e-01
-7.114377792114103816e-01
3.228610662047286528e-01
6.297272039067420835e-01
-9.831554969235090091e-01
-8.907274800073092802e-01
6.318414486968322308e-01
-7.422367873065238708e-01
2.718187551397515112e-01
8.413547313938960492e-01
2.238777919878214284e-01
-4.396472089719118959e-01
-8.953976515569055383e-01
-6.846373015783402405e-01
1.080849441583640047e-01
5.701434585105416009e-01
-1.828821859327125487e-01
4.041558420317197253e-01
2.760489778951913387e-01
6.152006537308154499e-01
5.367335334132130598e-01
-5.397941348551125174e-01
-2.081817535252907803e-01
4.397454301798586762e-02
-3.599043967040107539e-01
-2.284268433345943983e-01
-3.744308634636646094e-01
-9.328211598720861364e-01
1.508001535757002021e-01
6.484011116662466989e-01
-6.033366770252035494e-01
9.105725861065236959e-01
-6.797687405210994793e-01
6.753482608048424485e-01
-1.700206422696002306e-01
-8.974066259416266789e-01
-9.882609362809975373e-01
-9.230504953919653754e-01
-4.075515512157545928e-01
-3.744308634636646094e-01
-8.773105774739640150e-01
-6.465556645242442890e-01
5.395324225597073475e-01
2.519013673312491264e-01
4.595133648814100358e-01
6.930799231881656919e-01
-3.395014249472083634e-04
1.863687656842551998e-01
6.766492473629053261e-01
9.823268807694367499e-01
2.290652302649049954e-01
9.217182978754900891e-01
1.104544628494825709e-01
8.634487982844298859e-01
3.512111007279725694e-01
1.990127842358353494e-01
8.967489404426105537e-01
-1.828821859327125487e-01
1.889203282265641270e-01
9.340109485359455732e-01
9.266220753654155207e-01
7.593073972324988485e-01
4.474918784761716672e-01
-4.701061025919075487e-01
8.634487982844298859e-01
-4.250682651166535209e-01
-7.114377792114103816e-01
5.085662395258270241e-01
4.756125933719892451e-01
2.059916865546091991e-01
4.302934821176895852e-01
7.151132514855789157e-01
-5.940025037969958177e-01
8.050245030760416753e-01
4.217641565591068176e-01
4.598427887004779002e-01
-9.201421732305430368e-01
6.428066925610611548e-01
-3.215374113897297992e-01
8.967489404426105537e-01
-3.260171939855318612e-01
-7.755111231742504163e-01
-5.749368660611868798e-01
5.789473100327813260e-01
-4.577311771053271805e-02
8.900583351740951610e-01
9.795435813186978979e-01
-9.656540926867858143e-01
-4.041176009668081548e-01
-2.374658410343961634e-01
7.605154060072751854e-01
2.510078989290529528e-01
-8.376457394469172257e-02
8.074956898593226295e-01
8.115248947227919896e-01
-1.273496536190219519e-01
-9.046593849724877678e-01
-4.509439540287745185e-01
-6.941547983855922421e-01
5.332305463598512318e-01
4.224077006322755068e-01
4.474918784761716672e-01
1.421601393147753356e-02
3.716539193681651643e-01
-3.520336446479737091e-01
-3.389126147000880440e-01
-5.168436173664472388e-01
-4.508370872475604418e-01
-8.873341961837455383e-01
-1.852355307533963824e-01
8.367031501829198525e-01
-2.361304465447822132e-02
2.445504668599345344e-01
-6.015174822413154043e-01
5.332305463598512318e-01
-7.355769215191811927e-01
5.838094477320925346e-01
-1.340626258546724348e-01
-9.328211598720861364e-01
-3.880427289443710848e-02
-1.038826876561982360e-01
-5.362013319623826213e-02
-3.584844915200715576e-01
4.260565385951813333e-01
9.512267992984799747e-01
9.217182978754900891e-01
9.203614207298804750e-02
4.678207527428106527e-01
2.214171940389622062e-01
-4.687659548835154677e-01
9.101250292857003821e-01
-9.831554969235090091e-01
-7.038712156689261867e-01
9.552410044830008662e-01
2.218443767948228285e-01
2.082771335349822284e-01
-3.487307797161078859e-01
5.166161805034195087e-01
5.635516983455337581e-01
1.758281359776401320e-01
1.330744189042731840e-02
-2.877442204640390244e-01
8.707621996214360838e-01
8.381475885704483542e-01
2.631439851704886479e-03
2.094773897831714304e-01
4.725182415825230908e-01
4.225702221252769508e-01
-3.873637536974325890e-01
-4.858256795516457949e-01
2.153148818228198813e-01
4.756125933719892451e-01
-5.940025037969958177e-01
1.030007348431769554e-01
-7.537976565149135943e-01
1.693324638578248553e-01
-3.599043967040107539e-01
5.659084007648982340e-01
5.617463043487744834e-01
8.029266003464103907e-01
-2.591180334010918518e-01
-3.041459460402460291e-01
1.468784469081143573e-01
2.337622821789575589e-01
-2.073766146561746293e-01
-5.009688868553205943e-01
-1.102194180098172716e-01
2.584892853970761628e-01
3.926510836366929880e-01
-5.390479928966440681e-02
-4.976773064189383700e-01
2.648609319188939271e-01
2.648609319188939271e-01
-2.374658410343961634e-01
-8.183871689028416885e-01
-7.063785648807918705e-02
2.664437569356838953e-01
9.795435813186978979e-01
-5.868264107582410460e-01
9.611191741451929893e-01
-7.638813855704880140e-01
-3.584603156160013349e-01
-8.197129746637554781e-02
-2.883821331571072566e-01
9.771458577136016288e-02
1.314662279997032002e-01
5.717932963464873453e-01
-7.814081101300092147e-01
1.222091535303821974e-01
-5.390479928966440681e-02
-9.486288408205745259e-01
-5.608414726325980926e-01
4.253051312374340753e-01
-1.972875946985865880e-01
