2.744950151601499577e-02
-6.412231795739198326e-02
-4.841799819601855237e-01
-5.839547489157315141e-02
3.126799015060843789e-01
8.462890892547172417e-01
7.916294517932891406e-01
-7.792916992298071222e-01
1.879386926420123505e-01
-3.054663503382781808e-01
-8.365083465317126876e-01
-1.643469104907733236e-01
6.771384543713745430e-01
6.999001289600847997e-02
-6.204375418226777406e-01
-2.327057983651097395e-01
-2.641667709592754321e-02
8.594235790635404992e-01
-7.670738776730925412e-01
-7.102480401830801870e-01
4.825341169577406220e-01
4.086048321502888658e-01
-8.560772379115850761e-01
-5.205316115907301366e-01
1.883119424384225304e-01
1.373497014861064791e-01
1.788874706404139925e-01
-5.135515599286049060e-01
-5.142447521984119252e-01
-4.964113036483008834e-01
1.097126447273815142e-01
7.188356568883020881e-01
-7.636539984946770776e-01
-7.984473047779894195e-02
3.530411731641263096e-01
-2.194354609776811849e-01
-4.995566971302030090e-01
-5.162437379050273112e-01
1.445455941044762049e-01
4.563705577742720454e-01
-5.596524173828072435e-01
-5.265301808071571887e-01
-4.096927352588290994e-01
6.645981919921879477e-01
4.265391557933015942e-01
1.861709408417211442e-01
-6.426445578111592560e-01
-4.433105354780404461e-01
6.055717996078811005e-01
-7.384805795248960969e-01
7.899422963414881593e-01
-4.628012350547359155e-01
-3.441872388478837141e-01
-6.555677461909861226e-01
-2.595287116974474007e-01
-2.647360854493654436e-01
-2.553465875624865156e-01
-5.934691629422395032e-02
-1.804974372238790092e-01
-4.386154630669867327e-01
3.705698987253924770e-02
5.197681288603344107e-01
-5.857855341860047638e-01
9.473621066397903689e-01
-9.717069663892543563e-01
7.884581314556768916e-01
4.233686141631280986e-01
-9.780725819025806178e-01
3.707466409589279532e-01
-6.507153877116815810e-01
4.409072931985615895e-01
-9.604980476897371222e-01
3.194748190108098740e-02
8.589424317345133453e-01
9.283890884908514440e-01
-2.685101114684185220e-01
-1.091344706583856627e-01
1.942652016345602917e-01
1.106997209779507774e-01
-7.381550771937777089e-01
3.872864882691993138e-01
-4.469269021737010128e-02
-5.707118358195928387e-02
-8.887941981799230007e-01
-3.705516466865825809e-01
-2.821394107826784570e-01
-1.752641906754615064e-03
1.600188415917009888e-01
3.131471496928526221e-01
-7.857822094228685827e-01
-7.169221013207782711e-02
8.638311898259387611e-01
9.438628246175031489e-01
5.706564297275087405e-01
-4.145701733184978810e-01
6.400251601476631969e-01
-2.091353757217806475e-01
-9.938634727925923507e-01
2.197432268725514337e-01
-8.617454281253489334e-01
4.410780659945201521e-01
8.091161690351775793e-01
9.893197695316098272e-01
-2.962075477400698542e-01
3.759344791682339704e-02
-7.429093619167614904e-01
3.867360092149290107e-01
2.829205697887071658e-01
-3.523644251586843801e-01
-2.895551999668064536e-01
-5.292174993148415219e-01
2.821289351311078164e-01
5.258432926427130116e-01
4.893987728051192310e-01
-3.935105156824048045e-02
1.051902795258450318e-01
1.600008044583793865e-01
5.251839756268585901e-01
-7.204347914881070736e-02
8.650843420680445206e-01
6.033280778787821763e-01
-6.988927616493747497e-01
-5.041981036222589196e-01
-9.849511727928665916e-01
5.174983040680853907e-01
-6.724264060673768029e-01
5.624509302256388565e-01
1.996611375341679206e-01
-4.993361785328063185e-01
9.555303955482428169e-01
-3.494056912054510633e-03
-9.973983348627335488e-01
-5.789003835994910308e-01
1.622940698522001846e-02
-1.878083164605506283e-01
-9.549836858144364893e-01
-1.264319815604886266e-02
8.671349584856247183e-02
-4.497976322868548760e-01
2.497208446102838764e-01
3.812825847868013263e-01
5.770191900778560701e-01
-9.557136765243723353e-02
-8.480758203649683136e-01
-1.697279108274771797e-01
-5.012719479172531578e-01
-8.028383162427006337e-01
-2.144187164034345727e-01
7.746779792727318537e-01
6.930175011666581675e-01
-4.420982724161139910e-01
9.005128097195336245e-02
9.375139396392457858e-01
-5.963892971706046264e-01
-1.195876136666349510e-01
-1.745145463001360753e-01
4.094559088650258083e-01
-9.267174489826666139e-01
-6.184105458728943461e-01
1.695393292545068764e-01
2.536097747191754515e-01
-8.285105236911276538e-01
9.860615677503163923e-01
-5.764067167475424025e-01
5.545563782830733590e-01
9.524846454516515681e-01
-6.587059373075903057e-01
3.608659677379664199e-01
-3.011961737828205976e-01
3.452348313880237995e-02
-1.629664790987261913e-01
-1.384258626531691405e-01
7.706818582234611359e-01
6.925283478853758723e-01
-4.890879716933480559e-01
3.592298201726478180e-01
1.913546813955500081e-01
7.306296591442735799e-01
6.152303277738742082e-01
-9.751502737978952062e-01
1.340579466953348842e-01
9.472297656302273161e-01
3.022538567801023035e-01
-7.673624931550655504e-01
7.216458906618032909e-01
9.127411270039598179e-02
5.584973521453506784e-02
7.012771145512997073e-02
8.425063999768012124e-01
6.130985706304385996e-01
-7.669632868925124747e-02
-7.701060894615534558e-01
1.873180640309894951e-01
5.312360896401673305e-01
-1.877078417870783333e-01
1.558420225300496398e-01
3.422626830140427234e-01
-3.297149289543201967e-01
5.022535453919751980e-01
6.442016165182860021e-01
-3.024537758539325161e-01
-1.668103116271486552e-01
-9.806889359196511169e-01
8.475889680207095989e-01
-2.493479935142910442e-01
6.585746257021443117e-01
-9.205205458218725934e-01
2.149200794229757516e-01
7.953725026086644334e-02
2.320644146748374048e-01
1.705366684649634035e-01
6.746654762573502939e-01
4.060845548956220075e-01
7.248970016618647705e-01
-6.693858874151710214e-01
-3.523644251586843801e-01
2.636363463784718864e-01
-4.133234801788692181e-01
-5.542285932977053520e-01
4.866231410447108274e-01
1.931902361369952636e-02
-7.724805984576239570e-01
-6.397267842077054567e-01
9.333103045132924436e-01
8.191233003949440761e-01
-6.230580593004630963e-02
5.761018988431070298e-01
7.369083566585510336e-01
-1.240476140470270217e-02
-8.836781821882131460e-01
-3.109440991725596071e-01
7.307319969370831281e-01
7.027099982422486679e-01
4.040554219566141469e-01
-3.157082173176681827e-01
-2.018853164963361202e-01
6.902541828620400999e-02
-2.006441257878810447e-02
9.839692252168770192e-01
9.189961886241486688e-01
-9.769742453389358428e-01
3.971233343892595080e-01
-4.433105354780404461e-01
-2.431522481373744604e-01
6.585201642920772702e-01
9.582978962246280208e-01
-5.169992884282068601e-01
-1.993785930900120462e-01
8.110527407713186143e-01
-9.475857071371909246e-01
7.603107881765049925e-01
5.045145104794912516e-01
-5.173271422410989917e-01
-8.687422362581465052e-03
8.845217087042229753e-01
-6.110896545252697543e-01
-8.376521473542839491e-01
7.644689563917839159e-01
9.398379617694869737e-01
2.491178300156215997e-01
1.702744858627422975e-01
6.539666240183348300e-01
1.337016425079047277e-01
-2.294111816267396797e-01
5.958435002672273217e-01
