-5.822479464619652045e-01
-7.006702670983844250e-01
3.669015116093032880e-02
-8.697167988716825171e-02
-5.861099107565050925e-01
-7.475673450597617453e-01
-5.331870443994664033e-01
-3.241033302605738076e-01
8.934956620939482619e-01
-2.196746978952874851e-01
2.731128412369967506e-01
2.476831499300424788e-02
-7.782671113070578350e-01
5.363921222214380613e-01
8.078035087637032152e-01
6.012010296888061767e-01
4.158915666981863879e-01
-3.494521359264903815e-01
-1.326237620106713866e-01
-1.830920305990246799e-01
1.276621388064764773e-01
-1.774558460857045272e-01
5.423841898713703813e-01
-5.742053073291664145e-01
-6.716235715909222304e-01
-1.933620111881242387e-01
2.621655131585280962e-01
-6.455455550816457944e-01
7.342198083531534802e-01
-1.688494613085718132e-01
6.584013159108561553e-01
2.274679693295136307e-01
-3.801254269501730398e-02
-9.013721445239533114e-01
8.029616253962807981e-01
-8.833156980011191983e-01
-9.373736679649309345e-01
9.795031103914915160e-01
-7.487411413259186244e-01
-9.735985649114859974e-01
8.441671471394294191e-01
5.514845299938175849e-02
-3.083575988562461401e-01
9.621547183510266166e-01
-6.379625187701545297e-01
8.335792636553356338e-01
-4.084001521643265686e-01
8.899281827313352267e-01
-2.161001586265833829e-01
3.131510567552961977e-01
-1.186977355926110977e-01
-1.643921936078420742e-01
8.943551260744375675e-02
1.800633928281609730e-01
5.276581728759759393e-01
-6.192426123349572542e-01
9.987067540979277513e-01
-2.368922503472457031e-01
-3.236391570694150399e-01
-6.766162255168131079e-01
-3.111209086159263393e-01
5.330030324474888115e-01
-1.542188595706439624e-01
7.963255865508871434e-01
-8.991612126264609817e-01
-7.653905740716782091e-01
5.033976463497573661e-01
9.998940862965062237e-01
-2.452958527946687006e-01
5.537258303375540702e-01
-2.860977288551593833e-01
-4.293127962721547952e-01
2.100649378811176859e-01
-7.373451089753184640e-01
5.460562157450727927e-01
-6.207486597136691042e-01
-4.188776728288183815e-01
6.802656427951296880e-01
-5.639339194550938572e-01
-9.105246481049016349e-01
1.576716203655217363e-01
-6.478427854042383416e-01
5.465126996812723625e-01
8.836658141275837153e-01
-8.837703190376577922e-02
-7.600496239610907701e-01
8.651857935231022090e-01
5.221742775401863046e-01
3.321777470645088659e-01
-4.199463858034178099e-01
6.293115881160824543e-01
-4.213834570512124955e-01
4.006022682883614294e-02
-8.764884752494412901e-01
9.265986805616506228e-01
1.877321120940367294e-01
7.530069845617242130e-01
-3.534874483956371716e-01
7.978735723892271814e-01
6.915081729772993846e-01
-8.150415155642705134e-01
2.030283221339230781e-01
9.364904168315337785e-01
-3.063823812471133667e-01
-1.293890139066384837e-01
-3.841015196813191146e-01
6.745265923867460600e-02
8.110408992421342944e-01
-5.509883379901407974e-01
7.905875250975735735e-01
9.107607782462674439e-01
-9.144611726137574781e-01
-7.399026184777321991e-01
-4.863111176704388861e-01
7.988912093326496766e-01
-3.507531847956713023e-02
-2.291492763410785116e-03
1.336196287821038720e-01
6.243981982481596749e-01
-2.355074841361308735e-01
-6.523189938004596566e-01
1.274472020903818503e-01
5.902554001557078767e-01
4.633378090394979498e-01
-2.079205489411113383e-01
-7.812475274472607811e-01
-7.158985352659485990e-02
1.592865369905831496e-01
8.542304225964354458e-01
3.551390726342844584e-01
9.774454711204738633e-01
-3.743418057664518184e-01
3.988446280854689441e-01
2.832447486538633985e-01
-6.886413817672771831e-01
-7.561120667515064397e-01
6.111541822868613583e-01
-8.070562158552181398e-01
-5.542469894537418451e-01
-6.011047478344548889e-01
1.228499017830930740e-01
1.897546236824489974e-01
5.560168172707198320e-01
9.289030632140007349e-01
5.962291724229087375e-01
-2.580329657305033830e-01
-8.075958227393307265e-01
9.514682953797051201e-01
7.632763565792479721e-01
-9.590181376992816809e-01
-6.426162265973762722e-01
-5.760006706244520380e-01
3.316335074721723508e-01
7.254430086846210823e-01
-8.826129975222762880e-02
-9.350129540601246347e-01
-5.233389483804382625e-01
6.369722118715397396e-01
8.022454102347931215e-01
2.884075195438204897e-01
-9.307898664088833929e-01
7.634160225317645487e-01
-6.196270576085116666e-02
2.648145501189189677e-01
-5.971853597922458512e-01
2.208224547338719645e-01
3.557383156203037800e-01
-4.135719499220973372e-01
-3.689069741334241037e-01
9.157217702864928199e-02
-6.193397295777058886e-02
8.561950236401290049e-01
1.018608009333263897e-01
5.499322467898970501e-02
9.631635849702888663e-01
-2.794512798472996717e-01
6.141158939627775482e-01
4.241010681785439829e-02
4.245457194011763580e-01
-6.794332041208979156e-01
-5.107039645365674119e-02
8.382292137417048927e-01
-3.941034152730684692e-01
8.865331923754888876e-01
-6.184131074407717144e-02
3.577982206409591193e-01
-2.080135977964301386e-01
5.442047672115242207e-01
4.495780499397294960e-01
-2.522065723835071882e-01
9.184768556375320081e-01
7.540090263210208477e-02
7.881913591904310401e-02
-4.174409669391141442e-01
-1.985064915288423659e-01
-8.015996788129555739e-01
-1.249088877064645775e-01
-4.579926630191548664e-01
2.712532503553468644e-01
1.831421752621231747e-02
6.000164723984580117e-01
1.172277743921268378e-01
-3.172526689199577365e-01
1.956453875017216681e-01
-2.781956733897159584e-01
2.928021695241664890e-01
2.211072591502845075e-01
-4.113589179468739587e-01
5.721555259379684788e-01
5.685292250567237637e-01
-7.866799235095258691e-01
4.774278738588475512e-01
5.185163169700477415e-01
3.536109383281764718e-01
-9.277130963997228807e-01
-8.481042213665772600e-01
-5.320890940978728612e-01
7.065664299035836482e-01
9.934766310153826385e-01
-8.032394869765813183e-04
-9.644281503853395776e-01
5.389551724253824894e-01
-8.643891910433496584e-01
-9.937555392806134424e-01
1.623979546601879154e-01
1.516881054599277245e-01
5.042294811035199498e-01
2.039428719762290676e-01
5.202621271792184920e-01
6.770816019444250156e-01
-4.479276644071565894e-01
-9.988937998789015893e-02
6.132165569465413135e-01
-8.327295096747311387e-01
7.302950794926437172e-01
9.921794359361841842e-01
-5.686994623489673994e-01
7.776461800597027629e-01
1.560928819267120016e-01
9.380411532969503696e-01
-2.380095322896731425e-01
8.346853038596067087e-01
-6.712187546318904019e-01
-1.901709508927194037e-01
5.003408678935989951e-01
-9.801145397020187833e-01
2.489950841290180517e-01
-1.088457786467571520e-01
4.735687337605432035e-01
-8.627533765351693695e-01
8.346221106869358142e-01
-7.559282946699967809e-01
-9.389157434028687632e-01
6.304472391845641344e-01
-5.223437462209821192e-01
-5.284563137661089094e-01
-9.783893600053774620e-01
-7.010096029719181665e-02
9.274908949467741692e-01
3.291668357074408746e-01
2.525600115257324862e-01
-7.622441171382667857e-01
-1.305201984499326784e-01
8.513789535046079049e-01
-3.265098991478259105e-01
