-3.443303824982788530e-01
-7.252038673209231234e-01
-1.318325729961109527e-01
1.095244710158587154e-01
9.814923188553945632e-01
-8.360031279789621461e-01
-8.192941280197800769e-01
1.558147134521965516e-01
-2.569867234579168436e-01
2.411361983020532396e-01
-7.456954831078774770e-01
-1.494589433660540312e-01
-4.900070049902802705e-01
-5.429142201924641586e-01
8.436654491214163887e-01
-3.501738484079579550e-01
-5.114690407437965103e-01
-5.175242390850278706e-01
7.034038194860237070e-02
9.124387245594896001e-01
-8.150436414704820276e-01
-8.758313148459939690e-02
-8.246229706181236185e-01
-2.732926359480325473e-01
-4.921787843769747095e-01
4.929738288370966171e-01
8.310792892943685839e-01
7.655668708552092472e-01
-2.651784015656233340e-01
-8.014060782252916404e-01
3.357671803841342228e-01
-1.169705001111085441e-01
3.470832014775846464e-01
-7.787597173553126861e-01
5.433253002663693820e-01
1.864328408517426094e-01
9.068172070559370468e-01
-7.870833234192822214e-01
1.192781847753765501e-01
-8.752919602714137604e-02
-4.334811007487935353e-01
-2.197796006985752726e-01
-8.388102217217419110e-02
5.924341285196341733e-01
4.951678023341119506e-01
1.853039588731530962e-01
4.170244727111198646e-01
3.498746592732833172e-01
-5.688546761642174765e-01
-4.403743231964396543e-01
8.446101395061014205e-01
5.575156871377129342e-02
2.514890759316303903e-01
3.440139904877732580e-01
3.971671933355120920e-01
-3.191938294320246783e-01
-7.575189284749008767e-01
1.083412990022238898e-01
8.107509874261198402e-01
6.200009823129861708e-01
6.730064707972416294e-01
1.314479669358550318e-01
-3.099881829880017925e-01
-4.870756256844759324e-01
8.818551014941498067e-01
-2.152727524237865175e-01
-2.486398206965065860e-01
6.080013670125832270e-01
-9.627293338929436839e-01
-3.126172157304609733e-01
8.949666518307115570e-01
-8.002804463920447642e-01
5.170321941556732526e-02
-3.962436151672814599e-01
-8.448682785852097421e-01
6.170967826933961842e-01
6.876303484245562814e-01
4.121378831115694030e-01
4.464154629254206696e-01
9.317696321735611242e-01
3.894273774736753957e-01
-3.750238583068832288e-01
8.471048348576062370e-01
7.939716061949741999e-02
-1.358991500089368198e-01
-5.216571330515098470e-01
5.454608131858633691e-01
5.206895903256330005e-01
1.567799956070154987e-01
-7.847952555405632857e-01
3.192942971194714374e-01
3.462500507677572781e-01
-1.107268354576793623e-01
7.995171035400145954e-01
9.289483824644229060e-03
-5.364623469912195297e-01
-1.419997236847443389e-01
6.044241217902155405e-01
5.399355190177113073e-02
-9.217574164720196972e-01
2.776622944298479112e-02
-8.011370539763551513e-01
-4.198853598456000480e-01
-8.374405348493234591e-01
-2.674833700598087116e-01
-2.097021910732259631e-01
1.835621347178697516e-01
3.642955021604545873e-01
4.950158873458441189e-01
-2.166152514734711598e-01
-7.631549566274820062e-01
3.319466213268906785e-01
-4.000594281829275012e-01
4.929738288370966171e-01
-8.222958192404759004e-01
-7.575189284749008767e-01
2.599075179725525153e-01
8.104498921571259284e-01
8.322256778711993874e-01
3.400529168524137891e-01
8.650219836081096680e-02
1.479236542267934329e-01
-3.237566139462972892e-01
-8.192941280197800769e-01
3.853640327312495284e-01
-9.325257385620266959e-02
5.924341285196341733e-01
7.701018008829523254e-01
1.835621347178697516e-01
-2.772277335504949036e-01
3.510387395529177557e-01
5.435971697578239059e-01
-3.286723240447211314e-01
-9.680642765728033616e-01
3.192942971194714374e-01
-8.125417179977656446e-01
8.803043716272147545e-01
-2.152727524237865175e-01
7.115719584402098175e-01
5.696266571386980893e-01
3.668048733779103454e-01
5.114458524163956188e-01
1.853039588731530962e-01
7.433808064718998576e-01
-5.086260805854270206e-01
-3.480319529244466636e-01
8.946934657087972642e-01
4.922060484386459045e-02
-5.984826423895666103e-01
6.260280320914799468e-01
-9.834342907286346414e-01
4.951678023341119506e-01
4.950158873458441189e-01
1.567799956070154987e-01
9.288835897225036220e-01
-3.750238583068832288e-01
9.727950023244313904e-01
1.598528805451324697e-01
7.095817156279327076e-01
-2.638922317536425144e-01
-2.297838694842948559e-01
4.742082737289192718e-01
-5.262444656900771012e-01
-1.548506837313179396e-01
-3.126172157304609733e-01
-5.534180617682946668e-01
-3.751567251957408367e-01
7.625987734886741087e-02
8.333540665138838843e-01
8.309597045343775079e-01
9.288895961171914628e-01
-5.909415736494567639e-01
-9.911337225341043666e-01
-4.236413054725634009e-01
1.909110115040890676e-01
-9.139137944346045206e-01
-7.976149164263814928e-01
-4.651718311186439081e-01
6.889008541286174570e-01
-4.998581431097037786e-02
9.904770420504560580e-01
4.987713825305744031e-01
-7.697662576036548021e-01
-8.259599746519834529e-01
6.705254116011514220e-01
-6.189410850502545802e-01
-1.485105438232061648e-01
1.004669246594740439e-01
-2.841865909741723151e-01
9.808708983360217015e-01
6.332812131841714098e-02
-5.001705633271373852e-01
2.812390179931802958e-01
-6.066845828974769539e-01
-9.644483858519830033e-01
7.840197251871039441e-02
7.059291718351348166e-01
-8.435165813153062686e-01
7.360685057545273136e-01
1.273478841410828899e-01
-2.297838694842948559e-01
-3.738292523813102619e-01
7.579684963099284634e-01
2.483018025682259822e-01
-3.128507996469984676e-01
3.324772837797640435e-01
8.099400251918147386e-01
-3.105807987396385084e-01
-6.952624606931911977e-01
1.786354805263574708e-01
8.573267401016599898e-01
-1.191443721377882792e-01
2.799697579962405758e-01
-2.598304903048043180e-01
1.796187342892021643e-01
5.441621556939126858e-01
9.741559799831236433e-01
7.327587572976821395e-01
5.203359518169128339e-01
4.761353482603742915e-01
7.053985286323685155e-01
-9.062829670211103306e-01
5.146270987736905056e-01
-7.631549566274820062e-01
7.095817156279327076e-01
1.479236542267934329e-01
-6.981344668867282000e-01
-1.938851066733313644e-01
-9.447246185930893159e-01
-1.662534025653583658e-01
-8.259432118214531382e-01
-7.313652426717416333e-01
2.447328979579932451e-01
8.085375064433839576e-01
-7.693687911867119755e-01
-2.597216092131962029e-01
7.335832655335017272e-01
8.438564076569916583e-01
2.021618456657681140e-01
7.257527448709648610e-01
1.608274565853182736e-01
-7.164665169100952191e-01
-6.476264162082954190e-01
-3.864241994198827079e-01
5.544524610650796159e-01
-9.527141501560012493e-01
-9.206151885733548923e-02
9.288835897225036220e-01
1.264657429206783590e-02
-5.040202959082198397e-01
-9.647222320891906122e-01
8.529054150847759086e-01
-8.394497553731179451e-01
3.595560876556942453e-01
-8.097759343208985605e-01
2.249970863987533765e-01
-7.059313048883897324e-02
-8.491049838622020118e-01
-3.666232028230680395e-01
5.696266571386980893e-01
-1.770735141416945879e-02
9.778033048231125068e-01
3.103640759538557337e-01
9.796001356216288425e-01
-9.108176659022420019e-01
