-6.261526322274157952e-01
2.028397459108277623e-02
1.903008084273285494e-01
2.465161651625760175e-01
5.024487926227831913e-01
-8.186486507047243677e-01
8.718085080338191517e-01
9.663319206740750289e-02
8.380410743522839212e-01
5.104285440940585783e-01
-7.738075682149812007e-01
-2.093149062296582041e-01
7.516725211484958091e-01
9.489892648777578099e-01
-4.487839781247806581e-01
6.779485779226868125e-02
9.031229558264635138e-01
9.041273042582114172e-01
6.094668330157211322e-01
-7.344939186004280085e-01
-5.913347160743920305e-01
-1.428984515465279159e-01
-9.231879757071081993e-01
-6.685476593971577675e-01
8.632307012281348335e-03
-5.027676831443494976e-02
7.852062402466939428e-01
-3.108532345787271556e-01
3.210757154838912442e-01
-1.494748366622675739e-01
9.745444484650438444e-01
-4.778366668053151134e-01
5.780895169167519221e-01
-2.301758183773103816e-01
9.229567771162869860e-01
5.872089040534822502e-01
1.563286112957724683e-01
6.709666357167549666e-01
7.089186512302563248e-01
-1.100103567930443837e-01
4.648448476501214621e-01
-8.379894971855765817e-01
-1.026625920167256734e-01
-9.085548056131416139e-01
5.671389475420727244e-01
-6.516182712171048053e-02
3.715646079934808999e-01
-9.356211773099551987e-01
5.401861330314090548e-01
1.386518005712016333e-01
-3.463233594421637473e-01
5.318823070646248041e-01
-2.326329633046939627e-01
-8.353934609673903111e-01
4.423965252022634687e-01
3.485284816686173848e-01
1.989781275781616898e-01
-6.351402950183437923e-03
-8.345535217459332245e-01
-8.025660158825815849e-01
-6.048501571600852778e-01
-5.106036338514563511e-02
9.996030345941937512e-01
-1.771648983751126227e-01
8.956169483037421664e-01
3.244019480678543843e-01
3.986839275128770677e-01
-1.912043711716104877e-01
-5.821981823594306604e-01
3.311086962421898594e-01
-3.114013767168362090e-01
5.371980512596064017e-01
-1.797020582624067053e-01
-1.950492662294969204e-01
-8.422154186717132340e-01
-5.984623193376110706e-01
-7.911213557042007238e-02
6.555957860128451831e-01
-7.780557813869792838e-01
7.015193836528967886e-01
-2.152013292180527948e-01
-4.567422289487788056e-02
-9.355165137093710559e-01
-3.156921841855229172e-01
-8.983102207709210418e-01
-6.850871694642690635e-01
5.014606341207863416e-01
9.887636500875480738e-01
-1.140425981536508093e-01
1.907109489805154379e-01
-2.785770681918851022e-01
7.187437601159476497e-01
-1.001075449128454586e-01
1.834462808334331729e-01
7.992858177203969738e-01
5.575737541736798253e-01
-7.026725760470742266e-02
-1.282687526073540418e-01
-8.697553198703005251e-01
-8.229408385911807233e-01
-2.524943662677676670e-01
-7.958676067535175314e-02
-2.806328379547899932e-01
4.652153169413730804e-01
-6.688177510453332530e-01
-8.876185673987839753e-01
9.779538303331198890e-01
6.530836265882087321e-01
8.430383047722289636e-01
5.170327680042696716e-01
-8.948512003753508193e-01
2.110548807230183677e-02
-1.741103872004703401e-01
-6.365373026538787560e-01
8.744390578093568234e-01
-4.090651489927232820e-01
-2.520112762280981578e-01
-9.635328669539853230e-01
8.590721726341874476e-01
8.646183875735515834e-01
5.986579108485183820e-01
5.742907942477910588e-01
4.370054302128802970e-01
-2.333945355189703807e-01
1.373404377680482735e-01
8.111696155746128678e-01
-4.782476258585521833e-02
-4.601988009221691378e-01
-4.301229637623984470e-01
-1.479890106486940748e-01
2.374303695772823630e-01
-5.931697544526157717e-01
-7.317511586795426570e-01
2.474717628315226126e-01
3.447260930283357894e-02
-2.072448082942208725e-01
3.426424774940579621e-01
8.166620769758905496e-01
4.921544428061417342e-01
8.660145804238295053e-01
-2.324868303739036079e-01
-2.914759930642123464e-01
-5.453065416531870380e-01
3.863862610963944011e-01
-9.252862133327184324e-01
9.470912913387008469e-01
4.311033372960868526e-01
3.796938812302499411e-01
8.314155320698652929e-01
3.391622966787271043e-01
9.492515633440374856e-01
2.526085940657858409e-01
-5.229158932163580076e-02
-3.906765297605498954e-01
9.785301169705520330e-01
6.953112030686832146e-01
-6.564977068644968217e-01
-4.899884924337973846e-01
5.798505054393123803e-01
-8.729739701348353531e-01
-9.108818047303302023e-01
-2.197606465033994372e-01
9.154912179584409060e-01
-4.724273851287670301e-01
-2.671161587603627652e-01
-9.955817870690184535e-01
-9.359837245786974957e-01
-3.816939355495549968e-01
-4.351693860104415279e-01
-9.927861552652141874e-01
-5.631897677106050271e-01
-2.847301029313973331e-01
2.195073242007408165e-01
-1.258850145858025904e-01
-7.898102465687673046e-02
-2.730041675168912718e-01
-9.617343245289520226e-01
7.765465754962699307e-01
-3.928608443494632230e-01
-6.402652957695551539e-01
9.454640961793210341e-01
-4.611980752954827345e-01
-2.513401263372061489e-01
3.534538899929584588e-02
2.492084423372475932e-01
7.752469999363811315e-01
6.293741492742255250e-01
7.953785778811648388e-01
6.490269307053668779e-01
-3.392420475882176323e-01
1.842335345483416820e-01
-2.210732297497248755e-01
-2.232503332766744286e-02
-8.155287090232212766e-01
-8.019394045940431148e-01
-8.235510462330717374e-01
-6.457671258641080048e-01
7.200303342249942951e-01
-3.260978416650013312e-01
-4.151280132495105413e-02
5.639888672077413290e-01
-4.069842434968973244e-01
-3.733695355909982805e-01
-7.859510840525496533e-03
4.972147859055420227e-03
7.994856885902197341e-01
-3.339286428448120514e-01
-6.355050377256252769e-01
7.210458408744560010e-01
8.513420001566447404e-01
-4.807403350598624669e-01
-4.729791462439427718e-01
-2.703374115955190504e-01
-4.942410065144655640e-01
7.041597113246989004e-02
1.157511745682264781e-01
3.502681868206112270e-01
-2.730534236569497342e-01
3.123036809837076433e-02
5.663754281063912988e-01
-3.689613118463164199e-02
-2.450776821788602788e-02
-1.649905495752626017e-01
7.404738996365014536e-01
-8.936585688154807805e-02
-6.098895318512178587e-01
-3.160649633400485214e-01
2.274805440467382311e-01
4.292160543582288490e-01
1.220027173949609356e-01
7.428709285649286453e-01
3.205126307543932906e-01
-8.078369108439500401e-01
1.859593248013695632e-01
4.651054917927965882e-02
-1.187141404227465280e-01
-5.796525740096203361e-01
3.200887018731397582e-01
-9.843915258907343091e-01
2.762820642303840390e-01
7.516725211484958091e-01
-6.990692997356642291e-01
3.173847765962833911e-01
3.261674232864368861e-01
7.451149166299846360e-01
-9.723428638095334975e-01
-9.871601949448836066e-01
3.794103565348994067e-02
7.650185075352755604e-03
-1.771648983751126227e-01
-2.785985108311914704e-01
-7.692603712747567712e-01
3.900980740406401193e-01
5.110620030123511626e-01
-9.571037754017799326e-01
-4.550291633768102084e-01
9.448215956919221448e-01
2.994250061628678239e-02
6.777931924045896839e-01
3.293905387664959328e-01
-7.989880595930778373e-01
-8.072835233459663140e-01
-4.681598197437086828e-01
4.805598599657967540e-02
-6.990675843818829893e-01
