4.505721411719276759e-01
8.044509388701728270e-01
-6.506901985153064061e-01
-2.444353787186431148e+00
-4.655583384747027376e-01
4.945330903343914120e-01
1.241946506818655038e+00
-1.455062325974280313e+00
-7.166854756437929241e-01
5.705763923750530875e-01
-1.731050604387195602e+00
-1.179084302420895458e+00
-3.788216742068075682e-01
-2.728361726766817430e+00
-2.958700485250678192e-01
6.330479160215263246e-01
-9.665000044055410688e-01
6.873884882311782629e-01
2.917727229083010299e-01
7.635682855125660584e-01
1.511581778079825300e+00
2.441937891367005897e-01
7.428863528372232627e-01
2.055103925779925511e+00
-2.690193428339977544e-01
1.334345759270517462e+00
-1.513121349705129903e-01
-9.528444061256008402e-02
-2.619469485314279034e+00
5.210066699779820620e-01
6.254360658440494269e-02
4.911600128729172732e-01
-7.445569754170455745e-02
3.077131410795653221e-01
1.096438437345986561e+00
4.911288529940394110e-01
-2.499372232600355570e+00
6.421714112264161889e-01
-1.788701474061903829e+00
2.041812068408466629e+00
2.654033666894274890e-01
-7.036655610489359614e-01
-4.690940202996056740e-01
-8.667449072577557700e-01
1.111920466118016204e+00
7.722815830565183948e-01
-4.051510373270181820e-01
-4.044023638068951487e-01
2.244484427840113483e+00
4.075646295767932914e-01
1.914840480542958079e-01
2.944582583944671317e+00
-2.841124888176391305e+00
1.030538247519474870e+00
-1.506284010941107088e+00
1.556282127415629324e+00
1.019208931352278524e+00
2.054842233987271172e+00
-7.924547937441828172e-01
-6.828207480938872642e-01
1.840069387918358057e+00
1.104485599377954985e+00
2.039187110302010275e+00
1.323111399064480054e+00
-3.367030221079030827e+00
2.196924053767277396e-01
-4.364490482718961673e+00
1.091705449835187469e+00
-1.483515548226387537e+00
-8.779284418312423011e-01
-4.374107838815314842e-01
-2.626973782026921000e+00
-6.866608248797569924e-01
-9.913797234494771127e-01
-4.213373136682301290e-01
2.049126474309204970e-01
8.985997872742276238e-01
-3.894491885631172767e-01
3.247465013559778235e-01
6.366021766178486807e-02
-6.738987118937640464e-01
7.052026211902964192e-01
-1.844448031202916560e-02
-4.796860291442368585e-01
-7.810060354492179835e-01
-3.968741989723814645e-01
2.466302034549630040e-01
5.440365718157958996e-01
-5.687473237576896601e-01
1.528400872548033584e-01
-1.144144810166852544e+00
3.946689317204667979e-01
-1.063656445117118210e-01
1.560704917754204835e-01
1.027387867654466103e+00
-3.967713254003674139e-02
1.834743089163881402e+00
-1.283822985926021953e-01
-2.025668661409287807e-01
2.422811196046574800e-01
7.827423546568375023e-01
3.535982648054987187e-01
2.033845711199700368e+00
-8.199779962652249399e-01
-1.635835337997964434e+00
8.210492139409160117e-01
-1.066329201229452073e+00
2.367368365012252340e-01
8.863058365796816496e-01
-8.009002979595010174e-01
2.597958924287688820e-01
5.956593290237712779e-01
-2.656356907415237112e-01
-6.809110367601980407e-01
1.746796253172647750e+00
1.750945907994780892e+00
2.099297620595724112e+00
-1.678134550791554602e-01
-5.017887002267165109e-01
-9.446655079410504197e-01
-4.246476991499932296e-01
-1.011921198360563601e-01
-8.375625984245409494e-01
2.439099484895290715e-01
-1.567074314642815658e+00
4.721200993404692792e-01
-1.133913432383963027e+00
-6.923170696862859241e-01
-1.920644885778291844e+00
6.250302056608003642e-01
-9.830760515061378602e-01
-7.169657397060584803e-01
-7.901086502151237756e-01
1.966011358366908768e+00
6.750048474301457713e-01
1.296797612838505476e+00
1.932833984612984946e+00
1.012918803120994582e-01
-7.003891815385170361e-01
1.740989862871179239e-01
-8.068895730860039528e-01
4.450431483019587908e-01
3.690779297172963602e-02
5.545180338908137774e-01
5.407103073014317696e-01
-1.208441762945797748e+00
1.888966611235491921e-01
6.284549309408109519e-01
1.539614657953551902e+00
-3.689934930025016158e-01
7.063835404074714219e-02
-4.300383645000182553e-01
-7.245048757479325419e-01
-8.045607607392648575e-01
-1.197676650919448749e+00
-7.193689307435365832e-01
5.822339619041871916e-02
6.313150289562841078e-01
-4.427602917943365135e-01
-1.093347662262109221e+00
2.366372992972575862e+00
5.424977455174528895e-01
1.000026572680340120e+00
-2.853840014483327581e-03
1.122142518228228081e+00
6.945952193335007685e-01
-9.690254371704849490e-01
1.719735776309792019e-01
-2.469726468949062337e+00
-1.770599250533473334e-01
-1.601242501045510025e-01
-1.103258689392244696e-01
-1.210277471614039868e+00
-2.681470963528764351e+00
-9.532362423303522014e-01
-1.271678431142254428e+00
-3.517582607784003335e-01
-6.572473904675055767e-01
-3.949957164172711588e-01
-5.328597870900437794e-01
1.071440549867241909e-01
-2.354436144553662125e-02
-9.214585480574123411e-01
-1.082626235847329310e+00
-2.012085876805311813e+00
-1.554583043066165349e+00
-7.978467364327024303e-01
4.015534660875323070e+00
-6.723939127109135327e-01
3.739213867187921037e-01
-8.938168831597204100e-01
5.119172323201270913e-01
1.846392847122338754e+00
-3.481413612919002920e-02
-1.350123615033950175e-01
6.015419344863139894e-01
-7.123075977540304082e-01
5.432441536245742331e-01
-1.048582898719593315e-01
-2.857124792020315773e-02
2.670983215726390192e+00
4.385280785888006072e-01
-1.204019143589090790e+00
1.629277856683687409e+00
-2.202390776027457475e-02
-2.236675001822939990e+00
-7.809117825635397692e-01
3.780602024305104170e-01
7.388587357287124124e-01
-4.246510394738690630e-01
2.339986365279957958e-01
-5.156386082263630932e-01
1.174161029553512758e+00
-1.161247592885370938e+00
1.906139362250340419e+00
-2.386244008683529039e-01
2.343019162212705009e-01
-4.302921298214841261e-01
6.357002350985916372e-01
-1.155547125646896323e-01
-6.223532917746010806e-01
-7.410629211196855248e-01
-8.228460823484926578e-01
1.358148982438948771e+00
6.827378605470291184e-02
-6.338963046048564642e-01
-8.561847267800444250e-01
2.829843081246044556e-01
-1.550876724206385671e+00
-6.400304277970955136e-01
-1.933185707934534703e+00
2.572812244870480214e+00
7.163294038462671987e-01
-1.892178356496916791e+00
8.476238762634242807e-01
5.342437555538455118e-01
1.136800437897861782e+00
3.861031572063709505e-01
-1.550472626033239765e+00
4.342236179964999998e-01
3.761445820880862101e-01
-2.259295787727903515e-01
-4.150436809728130227e-01
8.347561064501385353e-02
5.101452619169151159e-01
9.441699483025409734e-01
2.022473033532777853e-01
-1.880098181898605392e-01
3.839675366006641832e-01
2.855565496978413886e-01
-2.499790289035894730e-01
-7.384229444935450637e-01
-8.819712984695349256e-02
1.536107944284246685e+00
-1.323022838666118473e+00
5.602999313809589044e-01
-9.311473693149168174e-01
4.914546775500728826e-01
-1.422708336038159160e+00
-5.785546528163487690e-01
-9.853335927119621918e-01
1.676708251231285196e+00
6.124240954215882660e-01
1.630684352516544866e-01
-1.249300191135941152e+00
