-6.855581161684587421e-02
6.359218827915995575e-01
4.098099432265589481e-01
3.251886481735930534e-01
-3.978920333418289879e-01
6.379368232551452245e-01
4.263364035280261533e-01
-2.823521480237420889e-01
5.309313913544841945e-01
-5.777702681503402715e-01
-7.797427950393942542e-01
-2.732836961154911926e-01
-2.363504443884578698e-02
-3.386425048609102983e-01
9.359399248514828074e-01
-6.251003211534027493e-01
2.423972962948555132e-01
4.843718962599263822e-01
-4.475480882302509400e-01
-7.584244508513222627e-01
-8.069235388233482187e-01
1.354967102547792734e-01
6.990841961815235095e-01
-7.487288160641416557e-01
-4.884654938408257152e-01
-8.257275844750204818e-01
-9.699829090485294625e-01
7.159299726822854204e-01
-7.745914618127294204e-01
-4.420365133884107678e-01
2.936974060877834969e-01
-6.840286923866016888e-01
-2.876932576463135938e-01
-3.399057215104868135e-01
-9.160483306842381879e-02
4.436980697797237028e-01
3.380192316992378654e-01
-7.924240559424189367e-01
3.462320428305731834e-01
8.843557326431443766e-01
2.380264783674510554e-01
8.034879322166861293e-01
-2.985284649725894468e-01
2.083160076138876882e-01
1.624827774049053541e-01
-5.543297823116066780e-01
7.008558151499186817e-01
-4.671718034331353575e-01
2.088554738529122545e-01
3.666789503990015575e-01
1.347586855094662361e-01
-5.459836321735822562e-01
2.045009866619407202e-01
-4.076043819691215209e-01
-4.650918472861462760e-01
-5.377864478349918542e-01
-6.226551920464946654e-01
-5.154477949265976466e-01
2.694054493690714036e-01
-1.103239875420685134e-01
8.902361608429203432e-01
5.729526923067775890e-01
-8.228436652747963542e-01
-7.030927737583019255e-01
-4.005435295161858811e-01
-3.151828717740494668e-01
8.237943420626463453e-01
-5.457037333905188081e-01
-7.680181142729309851e-01
-2.302423288427470904e-01
-5.191799933979113213e-02
-9.867856353095294519e-01
-3.381563822472162251e-01
-3.577842395994585978e-01
8.239012188719727625e-01
-1.883181874917740917e-01
4.121562640906595298e-02
4.751908583275326059e-01
-1.755432477387020018e-01
5.131027888217492006e-01
1.075791024304439958e-01
5.949760816247304795e-01
-2.863619410419708800e-01
2.806695132724943420e-01
-3.690322619332428999e-01
9.974250285451224940e-02
-5.774161047641035438e-02
1.394036603544688280e-01
-6.246990975013848590e-01
-8.887618326073849495e-01
-7.307364501602566786e-01
-3.393611914418253050e-01
-6.672091438283733744e-02
-8.578083704199799264e-01
-7.567171796911185133e-01
4.234089032577790235e-01
-4.134015275371796250e-01
-3.418816173060386099e-01
-9.752229134189092097e-01
6.576400035788250165e-01
-9.540364024046379399e-01
-9.915356751348343156e-01
-8.085688651626037338e-01
8.907406154785999508e-01
6.020694599955453974e-01
-2.697339087857888451e-01
-4.253764484615560892e-01
9.563314901717741012e-01
-8.329643057690629959e-01
-9.339303218107415372e-01
9.545191010727700487e-01
4.650669239055496007e-01
-2.115316656698300601e-01
-2.768804662945623107e-01
7.633712149793114854e-02
-1.257431850079204771e-02
-1.343763053056608037e-01
-5.696354068909532664e-01
9.800119052829270316e-01
-9.543448652198651683e-01
-4.770770081018258502e-01
7.371780873966526926e-01
-7.679546440407585273e-01
-8.252891070108667737e-01
3.863616516267187606e-01
-1.637189573461053094e-01
5.836658539969361570e-01
-8.332624252325913083e-01
6.833830185861256012e-03
-6.307667807688921435e-01
4.837167683831937737e-01
5.399998730367414623e-01
2.767112396246067529e-01
5.908013485218499561e-01
-1.090226048150271243e-01
-2.646359854835420578e-01
-3.804054703729051745e-01
2.435397747405860791e-01
-7.132533735549930753e-01
-6.363978210852903050e-01
1.910233317969698419e-01
5.375974395949656426e-01
-2.850212494717847544e-01
-1.244577302874543268e-01
-1.458946819628987868e-01
7.571826915285357895e-01
-8.008529836617808151e-01
-1.471582746581516776e-01
-8.501861579330500795e-01
8.447123309407553737e-01
5.729494696449011215e-01
-5.958009753961865940e-01
-6.248394301203186174e-02
-4.043024834984416671e-01
-4.076648559136060168e-01
-4.923689949158893686e-01
6.293516068962978771e-02
5.827601956764094648e-01
-3.204272853955927314e-01
-5.441572484032191070e-01
9.472174650411790964e-02
5.647098854199985585e-01
-1.671735007155221719e-01
1.567730134017648602e-01
-8.338145487337573769e-01
-1.200165091511706805e-02
4.879433136885511502e-01
-5.775716050839740934e-01
3.360337001232653886e-01
-3.462876155125884647e-01
-5.816199429519870456e-01
-4.146953724988811096e-01
-7.156525106542803716e-01
1.160405434383877665e-01
-4.593882153371622312e-01
6.440718826540998698e-01
-2.629227535691180950e-01
4.557500638938178916e-01
8.132172877104524300e-01
4.889443660748162834e-01
-3.445389500551607753e-01
-7.076696063725165242e-01
-6.092634145352928687e-01
-5.959868889643860079e-01
5.686414101354084760e-01
8.344986758400425586e-01
-7.334072106086608756e-02
-1.790652464152482359e-01
9.318909571608040565e-01
-4.654786525628178406e-01
-7.085098825834859060e-01
-9.098591100618091954e-01
-4.483454207676638159e-01
-9.575344927523554706e-01
4.434471875559815590e-01
2.621353018795609113e-01
2.290803440769892951e-01
-1.524285268952421113e-01
5.106176901425145687e-01
-8.543770428478449919e-01
6.674261826488678828e-01
9.671097461692339525e-01
9.623881615045017934e-01
-9.890778581862389451e-01
4.178616351579163002e-01
-9.007142479409091518e-01
4.834122704262280301e-01
1.693926041965938545e-01
-4.792616775153208941e-01
-4.832946262935586823e-01
-8.954283447819177955e-01
-4.503480355825308923e-01
8.224049318030259847e-01
-4.105759426759103548e-02
4.668455738513144215e-01
-5.358978600864023889e-01
2.340282746298549821e-01
5.503472815440582089e-01
5.463012316341517849e-01
6.392809139297876975e-01
-6.823587078225117342e-01
4.260754570034877009e-01
6.993699435398381681e-02
8.388015098901524524e-03
6.529297218664367186e-01
8.280068736985239930e-01
1.915947461992835166e-01
9.134742608612762549e-01
1.010455291405467637e-01
9.755146326525983014e-01
3.339399000035232490e-01
1.218594801596721844e-01
1.279047015326100212e-01
-5.607427840866829882e-02
2.135536335110339579e-01
1.539689370532131285e-01
-9.172555006831799584e-01
9.988256849642180857e-01
9.052247297317861374e-02
4.194764605498477739e-01
-9.631455012168315122e-01
-2.768000839351936193e-01
-9.206746509441983140e-01
3.449254002123982588e-01
8.861670715492657724e-01
1.048424594769474805e-01
-9.912177281984480004e-02
-3.221835392020411248e-02
-1.741817288316060974e-01
7.466592649672310067e-02
-2.933751060763212237e-03
5.098177102542928996e-01
5.438482694942374795e-01
-9.886692529046605671e-01
6.006399419592372002e-01
-4.883231759947237460e-01
3.742289197020858271e-01
-8.502650390917070311e-01
8.091308755089476890e-02
-5.158035771988411788e-01
-6.300937565014164132e-01
-7.246092929523848536e-01
-9.462914347696054218e-01
-6.072895516199143806e-01
5.659758358391482336e-01
