-1.568277890209589742e+00
-2.113006162435696389e+00
1.592980797703626994e+00
1.295409040458937788e+00
-5.918281559670824921e-01
1.749134246442176410e+00
3.779899559233570461e-01
-1.057127857060287113e+00
9.852770312381753381e-02
6.236822510623435400e-01
7.802279966747351914e-01
1.017087463306264095e+00
1.962168019541166708e-01
8.175741075947769998e-01
1.137434398567425120e+00
1.292480596385369385e+00
7.190967468119082717e-01
-3.306268540921772914e-01
-8.294994688880543698e-01
-5.331251793400429984e-01
3.834190068477811852e-01
1.569085233323989526e+00
1.067267755182623290e+00
5.331459549505007667e-01
-7.483081631407650924e-01
-1.423796538077652052e+00
2.590308909701119155e+00
-1.335108735186990803e+00
-1.924040432007929180e+00
-5.269650467925020010e-01
2.461879163373168478e-01
3.496356480183919757e-01
2.358864723525331275e-01
2.109465200879490354e-01
1.194708889338021551e+00
6.520086723427254149e-01
-7.884915675035291116e-01
-1.667660300266052387e+00
1.783177639318312080e+00
-8.960268413436175416e-01
9.420837301346818293e-02
1.212474551283839963e+00
-5.538391993580449313e-01
1.087696949080559694e+00
1.545109073824069590e+00
3.947979036280344189e+00
-2.498185518473379219e-01
2.387426786383707533e+00
1.252442475423510171e+00
1.419094533917374834e+00
6.337529540187541999e-01
-4.547749010114910950e-01
9.718558279216240603e-01
-6.973425042289553843e-01
1.619865620468606826e-01
-2.374538784184039297e-01
-3.437597730915845085e-01
5.377057825748433828e+00
-1.970131971613653388e-01
-3.305582917114384123e-01
7.852726111277934518e-01
-1.934861928791546060e+00
-2.252783106576661254e-02
1.660262375169775151e+00
2.019638825267366933e-01
-1.723287500220525847e-01
2.499827973828607774e-01
-7.165979982806947035e-01
1.330294581284606759e+00
9.668076452998115577e-01
2.636872869990070534e+00
1.826604157245206306e+00
-3.831206139632081786e-02
-6.818120185728528959e-01
9.383512605211366542e-02
2.713620886178833569e-01
3.773980144438484619e-01
-1.527483169889216619e-01
-1.308438605518265074e-01
1.545203357166890612e+00
8.812195309562423917e-01
-1.409040892816775692e+00
-3.148727578555146622e-01
-1.129805641312801479e+00
-5.248617766859742240e-02
-2.667558365384818941e+00
8.351815147331744793e-01
1.549089667073793475e+00
1.236897900939548878e+00
-1.581022222788412979e-01
3.464304229327321294e-01
5.638011497028434515e-01
-1.159807425092538535e+00
-1.292868855361823277e+00
-1.941914804410477480e+00
1.198295826952566201e-01
-1.460561675804277870e+00
9.788182516527510479e-01
1.379963752510718678e+00
1.395169257404167418e+00
2.659736665703081870e-01
7.528587951871694717e-01
-2.931832132755513243e+00
1.433858144470436580e+00
-3.943439218618993158e-01
5.775362669007324534e-01
-1.888731835980861917e-01
-2.136730888128631767e-01
-5.420761270476387672e+00
-9.394958362106951011e-01
6.994463879620407276e-01
6.780914450721924336e-01
-3.743114314038507029e-01
-2.950732334628304532e+00
2.924474336808401409e-01
1.804251138032519686e+00
-1.962236605078484963e+00
-2.261847245023473896e-02
1.670648583376650453e-01
4.678477579098549999e-02
-6.973409203944775925e-01
-2.263307679624983582e+00
-2.282091659444000165e+00
-1.462623639248343821e-01
-3.751980530701277128e-01
-1.025727723764043642e+00
1.621986556239261024e-01
1.583512675029170813e+00
3.130305891498763593e-03
7.100009458159335374e-01
-1.332245692837894513e+00
9.311697523332951310e-01
2.242952746386579044e+00
-3.506506972853489223e-01
-1.058096862416772810e+00
8.703263033631184475e-01
-9.104858700372285840e-01
-5.252212162156109088e-01
1.093217426547872684e+00
2.732535922804049111e+00
-1.933930751721124608e+00
2.587632262966376384e+00
5.115078323585825482e-01
2.055013611512292115e+00
-1.104498829994559728e+00
1.965208386086170211e-01
-1.663603857382810747e-01
1.018498650151002938e+00
1.957452207198136507e-01
1.294558277500238663e+00
1.531444320180891383e-01
2.143667783853587139e+00
-7.143338039341267098e-01
-1.736549053124051278e-01
4.393561608492376758e-01
-9.544840405094623392e-04
6.265182443461541073e-01
1.810448815436779268e-01
-2.668112711199902343e+00
-1.035066251248287772e+00
-1.154360329281731712e-01
-7.557197318409936138e-01
-1.249778228139764025e+00
-6.025796619506744722e-01
-4.128592481351318622e-01
1.026640235108805310e+00
1.079378808740839801e+00
-1.592118959519842392e+00
-2.186690034354084489e+00
6.852675495620039747e-01
2.388134869508952818e+00
-2.028736532449701535e+00
5.551451208138938886e-01
-5.269754776278490205e-01
-1.530909753235706994e+00
-1.057880359876396614e+00
-4.467212451489088743e-01
1.697997462165833582e+00
1.470099755820232890e+00
-5.457794072859152301e-01
2.491779711595892288e-01
-8.087449847438277217e-01
-4.203259108484312667e-03
-1.213495320105018038e-02
-1.407214878504894573e+00
5.662874719078422325e-01
-3.297249187875488374e-01
-2.009032822047008171e+00
-5.070631149193747245e-01
-3.324720290235683606e+00
-1.573323073665257699e+00
1.649601394036322777e+00
-3.390725852149944597e+00
-5.977177054460538486e-01
-2.179187409321497348e+00
-4.636131477481708618e-03
-1.505746060123112962e+00
-3.493794799039122712e-01
7.912151947991334922e-01
-2.727280995069616409e+00
-2.061509880089696711e+00
-5.751493544822681991e-02
-8.084646175940735091e-03
7.676670273757875140e-01
-1.093306234761822315e+00
6.915205504241979106e-01
-1.715638887074987018e+00
-1.658766257399403310e+00
1.440454460077694065e+00
-1.703731241919786532e+00
-7.794549844844391728e-01
5.108236281683653512e-01
9.484664316919055871e-02
6.537517070556084775e-01
-2.462308771645107086e+00
3.884514368642478233e-01
2.774836893965957341e-01
9.302007581499236455e-01
-2.734218695939296673e-01
-5.007461516793094702e-01
-1.826980896367051965e+00
4.424923205090012246e-01
1.138481476659459202e-01
-1.428850392322706497e+00
-1.860265743399443172e+00
1.436159157238204864e+00
1.319632287524993064e+00
6.984324172869909031e-01
2.699462358344356439e+00
2.890470636299913298e-01
-7.967925556584148916e-01
-1.372781160653769650e+00
1.855362607367080585e+00
1.866319880475013404e+00
-1.827268551953951659e-01
1.239567832230277666e+00
1.334088693402203596e+00
-1.012551965141453625e+00
-1.657202944245401710e+00
-8.104693614097463472e-02
-9.498656264223044321e-01
2.709061328610159469e-01
1.238348503985706506e+00
3.733105753165111285e-01
3.654806036302013172e+00
-4.249053153236972413e+00
5.866342883149393561e-01
1.198385686270110995e+00
1.069381826875112296e+00
4.967430431247596978e+00
2.960023252362006030e+00
-1.762120278982676758e-01
-5.399260355287989199e-01
-1.931539707080141000e+00
1.044642570175398077e-01
3.847283371982155753e+00
-4.467653377121156844e-01
1.655849429229669489e+00
2.817803469709818653e-01
-9.659585918920363667e-01
2.147947301317918001e+00
2.061497797936753251e+00
1.184845704015772494e+00
8.238441449501476832e-01
-6.713579807769303187e-01
