6.455617682254162215e-01
5.303883338756674171e-01
2.520534348370317979e-01
7.827296287262823782e-01
5.034889943507550036e-01
-3.997484397908457332e-02
-1.779480031323599221e-01
5.725990532678886247e-01
-7.354066585885892238e-01
-8.745757986731339528e-01
-9.184229200605531496e-01
-9.302964001116320603e-01
8.613174823653482193e-01
-5.551461830693626975e-01
2.145968976198444622e-01
-5.840925354679677994e-01
7.295233177832405325e-02
-5.222470176772471273e-01
-4.880499616993119183e-01
-1.910425643763338233e-01
9.915714424395891680e-01
-7.209529929759173061e-01
-8.030883742803576197e-01
-6.214302429740417022e-01
3.256122745640506189e-01
-8.378179121079383229e-01
-7.470036511956243963e-01
-3.467051907970204461e-01
3.592966007294273734e-01
-1.480133756691652813e-01
-7.191726277208216889e-01
8.599425418728714465e-01
5.395910690192970982e-01
-4.453869212066992045e-01
6.740541807243540795e-01
6.394751164272576283e-01
-7.326442475650569719e-01
-8.500211609769325882e-02
9.929880683543910180e-01
4.517624013255105986e-02
9.387198293093210744e-01
-7.176208448868743872e-01
-2.537243627267586898e-01
-7.629991882196256459e-01
-1.898848212996184781e-01
-4.869531850182042820e-01
5.557910655158719848e-01
-1.217063476307000958e-01
-8.819846971619855758e-01
-9.874110826760529314e-02
-4.778008316583177706e-01
2.241129597081115143e-01
-4.529668386324237073e-01
7.637049611377826341e-01
-7.539962666385844337e-01
-3.751750171716361493e-03
7.637716770975722103e-01
6.296374054362332551e-01
6.241446106214447731e-01
4.194736049390939137e-01
9.552666568428880289e-02
2.301333049121410124e-01
-4.860639013061551772e-02
2.720388749918889459e-01
8.693269091240589663e-01
9.181470627644712224e-01
9.144574018387818803e-02
-4.154798648621811363e-01
-2.749897420749438659e-01
6.603626630911691997e-01
5.699525055141447805e-01
4.376704449707411460e-01
9.130339465224679429e-02
8.470500675879841790e-01
9.976865895861142253e-01
-1.214538065518624421e-01
-7.328380109156815703e-01
9.751717940129291939e-01
-3.629093114583841206e-01
-9.556449116855354475e-01
3.756944758193037082e-01
6.113285415302720516e-01
1.923984757358407904e-01
2.618928178959722963e-01
-4.826874671301131237e-01
5.866102477205521470e-01
-1.242514048543543748e-01
5.645043098356075095e-01
-9.940391789100726516e-01
4.488855665679352125e-01
9.287245528170344766e-01
5.583209993660580572e-01
1.327856438172816400e-01
2.656889677074198985e-01
-8.228905489214377589e-02
5.712244460784252631e-01
4.143714072329571785e-01
4.673513097031392061e-01
-6.155810749224093215e-01
-4.205146998227087263e-01
-4.489841907744873684e-01
-8.108882375622883387e-01
-1.735330128215268886e-01
9.795168783588725780e-02
9.502999862508985096e-01
-6.247113002761934819e-01
-9.643972623650798326e-03
2.624299340602995745e-01
6.132267963973720981e-01
-6.578678609336199301e-01
1.514842483574587728e-01
8.332545330489993241e-02
7.765709254441148790e-01
-9.711104092310707259e-01
5.385607929268523275e-01
-4.016685858445165902e-01
-9.737386412160329296e-01
3.133000896275508484e-01
-8.151193612325413618e-02
-7.791168378716486487e-01
4.556742548286809580e-01
-8.808396373348130748e-01
6.982491004469126850e-01
8.658737262415294733e-01
-7.358737078607586746e-01
2.969203040486581013e-01
9.964613226865730589e-01
5.352421460040814871e-01
3.823330356258549667e-01
7.380736543418824347e-01
5.934072427833962937e-01
1.194038158281340856e-03
-8.830267676568621660e-01
-4.353630143345603720e-01
2.113274807117559995e-01
-6.535625235680619927e-01
-8.245250705823901072e-01
-5.951775779276324840e-02
-8.076823737200877762e-01
3.362092996800389866e-01
5.967116546380681896e-01
-6.694411339917165638e-01
-1.377218228739851558e-01
-8.563577786268343761e-01
-3.788548473212169920e-01
4.429349139529470403e-01
2.334672188248017033e-01
7.929600151809821362e-01
7.118394564968011373e-02
-9.311373189969269770e-01
-9.890382703815103760e-02
-6.954158540699915125e-01
8.782008938119778563e-01
2.969203040486581013e-01
-2.633597342231666083e-01
-1.407168358374868422e-01
9.728385370385572717e-01
4.642550296867682391e-01
6.365800685412317250e-01
-5.408907677905157030e-01
-3.015868962577135104e-01
4.882828470508862040e-01
2.624299340602995745e-01
-6.058908671613107977e-01
7.657909093432269110e-02
3.193829897640114712e-01
2.720388749918889459e-01
-8.800285597635100210e-01
-1.881675529862609775e-01
6.151040883036815732e-01
5.143032488166494609e-01
9.662280926619206678e-01
-9.180316857928005891e-01
3.602995858433684084e-01
-7.134971996438124187e-01
5.231093904342021261e-01
6.316641116685537405e-01
8.182550885030235310e-01
8.913218314912696449e-01
-4.084937074476955310e-01
3.876640053556426047e-01
-8.328369486851074921e-01
-9.199203348067259700e-01
-3.015868962577135104e-01
-8.751316993288880131e-01
1.310266421790575730e-01
7.019343394247334889e-01
-1.514589837054767241e-01
8.542088289119531552e-01
2.113274807117559995e-01
-5.826578677041183152e-01
1.106239954977252804e-01
-9.915825050725102230e-02
-4.371154633369211950e-01
-4.086036063311180300e-01
7.197469496378985365e-01
1.471483624128835377e-01
6.805489105683673046e-01
-5.490453336810559026e-01
-9.295754032844185666e-01
-9.256151930783542703e-01
1.552850279203756845e-01
-7.814367752409134837e-01
4.336157046774069546e-01
5.092421534944204797e-01
9.661148199573412754e-01
8.419028640228016780e-01
-5.727844878627690317e-01
-2.735266175781880804e-01
7.884519779532177530e-01
9.169935035720855332e-01
-2.971897680608326375e-02
-4.144177168238645237e-01
9.701158959675642013e-01
6.022233796536982098e-01
3.313634217940977233e-01
3.652713349890612804e-02
-9.849972496412728873e-02
5.787686133511735775e-01
-9.615962825523525215e-01
-9.141043229138690052e-02
2.430492966019934808e-01
-1.697450518717007473e-01
-5.126472233289536273e-01
-3.764516526075056824e-02
5.121642343731189762e-01
6.474729582857157162e-01
9.154795554167309835e-01
-2.633597342231666083e-01
2.969203040486581013e-01
4.249673875129145184e-01
2.302173271729168746e-01
6.648724444543250289e-01
4.488213079682223938e-01
-6.366218654007480549e-01
-8.982599550644319031e-01
6.610979498062441451e-03
6.113285415302720516e-01
5.043901751481638662e-01
-1.229904369023935296e-01
-7.548736289268869193e-01
-7.583492437016299270e-01
3.373922341976305361e-01
-5.611877239228306724e-01
-3.761450354592315026e-01
-2.729899154943502548e-01
-6.205768563371778512e-01
6.735790785441666539e-01
-5.358235107308235712e-01
5.737650137268679451e-02
-9.083104646067925447e-01
-1.762336617238484671e-01
6.739119306520666708e-01
-3.943397860286781409e-01
-4.115272936582843322e-01
8.354571324051529579e-02
-9.890382703815103760e-02
-1.275166165257124451e-01
9.908456319290486203e-01
5.809002764190063228e-01
-8.270993305572340581e-01
-7.984587583269275868e-02
-1.972123062761803602e-01
3.302144785140788130e-01
4.390638487470255313e-02
