5.298626338019958304e-01
-6.124920920745868802e-01
-3.513182192754613631e-01
9.072094530494470010e-01
9.213382740671474114e-01
3.271409491791053004e-01
2.076437062362004315e-01
6.208358585053568302e-01
-1.769677953381583180e-01
-3.780513140267152128e-01
-3.315620210629923736e-01
-1.043174921515419573e-01
-3.954925829090478739e-01
6.335140457794197211e-01
-1.325588299647078028e-01
1.457948972744846916e-01
9.395403127574009083e-02
7.617864019348843385e-01
-1.724414876366380245e-01
4.845096069960297402e-01
-1.495394070360756000e-01
-9.306288052134381594e-01
1.610700204758146459e-01
2.552555499604380884e-01
-1.088662417657708659e-01
5.118726495571745971e-01
-3.789872426481939449e-01
-8.479679403626645406e-01
8.019809089242699862e-01
1.548589769451365061e-01
-4.041986742652083908e-01
-8.519211535993276296e-01
-7.647056593374945699e-01
4.874478472588099631e-01
-7.488151897008212821e-01
-4.788738187871606211e-01
-3.953765969224509735e-01
-1.445329422408563325e-01
-6.248036363443154606e-01
-5.056639025143105926e-01
5.558076181454871811e-01
5.942340155306282679e-01
9.596771208567969058e-01
-4.844721399711917620e-01
-7.370546486135136632e-01
3.782289623855816796e-01
5.972258013994675707e-01
-7.736693412152972904e-02
-3.967699383787191003e-01
2.271487010504524839e-02
5.821756249877112488e-01
-1.097757942078998461e-01
6.370115373590852226e-01
-6.879467460462496131e-01
6.830098501679875422e-01
3.979542183699718016e-01
-8.693769573066749690e-01
-6.959004102857473395e-01
1.663402338549115900e-01
4.916910060801591431e-01
7.789118961123371321e-01
-4.184559442764241854e-01
-8.757510339051752801e-01
8.339659895745061835e-01
5.227509451266771912e-01
-3.270900927871722708e-02
1.860866583337528191e-02
-4.618947764353396046e-01
7.676898374354921284e-01
3.996613269862472340e-01
2.418836948081366511e-01
8.479419942152042200e-01
-3.066242845910727155e-03
-3.527667835115557704e-01
-3.851732432866630251e-01
-8.718834920821163514e-01
6.669433521414873667e-01
-1.647254072353057097e-01
7.271674390381681619e-01
-6.741240313560739050e-01
2.329764857791147836e-01
7.797148458456144571e-01
-8.968333362567340039e-01
-9.709472649453008142e-01
-4.888712979960405658e-01
-3.232857436795784078e-01
-3.638689776260348729e-01
4.465059280044223478e-01
-1.189073031367844369e-01
1.320947418786688754e-01
-5.926273278089930763e-01
2.556782195784315093e-01
-4.614914172722135444e-01
-4.239921720033934527e-01
-4.096476433954203689e-01
5.565477159195952872e-02
5.234467877916149092e-02
-6.983145372769605785e-02
-4.171270471635408761e-01
6.528238965619785894e-01
-1.547288809800710929e-01
-3.957992666955962857e-01
-5.720837242862311101e-01
-1.731717495421591924e-01
9.129985362593493470e-01
-5.221842900909567931e-01
4.516891318089131246e-01
7.567673566345121117e-01
8.967466080562056518e-01
6.701016279170737278e-01
-3.084918173243245132e-01
8.622801493710041676e-02
4.734841426800100450e-01
5.062557627260462212e-01
9.342848984923921574e-01
-5.522620183942295036e-01
8.768744546319728883e-02
-9.859082258731266535e-01
-9.855103180575008892e-01
5.018716941381089480e-01
-3.718676727131424720e-01
7.578682928438835731e-01
7.824354326188427411e-01
2.919507208017040334e-01
8.755624936216677145e-01
9.188217003035206165e-01
-9.171460054998767930e-01
-4.181726074316953756e-01
-7.664194642752009123e-02
9.117702347812348673e-01
-1.801010352335468134e-01
5.229632965452275517e-01
-3.814271744535679964e-02
3.327535513702319925e-01
-1.077692296999834820e-01
-8.010482671425922518e-01
-9.188678833925914002e-01
9.917466942019672604e-01
-3.429666643960109784e-01
6.676167732789664022e-01
1.664515343284256321e-01
-5.890911572606358781e-01
-8.459324950276918553e-01
-4.090129990212538758e-01
1.928919539913243053e-01
1.542932669342413909e-01
2.290902498890285965e-01
9.419369521808536039e-01
5.974839526951429836e-01
8.901181854446418296e-01
-8.004202940910096764e-01
7.955804483541304428e-01
8.392953989450153696e-01
-7.240192564944409881e-01
8.598607579042161220e-01
1.523924557053499829e-01
-7.035833822756283329e-01
-6.628097332303013456e-01
7.749456060545687475e-01
4.657003217525912397e-01
3.115683359868528512e-01
8.184909793055239469e-02
-6.474573492286566090e-01
5.257649992920525595e-01
-6.175581130203577906e-02
-2.895836380984779801e-01
4.171101632948868154e-01
-5.944738495931911615e-03
3.021718304431386670e-01
-9.813938230935606022e-01
5.584975947805230767e-01
-8.536133313505234188e-01
5.731617202969709890e-01
-9.987010685509745134e-01
1.272227941379548977e-01
2.724408785804668387e-01
1.635390516518178128e-01
-9.467757441099848847e-01
1.700343412258904507e-01
-3.489656568655665758e-01
2.214884681114375198e-01
-8.531878991114267841e-01
-3.502800822067353437e-02
-7.412660139184430452e-01
-2.136992400383039836e-01
-3.182976384471669640e-02
-4.299417666345957123e-01
-3.362962446593946719e-01
4.634932208400732723e-01
4.087566478785054080e-01
-6.781836972982120404e-01
4.145915438626621707e-01
-3.036568984073126920e-01
6.932975757898314217e-01
-3.049495157559645175e-01
5.349575504201040665e-01
7.075122632784709431e-01
1.928967755306036924e-01
-4.200920538575148022e-01
-2.370905089546102573e-01
-5.819856348386931444e-01
-3.306226597480750318e-01
8.819249522527061735e-02
-1.219322311418931104e-01
7.418676654500344636e-01
-8.877072408381401214e-01
-6.677656780083303101e-01
-5.258607718032242140e-01
6.714924709935692348e-01
-3.472896982532729382e-01
-2.855631356647341246e-01
-8.467250141137554476e-01
-6.307437166823941510e-01
-6.372533333306666936e-01
2.913995756550034066e-01
-4.201753599948510054e-01
-3.101934687157748005e-01
-4.936318569673681100e-01
2.947821153405905115e-01
-3.250920275960356154e-01
6.673928944146856335e-01
2.616546957565799580e-01
-5.880008481746683557e-01
-1.506531023322332796e-01
6.356091508572327964e-01
-6.837129017602916470e-02
2.899667294686159025e-02
-1.991385113696977349e-01
-9.902567918731741692e-02
4.281065733226425696e-01
7.595779719891584403e-01
-5.720897203801993403e-01
-1.294067458856358321e-01
1.722448701887546729e-01
-3.430763707170179089e-01
2.832755157490731701e-01
8.330308822577141559e-01
-6.264433108938614048e-01
2.892654495836193274e-01
7.129059047886041611e-01
7.606260766362540338e-01
-7.152523299814774749e-01
-6.367485877898122482e-01
-7.166850985814627872e-01
7.671019451849980797e-02
1.246950192250717571e-01
8.685768391928683219e-01
9.373927575249940691e-01
2.521994245988554706e-01
8.789472266708679982e-01
-1.813537956768640491e-02
3.176466879788750752e-01
-8.263969326613735955e-01
7.667523600624992497e-01
7.169773448174583397e-01
-3.341770977772977602e-01
7.506167221617880969e-01
-4.397147835064152410e-02
6.557505379595225392e-01
3.930017916658410382e-01
-6.481652599049461116e-01
2.954618412434213415e-01
7.954304394452453852e-01
2.247266717321287910e-01
-2.510031467097664226e-01
