3.732751671212968247e-01
6.458067786698867829e-01
-2.182132654398505345e-01
1.147099792272056329e-01
5.654156971173363022e-01
1.049104601615048260e+00
-1.697164059888740528e-01
4.306797523343252720e+00
-4.617417039991338790e+00
-4.696790178048121378e-02
1.792261843068473581e+00
5.277059274398185895e-01
-1.727524663334104815e+00
3.819159046776102739e-01
1.812258054534322538e-01
-4.488779154610060829e-01
-6.947150188792261538e-02
2.278241602878564365e+00
9.483417404552394459e-01
3.702425631740239531e+00
-2.278521732111088216e+00
7.932546727048932489e-01
-2.681739243023455010e+00
-1.398981962544629365e+00
2.569517299512914743e+00
-4.163509321698736776e-01
7.247639242242065460e-01
-7.016248707998162804e-01
8.158603578862668737e-01
4.277010607636863027e-01
2.387653673319969805e+00
-6.695402423061629360e-01
-2.820074105098925976e+00
8.380454709349763887e-01
9.631151112127640523e-01
3.280728512618248383e-01
5.035817315200494804e-01
1.066177314977281965e+00
3.482813688477046088e-02
-2.873586864943670882e+00
6.920791360640210499e-01
1.397538383163874576e+00
-2.512624217136859350e+00
4.064295781423146181e-01
-1.267913227007351651e+00
-1.997683634851860068e-01
1.167523833488954610e+00
2.009219595229001509e-01
-4.760660701277685813e-01
-3.564290840189920373e-01
-7.854653579299755162e-01
-1.421088833352617264e+00
-1.717595419744791796e+00
2.697807328635717372e-01
-6.250619922105595805e-01
8.117194636935982643e-01
4.538628568648561679e-02
4.764418380685885301e-01
-1.259380593943790538e+00
-8.513136816389510475e-01
7.506916411319903837e-01
-1.204858982499696696e+00
8.361884686074194661e-02
9.925354299277664438e-01
-7.548726249307944336e-01
1.981829627141474592e+00
2.915596799076819456e-01
-1.706814121162266940e+00
2.060189102850237486e+00
1.278923011022653766e-01
-8.170678912147697481e-01
1.653316707279642861e+00
-3.680899673179508502e-01
1.672594977010285699e+00
-2.183198081632710341e+00
1.891232498713099952e+00
3.581969877587281026e-01
-4.669937162178585677e-01
9.039163868438968574e-01
-1.508127529828734437e-01
1.478144116524933160e-01
-1.112640355093543754e+00
2.021167690283471430e+00
5.298159922659295695e-01
1.507759687217321787e+00
-8.145199073190295680e-01
-1.496228511662364591e+00
7.686519681213335176e-01
1.074809299515365080e+00
-3.497554513749474570e-01
4.757909118626008071e-01
-7.465050347657556928e-01
-6.449436746108011542e-01
-1.346642247210526833e+00
2.239527290035077556e+00
-1.452646501109490895e+00
1.659696508218683419e+00
7.835308799608464714e-02
-1.202704365283048693e+00
-9.225821503243667454e-01
4.495667184449138043e-01
-3.024742047330489125e+00
3.281558692889887663e-01
7.255351790908167731e-01
3.061391344619002197e+00
-4.274059543790562632e-01
-7.089308713959111552e-01
-5.731281497630255073e-01
8.256033668391056235e-01
1.545490747799538322e-01
-8.149121077664995827e-01
-1.718950390871005762e+00
1.825968893338483223e-01
4.837229139837195824e-01
-1.601030839970600139e+00
1.147454571916975974e+00
-1.989705160466914702e-01
2.546018769678566773e+00
-1.081605787831056320e+00
-8.223208409695703658e-02
-1.015991693724392464e+00
-1.064193761726905274e+00
-3.319065585236311122e+00
3.959413035907077827e-01
-2.228471475944696856e+00
5.034663090965342258e-01
1.406728057080401495e+00
-2.250297896759585470e+00
-9.577161638391902265e-01
-2.213256196604381110e+00
1.988934423911206562e+00
1.762945927558306591e+00
-1.667879533610284959e+00
-1.309616507436947241e+00
-3.208163069048735050e-01
4.900537079670786333e+00
-3.366512251692264535e+00
-1.020980580826687190e+00
4.656947287527362089e-01
-7.439453766702859294e-01
7.935036325531215073e-01
-7.107578525959492577e-01
2.518235701817070016e+00
-5.042413603771145336e-01
1.443031508629711857e-01
4.661483117814705923e-01
-3.355318126161510150e+00
-3.718699457953482668e-01
6.927475179314209752e-01
1.503319827216554883e+00
-9.525075544339522970e-02
-4.626267884141170850e-01
7.801531185252637002e-01
-3.094975706883718036e-01
2.344720378045391795e-01
-9.553487999436025557e-01
1.747144206952427004e+00
2.550961340996676263e+00
-4.378537060864275965e-01
-2.790263489563482580e+00
-1.249603961809946595e+00
-1.455488667640547851e+00
2.702132910485823825e-01
-1.445081225997803642e+00
1.299866033513164543e-01
-1.411150533557906428e+00
-1.780663449348340865e+00
-1.840273116210200843e+00
6.596210363778349794e-01
-1.087442656743140779e+00
1.647443223006668456e+00
-7.433136228676191504e-01
-7.868184495438542703e-01
3.146796557621930113e+00
-4.329580461645328171e-01
9.851955414699551383e-01
-1.008726425948276995e-01
7.370586966816428109e-01
3.142704232279267540e-01
2.906153141882831914e+00
-1.874116268830564813e+00
-7.264814904876235602e-01
-1.383197599177781179e+00
-3.469146013717492316e+00
-3.068464239643725611e-01
-4.517488740320719787e-01
-2.732513017695529456e+00
7.617853790637616473e-01
2.384678051202205884e-01
3.390973748792702747e-01
3.681062778091617194e-01
1.517800618832806592e+00
-2.421066968424674837e+00
1.315162217218445728e-01
5.901390853511443435e-01
6.720044169489214347e-02
1.493772557338448825e+00
-1.281198363884050284e+00
-3.192706320688285526e-01
-3.473378036805046420e+00
-7.286917508754364725e-01
6.791980398671071395e-01
6.668655404398395881e-01
-1.527578723872837774e-01
-8.466744950559990102e-03
-2.598340946835553389e+00
-7.237831547782076491e-01
-1.838090269130475241e+00
2.052637658970319023e+00
-1.667649466408890335e-01
-1.613708923093883918e+00
-2.477470864108883009e-01
1.933832079470389598e+00
2.512928351520009151e+00
-1.502892289164722506e+00
-2.187919291856981197e-01
-1.106612943363383339e+00
-5.529347980147460984e-01
8.129060603555208209e-01
2.135374492584815043e-01
8.549354590885878125e-01
-8.613209721521086770e-01
-1.215141535917015903e-01
-5.178969397045716239e-01
-2.210603191108805321e-01
2.654496642124358985e+00
-2.704525472645491035e+00
1.924947745194422577e+00
1.620574234993627405e+00
1.431921521339416969e+00
1.229243038530238863e-01
1.262023545923822265e+00
8.231062220370356508e-01
1.656834086420468921e-01
1.145591025694671528e+00
-8.668357583621488782e-01
-1.434268846690026855e+00
-1.044490542521310683e+00
-2.362211735945556335e-01
-2.206972079960339617e+00
-1.305069171533778327e+00
8.627572104232388295e-01
2.448398014889197505e+00
2.437998104920293674e-01
-1.639334013602741003e+00
-6.630354335838040125e-01
-1.594955510239309593e+00
-1.121156072167834861e-01
-2.159849412713197747e+00
8.305407196879623921e-01
-8.274002619727913732e-01
1.722649007725222392e-01
-4.478932182074317758e-01
-2.792739720019103089e+00
-2.670738393803575583e+00
7.006995191146205837e-01
-2.988964809703487546e+00
-7.445660650971475114e-02
5.719232172460957386e-01
1.599185789290999749e+00
-5.622847820557275167e-01
-2.295414037570454868e-01
2.494363647483845980e+00
1.410442900214141648e-01
-5.657295594235844938e-01
