9.739655934060393871e-01
4.485727342750047697e-01
-1.394735976864780458e-01
7.530841816147848533e-01
-1.533490131811918733e-01
-4.527939425602576229e-01
-4.726817739100854787e-01
5.950628137459463840e-01
-9.924354376347082063e-01
-1.902824020070279509e-01
4.685830568145108455e-01
7.119190535994381897e-01
8.714471532973855350e-01
-3.103402459692998772e-01
-7.279670966490490169e-01
6.124475936158972900e-01
6.565165468000702109e-01
8.237859850712592191e-02
-3.505742149195913981e-01
6.331735008923189412e-02
-2.325375921758103814e-01
-6.052238452955400749e-01
9.727070977250802386e-01
2.159870476082126345e-03
9.752312173615098612e-01
2.788546677777008487e-01
-3.391514826385444437e-02
9.323152963987544339e-01
4.876921975453052394e-01
-4.578684894212494694e-01
-3.469685796707688841e-01
6.937391557895737915e-01
-2.356370726547905026e-01
7.299698500116951205e-01
-7.265333191233569465e-02
4.782397773420110632e-01
1.024266257118542356e-01
8.110048832657272833e-01
-8.661594892005808344e-01
6.501895368250067975e-01
4.456898395793562617e-01
6.217150625086178550e-01
-2.858796669852425865e-02
-5.347820699852714466e-01
5.850892735763366659e-01
1.167836612702277677e-01
-4.675806187347832932e-01
3.353424576022190351e-02
-3.903011114371244261e-01
4.144664696154549688e-01
-8.881581447490960457e-02
-5.352861360963672155e-01
-4.602552216616877523e-01
9.775304113227500924e-01
8.640802519430721418e-01
-8.875811178204333629e-01
-8.661594892005808344e-01
-5.647145432543656529e-01
-9.738200580758897829e-01
5.939888607799694853e-01
9.482700348238941590e-01
-8.658089903389327713e-01
5.128312360367743850e-01
-5.800727469782223089e-01
-6.725726371841715956e-01
2.302433991041161754e-01
-3.696462623430445404e-01
5.347548996107283070e-01
-3.125780384826393199e-01
-9.010813824126202576e-01
-9.576515340532210097e-01
2.233532225853573916e-01
-8.733153311157897392e-01
-8.205503237890108270e-01
-7.111501333815237746e-01
4.277728894940180382e-02
4.839626358570394693e-01
-5.679585436681811039e-02
-8.461572156257646249e-01
5.190917675590620561e-01
-4.545319876112217106e-01
-8.846950130492408082e-01
-8.640414524466386581e-01
-7.064252201621703531e-01
9.236198771607595503e-01
8.495580080834019832e-01
-4.431795322624689781e-01
-1.257856991606896013e-01
-6.381019489979493642e-01
-8.416764943096350926e-01
-7.092362608226199239e-01
8.027482126597940137e-01
-5.712909537638588553e-02
-8.913175868234495258e-01
9.417090987899268129e-02
6.989220621435039416e-01
2.175504026618344522e-01
-8.394114283585629721e-02
4.187866791560406199e-01
2.110243202582964273e-01
-9.157355802661804045e-01
-7.653732390385834528e-01
-1.725224039529706932e-01
7.033951412999988051e-01
8.343451365220113658e-01
-2.196280045396157288e-01
-1.297643868184874538e-01
-6.936446944243195301e-01
-5.843489012976141872e-01
5.832051892591685327e-01
-8.871739033264192109e-02
7.086056337638755309e-01
9.507096789734230669e-01
-1.568240889940275551e-02
6.153332906943331793e-02
-4.160615606527746646e-01
9.240967495902707718e-01
-5.198712165571406363e-01
-3.651619004170638672e-01
4.364205285923761224e-01
-2.422284195242643268e-01
-2.151473032935198315e-01
9.663289600897988496e-01
2.326717859196369975e-01
6.383122373731584531e-01
7.536862007161677646e-01
7.587887421096064511e-01
-8.939394557867974545e-01
-3.264909754829179445e-01
-4.220997509535651115e-01
-8.176471175227162380e-01
-8.538062484138704278e-01
6.365838133544363675e-01
5.722360236296686331e-02
6.374025065057653539e-01
5.218782940717980878e-02
5.246106445894147541e-01
5.384351343863680306e-02
-6.890218369798926101e-01
-7.918184992057963889e-01
1.036018961624298740e-01
5.128312360367743850e-01
9.303269901416220122e-01
-5.986035359501296060e-01
-4.413381872407053930e-01
5.781136564053119820e-01
5.218782940717980878e-02
9.389939533566915575e-01
-5.680285596531573500e-01
1.106380626657370581e-01
-1.560302890390012909e-01
-6.514006842686685950e-01
-6.923208367447630796e-01
-9.403669283367221965e-01
-5.462601495114558503e-01
-2.062928920765594309e-01
-4.556763106296657373e-01
-2.482572970732439543e-01
-5.901717728326163481e-01
5.060317827904718957e-01
-9.183628539629757892e-01
7.640568360364092815e-01
7.515275025879202264e-01
8.318867697504681580e-01
1.996043724664835484e-01
4.590675118526048593e-01
6.372623163782795697e-01
-7.402032199496966225e-01
-4.429211167219566647e-01
-1.270344775763061484e-01
-4.502384455943873043e-01
3.362999166582070210e-01
-3.497737742981055220e-02
-4.590438382885277946e-01
-8.821642980148205471e-01
-6.964544897292856973e-02
-3.601487974366035516e-01
5.527278076492949666e-01
8.529014296799430905e-01
6.436433185361745135e-01
7.193315044440271588e-01
-8.720931077649414220e-01
-2.018647388126009190e-01
-3.162246128081780405e-01
1.606917609046678574e-01
4.863353530997427399e-02
-1.577453381092874807e-01
9.303269901416220122e-01
-6.675313534088140877e-01
-9.677894869903838071e-01
-9.838271742879360904e-01
4.816160957595303493e-01
3.015965614997908606e-01
-5.388161163109226326e-01
8.640505171453303213e-01
-5.035614405524293513e-01
-5.788144435467157400e-02
3.665386969394692773e-01
6.023059696553334508e-01
-9.972930230659995399e-01
5.389545771972235055e-01
-2.612752598062351161e-02
8.495580080834019832e-01
-8.927682356556323473e-01
-3.809761800832223155e-01
-7.703987140453043558e-01
-8.170704708678375727e-01
2.423495460277380609e-02
3.800299499446133655e-01
-1.798744143100150517e-02
4.159766179840405087e-01
3.356267698650856612e-01
-4.675806187347832932e-01
1.036018961624298740e-01
9.727070977250802386e-01
-8.989898297767584534e-01
-7.366072178861116093e-02
-3.391514826385444437e-02
6.214075610561839991e-01
-2.378375819037017447e-01
8.961089683200791356e-01
-7.216988306672056375e-01
8.415950187304936936e-01
5.527278076492949666e-01
-8.233417880517608367e-01
-9.924354376347082063e-01
8.257833378535179847e-01
5.302522268076268475e-01
6.539367006724574605e-01
-5.151499988964756138e-01
9.739655934060393871e-01
-4.777784630245212050e-01
7.000639097705105840e-01
1.421641295171993669e-02
6.281070227345291190e-01
-7.057643494573251353e-02
-3.212563526799279146e-01
6.840439582224917547e-01
8.717774829953703897e-01
8.954443872325410503e-01
-8.509071000985231059e-01
2.326717859196369975e-01
9.268528155575439520e-01
2.302433991041161754e-01
5.101617188947398240e-01
8.288479837154636432e-01
-4.429211167219566647e-01
-1.560302890390012909e-01
-5.119124804111589988e-01
-2.989659302448601785e-01
-2.989659302448601785e-01
1.182142973151327769e-01
-9.983284844393049973e-01
2.876078012921792215e-01
-7.074514745105622282e-01
-9.429438143065995703e-01
5.364097537952920991e-01
4.925645698118938931e-01
-9.454173180241531860e-01
7.321952416393542329e-01
6.978960110016347862e-01
5.848434987739330460e-01
2.866117016451417143e-01
6.120472021751095504e-01
7.000639097705105840e-01
