-9.722225532402639647e-01
-8.173489861999860828e-01
8.957168839017830564e-01
-2.885922076792206692e-01
-9.561804120059187451e-01
9.603056982249942308e-01
7.085275196092961636e-01
-6.772344627378736881e-01
4.586141649504380524e-01
-9.614716579631328308e-01
6.058588717209925090e-01
8.069740905705440337e-01
-5.665778836337667101e-01
2.854632725518171377e-01
-2.698571440389230247e-01
2.870090293222171685e-01
-9.022846894689906527e-02
-8.666089235888951858e-01
-1.082287057701627475e-01
5.799497102583481833e-01
3.746967555320157572e-02
-3.574013832348654773e-01
-9.753162756179278858e-01
5.527922599032102369e-01
7.187778457912510355e-01
-9.492470588369625872e-01
1.065977012033239024e-01
6.238049710220101574e-01
-5.363440547801079372e-01
-1.736810427800696832e-01
-7.500549916809813311e-01
1.527353105896260832e-01
-2.536407403841414165e-01
-4.189631656025551987e-01
8.600728435203770506e-01
-6.194498559637249269e-01
-3.006593096297405232e-01
1.527691252825917889e-01
-5.130844329915995594e-01
-7.500412243070369023e-01
4.117683448734783536e-01
1.443604963447191469e-01
7.749349282959228091e-01
4.998575589484943738e-01
-1.663683534599420533e-01
2.408549900685108547e-02
-1.119077785146602722e-01
5.009027453320140655e-01
4.536231022547332348e-01
-2.498942983541661000e-01
-4.977539808321678194e-01
6.881396540309534515e-01
2.364096981699335132e-01
-1.802114684682809553e-01
5.347996928556071339e-01
3.343742383192482848e-01
1.126653827754298121e-02
-4.100801038948038713e-01
3.067410051024466178e-01
-3.957835256799797641e-01
-1.447894735865420390e-01
-4.752597032384175968e-02
-2.065306908848003609e-01
-9.766070398490789284e-01
-9.804611228617152729e-01
6.379762337643304360e-01
5.842767517604012806e-01
5.773116389407906279e-01
-5.668682019226678470e-02
2.487606152805952320e-01
-6.893359043416971144e-01
1.366193077780144538e-01
-6.601481561299971101e-01
9.643661204548747978e-01
2.135596496569258651e-01
4.167281265613431707e-02
-6.866021688791956734e-02
3.256160501957903186e-01
2.676192175836700216e-03
-8.304748328705340299e-01
1.252721233411533408e-01
-7.708833427570580543e-01
5.034322759189668872e-02
8.761892113858456010e-01
4.927698763649692726e-01
5.298499846471020902e-01
7.248463488182419479e-01
7.454454567418764555e-01
-3.629326627430882191e-01
-7.010998166901341033e-01
-8.983204439869791891e-01
-4.838816406218526822e-03
-2.207018613133275853e-01
6.039044816383514203e-01
-1.064979288871132912e-01
-5.317789682528197837e-01
-8.815095791317539842e-01
-6.416347850282555498e-03
-2.043453828068209077e-02
6.209892960202150203e-01
-4.689872006406847760e-01
4.044090246587794812e-01
3.938131451482831391e-01
-9.592838382769479644e-01
9.247520717010795366e-01
3.339458207115975075e-01
7.444731683983094594e-01
-6.161175966363490186e-01
4.842459719154017517e-01
-5.296384318191633689e-01
2.047440131786861794e-01
7.116184251121016047e-01
9.123988831410543288e-01
7.215271348289682418e-01
2.131533241202845375e-01
-7.462631024965153959e-01
7.319400145633898624e-01
-9.671053249151548847e-01
5.458234935679691091e-01
1.500961045174447062e-01
-1.936344088363033400e-01
-6.136042330449120730e-01
7.194006642008812236e-01
-7.373299721601422885e-01
-1.802184857975412946e-01
-5.199193406888293900e-01
-1.078854228612695643e-01
-5.924817276146456813e-01
6.569754096831164070e-01
-3.430522072012154311e-02
-1.404519805578441360e-01
6.013123213160098679e-02
3.687596745413244115e-01
-9.286593541452343725e-01
1.934309111823437899e-01
8.425722385843552598e-01
5.725930327402910525e-01
2.989369882099528475e-01
-9.701427244677367501e-01
1.591740978000573126e-01
2.740950899746619207e-02
8.157547333243808652e-02
9.543165777084450241e-01
9.206135404440496384e-01
6.749433600893728347e-02
-1.237875938164321177e-01
9.208450753103658570e-01
-2.143572884612043872e-01
1.079262263760150109e-01
2.939232116391776728e-02
9.198593011478186643e-01
-7.276137681372978339e-01
5.921352208092529601e-01
-3.086173979473871842e-01
-1.905878348420386725e-01
2.029904570170182332e-01
2.941470104322700951e-01
-2.684162103362113250e-01
2.674568692474412757e-01
-1.919226686776764890e-01
-2.148315426181788279e-01
-7.866926063556778370e-01
-4.330661502214490088e-01
1.807398797717076899e-01
-4.364498310294206984e-01
-1.516324638769117605e-02
-2.863802416863259204e-02
4.779425830631292005e-01
-1.989897155786664040e-01
4.195197430645309922e-01
8.297339178360216838e-01
-8.217098623146090741e-01
-5.620121486748197448e-01
7.979164063830190834e-02
8.912942118623623511e-01
-1.984265262362860938e-01
-8.783072995803822280e-01
-4.822556398066049077e-01
2.431494900377457746e-01
7.265763927325508131e-01
-6.541777731447679933e-01
1.945163473150890443e-01
-3.470625362063120001e-01
-4.565795448302902848e-01
-8.215454379970554832e-02
5.136720120313542637e-01
5.790479500463729945e-01
6.387374499280220608e-01
-7.763452454375017187e-01
-9.315052103946697137e-02
8.275631850265041667e-01
-3.873989814620917294e-01
4.381008797179470893e-01
7.781776777862248196e-02
-9.788209712550985930e-01
-3.095168405912092080e-01
-3.619307917540119934e-01
-2.386394847849062639e-01
-4.930543814435630612e-01
-6.568663679500315045e-01
-5.156831504312326953e-01
-2.248679855389208448e-01
5.068597651011097494e-01
-6.771731990849936267e-01
-7.876607291336856775e-02
2.686663049684392401e-01
-4.205681770965781219e-01
-7.186476497805942554e-01
3.468159104378620849e-01
-3.012556342166436973e-01
8.085346466116285491e-01
8.414118359423399252e-01
2.529875760916253657e-01
9.112903156497507151e-01
9.734926385367752566e-01
8.701350506079417180e-01
-3.583143499989116521e-01
9.773717805694455141e-01
-6.900165943356455500e-01
1.523644343239685117e-01
4.163956194596816207e-01
-6.889633005814148614e-01
4.711431260034912860e-01
-5.373029489787848334e-01
8.893277535633283826e-01
-8.817570358005637488e-01
8.533070598528413875e-01
-3.444448970969193891e-01
-8.106743644342002675e-01
-7.662736624697428223e-01
-7.543117808508701394e-01
-8.918771063834209922e-01
4.841647200010050778e-01
-5.193682911944801361e-01
-8.055587036269504786e-01
-7.755646387003209963e-01
-4.266880715646377276e-01
6.107838625210824102e-01
3.710451708356599099e-01
-9.104482656014460940e-01
-8.158099165006735820e-01
-3.422615734126155385e-01
4.557602491218333274e-01
5.797144884863500991e-01
2.976742688565581219e-01
4.048288448864858502e-01
-5.899158901033205726e-01
-4.162582249524884315e-01
7.301256282392276642e-01
5.131515181434036510e-01
-7.591735024409573818e-01
6.402487188805274787e-01
7.825686390689996497e-01
-5.932114861193575894e-01
-2.059329736546855472e-01
8.899942400893758876e-01
-1.656259680726561712e-01
1.605648565400283889e-01
-1.502941739152072742e-01
6.229777410113486180e-01
3.010941475804800316e-01
-1.539783021824383535e-01
-8.690746676644502955e-01
-9.381944448201089415e-01
-7.425767124685638265e-01
