2.244258433742687409e-01
-7.341701463035383846e-01
3.091348631038071115e-01
3.412237893129868027e-01
4.558625599570793607e-01
-8.665584505855605801e-01
-6.259927234097117932e-02
6.505996537128069246e-01
-2.165519830558977343e-01
-3.300894640197360452e-02
7.014946393091636700e-02
2.312037686575618700e-02
-9.082266185259810776e-01
2.299797449527860582e-01
9.451523572871640688e-01
-4.011814274281746417e-01
4.889344719944841433e-01
-1.390061243268614355e-01
-3.107000107642923226e-01
-3.306801950356423880e-01
-9.679281944156681305e-02
3.696464715246525756e-01
-3.251508807007201796e-01
1.216546264270832456e-01
1.554693442309673657e-01
-7.556801297023625352e-01
-3.933653689909586415e-01
-6.336284133316536504e-01
-5.037378390689741803e-01
-8.494396954256502319e-01
-2.940775565375275402e-01
-2.128447552081806915e-01
2.112553245846244820e-01
7.989711168051558676e-01
-1.020242920593563696e-01
-9.012830662292004025e-01
-6.179271512435220437e-01
-6.834901440071379231e-01
-3.402274625727221835e-01
-1.595699771202057082e-01
1.597206392248065043e-01
2.494327214867086973e-02
6.236744484066409910e-01
-4.001504507169972857e-01
5.278586564941516457e-01
-6.846786190828764163e-01
6.487122770714164322e-01
3.115374041943856920e-01
-3.547347271764944576e-01
4.814197850490327113e-01
4.707474392662502893e-03
6.241354200396411755e-01
-7.479066813791319657e-01
-5.366621354154064161e-01
8.993874632932918889e-01
3.595357553518530036e-01
-2.785365151672856143e-01
2.067972867998559838e-01
-7.528178368575495494e-01
3.556527891451513046e-01
-1.647776272051930668e-01
2.269420124966083918e-01
3.333630350325025304e-01
-2.458714635642325064e-01
-6.381387883862410515e-01
9.878089595683532398e-01
-7.786689514488760455e-01
3.091228380280106602e-01
-5.564780113876990342e-01
-2.276123362417306062e-01
6.761435535232684924e-01
-2.560876596934231753e-01
1.534083796251248799e-01
-4.798895591479119815e-01
-9.141660185558908580e-02
-3.932453627888561343e-01
-3.188681245608955273e-01
-7.636333217792021788e-01
-6.403543859088145496e-03
7.559708863081529007e-01
7.773014013830370494e-02
1.052584055349605752e-01
-3.763101590888768833e-01
-1.316347253351692892e-01
5.468850648162544292e-01
6.454952575423602568e-01
-9.821087082612105501e-01
-9.152522546155521521e-01
6.524869611986996443e-01
-8.485699129840611477e-01
7.070378544362683204e-01
-8.998290372277661930e-01
-9.501927619553049986e-01
2.104309289518702109e-02
4.913245831872739000e-01
7.492472946622812380e-01
-8.391722753873864793e-01
3.866054002732157713e-01
-3.833813300761932386e-01
5.743455644302486451e-01
7.460962358363076863e-01
5.003362455498454597e-01
-8.412946107097971638e-01
2.097127389947022191e-01
-3.199363240798824837e-01
-9.147735227145625814e-02
-7.513019988642821723e-02
-8.889406431781634588e-01
8.590822509692286335e-01
-5.583522466474988288e-01
5.779536238704430229e-01
-4.050687616869383945e-01
7.709050695393471209e-01
-2.206552060011859329e-01
1.272032310286586032e-01
-6.001777824663723226e-01
-4.432766408770743016e-01
-8.794113580564999477e-01
8.011417073004107881e-01
-9.721703531730683245e-01
6.642630993020282038e-01
8.595375064628580919e-01
-7.536601240778106892e-01
8.652485446007123215e-01
-4.514903786020409981e-01
5.228889673695780171e-01
-7.418894302512468730e-01
-3.169284428753957883e-01
6.833245878160620901e-01
6.287896873280622856e-01
3.988546288806753548e-01
6.554008965893305394e-01
7.682106911421915374e-01
5.579282532003704276e-02
-4.273783579915313435e-01
7.575922903489726856e-01
-5.152234250195788512e-01
-7.351339501232556639e-01
-7.740760287638110970e-01
4.143986593563682153e-01
-3.694326753930965435e-01
7.191308191659653293e-01
8.055276077935458190e-02
-7.982723111448564168e-02
-1.293502671822721606e-01
6.379173474472041860e-01
8.427249000620615771e-01
-9.527671009727289864e-01
1.076764844369446639e-01
-7.521384648781890281e-01
-2.952445429751529016e-01
-1.408155979989629270e-01
-2.365229318030248606e-01
-9.932177897815910317e-01
5.012638343104904859e-01
-8.932040200537889607e-01
6.683036773265502717e-01
-7.125483484630839026e-01
-2.883325391076332345e-01
8.318516362743020309e-01
8.609652450981997163e-02
-1.603602806418691351e-02
-6.626580968442690178e-01
4.802742323976179062e-01
-4.617827039227935249e-01
3.108654977912961304e-01
-5.755794402503107143e-01
8.821169548855811726e-01
-6.697670335337220227e-01
4.982591120233159643e-02
1.028445116127454373e-01
3.469744926313496070e-01
3.193464677540980290e-01
2.868156569140449808e-01
-8.943089241287160984e-01
4.869749259796103402e-01
5.036461560343181709e-01
8.616813246081267419e-01
6.161548242050920443e-01
-9.439853737067307460e-01
5.816859261783191570e-02
-8.338232098228941513e-01
2.900945142762130224e-01
4.050020975143773239e-01
2.498724684652444683e-01
-2.470154142915530482e-01
-5.278742079650735608e-01
8.441047881501035910e-01
-2.042798276170629812e-01
-4.302756156339468951e-01
-9.606994919543245803e-01
3.597773648076629804e-02
-7.899311989730479766e-01
5.214758881834344884e-01
2.984189347411321247e-01
9.392579439495691851e-01
2.256099073507220609e-01
-5.241040588621679319e-01
3.064057951751828490e-01
8.238161264362831027e-02
5.219515691049025907e-01
-9.682422879630765422e-01
-2.243494422774070518e-01
-1.225076781922553870e-01
-8.095905481278764526e-01
7.668308917876918152e-01
2.971535562751657089e-01
-9.713213394103092924e-02
-8.685527402211603576e-01
9.375639504679915692e-01
-2.848196038268020480e-01
-5.507159139949655557e-01
-1.121260941335140426e-01
8.422119350875534316e-02
3.068371791038884133e-01
-4.847679509685351995e-01
7.166404547137572578e-02
5.337660707057736431e-01
7.318215722552148250e-01
-8.422487846956503432e-01
5.647852927331209472e-01
8.082892734052471440e-02
7.647305263775794337e-01
-2.651679300078257917e-02
7.988559728928379400e-01
-9.436704359927627905e-01
-7.162868186848572183e-01
7.970367769910580158e-02
5.872907097926591824e-01
-1.319559892036907822e-01
-2.668702179100139737e-01
-3.998791791255240646e-01
7.398878829399426760e-01
4.189025774493884136e-01
-9.092142732795773785e-01
-8.211846492995829028e-01
1.706562673433766886e-01
6.975647281087993257e-01
7.206789789967207316e-01
-5.345379809701613638e-01
-9.509940007461621381e-01
2.736073626504644807e-01
-1.171948841144876408e-01
-5.782817478703849989e-01
-7.976003562987179496e-01
3.414166206058306674e-01
1.359068932115903294e-03
-6.988930487013838011e-01
-3.522545202588671653e-01
-7.234508163677824122e-01
-8.888438099557669503e-01
1.356685518139808533e-01
4.782994337823980313e-01
1.729201137587208503e-01
1.496415595973912271e-01
-1.617689859065398750e-01
-4.164503197871960438e-01
-7.083190458163604042e-01
-8.984118400172940166e-01
7.150354207577866994e-01
-6.035997670263653081e-01
1.918773761365881736e-01
-2.455716326247303627e-01
-1.097312833824188871e-01
1.766873064469021148e-01
