-1.864714080949088082e-01
4.724012106732666805e-01
-8.541637688204744006e-01
-5.178566352725757493e-01
-8.276477115292790732e-01
-3.806400270319805212e-01
5.386644764361676607e-01
-9.806441082054131453e-01
-9.989647073743905814e-01
-1.134040715446034131e-01
-4.722263791570402436e-01
-2.362027553938161883e-01
-4.812004704053252091e-01
9.316510312276176098e-01
6.471259583447206420e-01
-5.267536627679647587e-01
8.163792752708280975e-01
-4.150967543246451008e-01
9.134088515102762873e-01
9.860784301578455757e-01
5.267624670550983268e-01
4.689101665895449855e-01
1.181770803471371423e-01
-7.400872384366115053e-01
-8.551019151510175220e-01
5.848604561672723356e-01
7.736610769505625207e-02
1.337533503750922836e-01
2.921882180068453572e-01
-9.875260841386857003e-01
-3.089638067928679455e-02
-2.345762460546165773e-01
-5.604385355769498922e-01
2.953778953495829196e-01
-7.263028002297420294e-01
-5.901017219190196617e-01
-3.748143913438353181e-01
-6.039103057559356280e-01
-4.469753044822872834e-01
1.631589246138982485e-01
5.881220255352208603e-01
-6.975667160594289928e-01
-9.258603054949856581e-01
-7.420305675242566679e-02
-1.932930369817220662e-01
-3.062472336317296762e-01
2.845386429072809253e-01
3.714762145680710059e-01
-9.196967444574482009e-01
9.547669564272598386e-02
-6.107888553322005087e-01
-8.454192691594124565e-01
-1.710250493357745594e-01
3.755568168745362367e-01
-8.213977738589073319e-02
-6.600582580843574743e-01
4.615305098008435358e-01
6.542450028583808308e-01
3.892038072703285501e-02
1.342230966346733556e-01
-1.592412529945985700e-01
5.010389071504326441e-01
-5.335843510908431231e-01
-7.109512015643646432e-01
-3.730282585234798720e-01
8.479287002030990728e-01
-5.973120197728698511e-01
-3.870552655592895963e-01
-6.093573728186763017e-01
-9.248666949172463791e-01
8.766573266048025559e-01
7.120543432486186042e-01
4.531127332234929916e-01
-6.861100923581915367e-01
7.274811126810640793e-01
-3.409503531337894078e-01
-1.577673230638236834e-01
8.268361955202647717e-01
-2.180441937504522532e-01
-4.587784922510886876e-01
-8.875900805008041239e-02
-3.000616883986448880e-01
5.138194779278890678e-01
-7.774902859946799527e-01
-9.512771856698831741e-02
3.570049564594619529e-01
-1.066311433154620847e-01
-6.667078988333681178e-01
-7.822490702948425856e-01
6.212775171376097028e-01
-4.008036919487478755e-03
-7.786318439348085541e-01
8.452802426051142515e-01
1.254814098622829555e-01
2.089415138404584482e-01
1.280143306958911875e-01
-3.541668344326986961e-01
-6.613638510949606530e-01
5.445310267594896114e-01
5.634279066248772949e-01
4.599247274235496175e-01
2.967331961274812802e-01
-7.805159157542609361e-01
-6.512798584412924363e-01
-6.642316415082567538e-01
-5.024608921776041459e-01
9.488303455621744931e-01
5.618915192873124020e-01
-3.834759585338276544e-01
8.678488466952922753e-01
-1.296048223361556673e-02
8.069589604492823920e-01
9.121082560851334620e-02
-2.398683503161298525e-01
-5.027209311931903901e-01
4.868870601966659439e-01
-1.771089073240030842e-01
-4.741600312347411528e-01
3.003039639719997655e-01
1.431747720540035296e-01
5.987240606247612451e-01
3.135841336831879378e-01
1.670601408328955539e-01
5.813082843076224915e-01
-5.697216172256933664e-01
-3.747138206022315732e-01
6.487193864346993966e-01
-7.374520187770539081e-01
-8.921843805424007900e-01
-2.548195582200205589e-01
9.197051086673935227e-01
2.633335818057218614e-01
-5.906183760291552343e-01
-1.083009344246588235e-01
4.648033520595193924e-01
-4.919317089365053963e-01
-7.585853774523372284e-01
8.232947828922201339e-01
-7.639896202919569390e-01
1.094208577827042728e-01
-1.087369916800515757e-01
9.991993966557606299e-01
6.667146462911808236e-01
-1.797545151125157226e-02
2.244129744572231910e-01
4.480939267559376216e-01
9.622050587254173948e-01
-7.862941615154805941e-01
6.661287484663780400e-01
-7.787947321117556498e-01
6.790976463167885946e-02
-9.256042491972977793e-01
-6.085435147326085925e-01
-5.861585111015767957e-01
2.708279411576755002e-01
-3.549229850153838850e-01
-3.243037932778183308e-01
-6.420285310941638013e-01
-6.903578781145880416e-01
2.081575812886578003e-01
7.483684986119487625e-02
-1.273655624117022711e-01
-5.602606957201450300e-02
3.495020200114928866e-01
-4.944501326316173007e-01
2.165561200378671725e-01
-8.768623793258389920e-01
3.237234018010908265e-01
-5.314615622052569766e-01
-4.961262911457180458e-01
3.768154482786858495e-01
-9.870442922099318395e-01
5.403758315336302243e-01
-7.662562558099190735e-01
-8.384381417238169210e-01
5.761354861906267111e-01
7.062709432335909643e-01
-5.528483097265508572e-01
3.299466873741996320e-01
-9.625956078804542848e-02
4.683448985597715719e-01
1.549344704439095111e-01
6.272526250234273792e-01
-6.162450103583836380e-01
-8.045333794058462384e-01
-8.058897757322811550e-01
5.418254946783525039e-01
-1.897627378435418066e-01
3.295930359255385689e-01
8.471794415889111196e-01
1.456341973981212234e-01
-7.245010052019040803e-01
2.417959018929383141e-01
-8.045887608786705947e-02
-4.910610624165550053e-01
-6.355577230140658784e-01
-6.698633420069735056e-01
6.001493778349327179e-01
4.543807665363348569e-01
8.075860652722330890e-01
-5.713463208150404427e-02
4.453153890867782572e-01
1.623083888018224119e-01
-9.185122042326585579e-01
-4.312018304408107294e-01
-8.087241095433941318e-01
-9.666229710281850629e-01
5.472670511995272324e-01
6.548089839499777742e-01
-1.749135737906541976e-01
-1.267462461278070496e-01
2.014295786120001708e-03
-1.327256496638915539e-01
5.921000359143553382e-01
-8.754616158873116394e-01
-6.735009333676154064e-01
2.059145628726120059e-01
-6.210022551198768337e-01
-1.564234782797817580e-01
6.478250158280498550e-01
1.341495825386045393e-01
7.293833329428633938e-01
8.834964389767525628e-01
6.928616901755568769e-02
8.241114389853572142e-01
7.161519928804769286e-01
4.889728756311859659e-01
-7.667853890949527518e-02
-5.261134647368308492e-01
2.045050331624678197e-01
4.089407597297922692e-02
9.613978953376112191e-01
1.239586990777177267e-01
-9.927123813760494464e-01
-8.399407753681813471e-01
-6.338836234219220600e-01
-7.831886338021307736e-01
-7.849030839710189333e-01
4.492343308594772822e-01
-2.248055849679191365e-01
6.773758628306929541e-01
-9.507918839544384770e-01
-2.238103957431842872e-01
9.071502482729019157e-01
-9.290669478277351345e-01
3.483067590489519194e-01
2.367515087346507840e-01
9.443470900521571121e-01
4.755042757046183954e-01
-7.565454490399399212e-01
-3.106463880531031840e-01
-6.798317959386652731e-01
-2.722179315200827787e-01
-1.521533374753458734e-01
6.164062928865181590e-01
7.132558914056088550e-01
9.986251197307083327e-01
3.091057138156072526e-02
6.160054841163866701e-01
-1.972035434977095214e-01
9.473556098980573381e-02
-1.340426326953150227e-01
-1.984126942777977298e-01
-3.020628606904312008e-01
9.310188846397620122e-01
