-3.885286341194216231e-01
-2.021103183625470479e+00
-1.126942343592491902e+00
1.232468028835014051e+00
3.598193218940620497e+00
1.295871283150713316e+00
-1.062689462195391510e+00
-3.276411833589676359e-03
-2.002671482663461067e+00
9.709233823998528745e-01
-8.681854065605687509e-01
1.913278633727697908e+00
-1.182521912701630651e-01
-6.565616896856757423e-01
1.295695649342114564e-01
2.150595558451869671e+00
-5.993198972283120263e-03
-1.072932520897356801e+00
-6.690561564047148302e-01
-1.331509394843750638e+00
9.888384404159926699e-01
-6.140469100052606821e-01
5.398344721594461326e-02
-1.084929089136984937e+00
7.199750533860393986e-02
6.985810081735384092e-01
3.818171909425076560e-01
-4.849162952763389711e+00
-2.895845751180601280e+00
1.335542099156914020e+00
1.668034797617739207e+00
5.922832284729068197e-01
-4.752864662055695799e-01
9.319447396779929615e-01
-9.665071657892223556e-01
-3.325045220038926885e-01
-8.559479273525263388e-01
1.706316263144577849e+00
1.424139104562309077e+00
-3.523237692434730839e+00
2.278962928586034664e-01
1.045195762765195546e+00
-2.267153018975051282e+00
3.330299862030345892e-01
4.272946703056478057e+00
-9.923419343944804849e-01
-1.215726044065400746e+00
1.112150857957646011e+00
8.074142259320893356e-02
-1.438542189465050303e+00
1.454113437678151488e+00
-1.526247168238297647e+00
1.202852609115815374e-01
-9.052415469335199916e-01
-1.775116556982736071e+00
-1.364978362646660948e+00
7.735013226208531378e-02
1.529425114590783563e+00
-9.586425497073003399e-01
2.203057166214613893e+00
1.235839306415527528e+00
2.243201745467412467e-01
1.953548156150071158e-01
6.682193606949962117e-01
-9.333646692328059213e-01
-1.805501322918295681e+00
1.028497179199872491e+00
-2.727456924153266016e+00
1.779198664667734353e-01
4.576148555390089356e+00
2.624020277337761886e-01
-1.121698371503176972e-01
-8.841295108443831818e-01
-5.590710508143590385e-01
1.559214495262795097e+00
3.750237338871151294e-01
2.431967558762937465e-01
1.145159076811268051e+00
-5.037031995192351452e-01
-8.001337971712374486e-01
-8.593166903194309203e-01
1.141127125063704284e+00
1.270609309811225884e-01
-1.169056894421666826e+00
-1.826282344369046129e+00
4.358285023595454000e-02
2.248159198301260542e+00
2.198213281027472821e+00
1.749560729619692445e-02
2.139800143949697198e+00
9.832880352168102966e-01
1.828014042911784598e+00
1.429917759654168119e+00
6.900396022487235159e-01
1.444553827461902307e+00
-9.130919629030920248e-01
-9.896509699771733892e-01
-1.516978633085682038e+00
6.263226444830348738e-01
-2.066392501652748237e+00
-3.566581656620368079e+00
-2.003875725456545354e+00
-3.188438633791679244e-01
-4.363248472329420147e-01
5.441280242391867139e-01
-1.098826757656189201e+00
-1.242157734501964983e+00
-1.549956788547520503e+00
-4.161847657140058665e-01
-3.105277929349900656e+00
-2.561647209173291362e+00
3.353508948063772532e-01
-1.016262482250195331e+00
9.127003744593378265e-01
-1.503439177889189793e-01
-1.527682502694058531e-01
9.381212867740604811e-01
-8.565102523890644193e-01
1.620292423113007807e-01
6.037938694732315481e-01
9.613054036204853325e-01
-1.154344496824445399e+00
2.533450509244524085e+00
1.392005099755239561e+00
-1.170103576133043610e-01
1.146708746563777748e+00
5.747611403678711817e-01
9.083450556028492828e-01
-3.717146382865355037e-01
1.515765887989935390e+00
-2.839526254752748891e-01
1.997503078369645690e-01
-2.819248708316893781e-01
-9.999093453414171773e-01
-8.853932818180290099e-01
-1.062204104608475141e-01
-3.255225862818153182e+00
1.246405138645656496e+00
-7.000021408776830878e-01
-2.472010035457873345e-01
1.861263424309302472e+00
5.891889941091998928e-02
-1.312971368087344715e+00
5.569578209462340279e-01
-7.069822234213418710e-01
4.863756718564784531e-01
1.237582458662326079e+00
2.317946522935299569e+00
-3.436617942880396126e-01
4.612005103730154154e+00
2.683926767442122996e-01
8.605611966146755609e-01
-2.332552654722686025e-01
1.122865119619496088e+00
-9.452546358744767785e-01
2.645669723857100752e+00
-1.312263998297333423e+00
-1.580961247747250331e+00
-8.660133008220856077e-01
1.569874672541696770e-01
4.134431228632212907e+00
-7.261482066713308425e-01
2.299537847432452931e-01
-1.995369292561406382e+00
7.983215571967717805e-01
3.673479553552077004e+00
-2.254894176102269832e+00
2.301854794624236700e+00
8.260035920010502242e-01
-2.628254324974324430e+00
1.394684573777196235e+00
2.343926466134698572e+00
-2.166283408844760672e+00
-8.177208634683755806e-01
7.850189932834779061e-01
-1.619478816008167898e+00
-1.965657893872216233e+00
-1.972272254176394846e+00
-6.568409741667019519e-01
4.841859800953560167e-02
5.456984340338741912e-01
1.549795342662059650e+00
7.849798865034314233e-01
8.934245663467668130e-01
5.541371881478096562e+00
2.458517437479620149e+00
-2.330480826076984924e-01
-3.587615340729599644e-02
-1.352972265795953088e+00
-2.587843544315425959e+00
-1.678140206053130523e+00
-1.500708827753892471e+00
1.799275383214606450e+00
2.318099733915904626e+00
4.824067501332722774e-01
-4.244769683430700269e-01
-9.200084723616996918e-03
2.483235912539690560e+00
-1.898372621439298191e+00
2.376599680364933409e+00
1.031155403949881588e+00
-1.157791741745452185e+00
-3.530128750116427128e+00
1.676316840293872179e+00
1.586990291605660630e+00
1.856283130874380571e+00
-3.290513442242682385e-01
-9.162150282489410769e-01
-1.387542685673434528e+00
-7.405104603638313909e-01
-4.922760429299936624e-01
1.830183578108601106e+00
-3.330418757344582037e-01
-1.381403981930452884e+00
-1.841455890935075113e+00
2.059686137582315446e+00
1.343841273175600204e+00
2.613673926337031217e-01
-1.800039012962563412e+00
-1.028661664413288435e-01
-1.448611282015999757e+00
2.383745807351247858e+00
7.907064043185365598e-01
2.237610964370059463e+00
3.460886897728545186e+00
-1.354246130366654199e+00
4.111927999458553362e-01
9.318090009168809029e-01
-2.286931016333368927e+00
-6.017324623988473675e-02
-3.298153363101652857e+00
6.589660717403456047e-01
7.158587534158098453e-01
9.589539598694452049e-01
2.877097546155708008e-01
6.566618432307314013e-02
1.733287920626446432e+00
-1.875050877566041052e+00
2.434703100304079992e+00
2.935956651765070369e-01
-2.750773412458703326e+00
-1.145702225347112524e+00
1.883280313340355061e+00
1.569738403238228219e+00
4.126940442017023591e-01
1.444314519176176814e+00
-4.011466286794450609e-01
-6.532573141313882115e-01
4.787392880771836889e-01
1.558617476576897865e+00
3.187682000144727024e-01
-9.211260149659555863e-01
-1.125917947707726630e-01
5.830092222235438992e-02
2.461657664218563912e+00
9.462707657074109768e-02
8.225853020920004255e-01
8.526525891473170082e-01
-6.829112496348275219e-01
1.120819355700019226e+00
-9.460982934481191320e-01
-7.173051276362356621e-01
-1.036517269261016727e+00
-3.019148503525781457e-01
-3.498508246320293669e+00
