1.453845472512703463e+00
7.490051778808224370e-01
6.429031268238207808e-01
1.221146686266823211e+00
8.143605468007812931e-01
1.711725002483977631e+00
-5.792489912997504931e-01
1.323961217067199048e+00
1.554613617365396383e+00
2.275832576886938519e+00
-3.904308902007759485e+00
-1.967779251568495313e+00
8.107084781302140719e-01
3.279112200424089130e-01
-2.119782702701580313e+00
-5.864650479938511296e-01
-1.319020397083540574e+00
-7.010075277639117308e-01
1.492850575122219192e+00
-2.441231635551781576e-01
-3.350933616283575667e+00
2.630730203825324409e-01
-2.763948505642364939e+00
4.900922850961366706e-01
-6.062346385724928233e-01
-2.397163776174172867e+00
2.794149276469613863e+00
3.021832209309419648e-01
-1.401940259951541812e-01
4.981655359447318965e-01
8.543404160844849660e-01
-5.568507343047456315e-01
1.922954607083408263e+00
-3.515658227114794698e+00
-9.109419139629759687e-01
-7.088482470781740652e-01
-2.274656928951422241e+00
-4.691383184224100500e-01
-1.716597115976218113e+00
3.050659636752119930e-01
-3.409402710358690469e-01
-3.008454310932567211e+00
2.275890345553985838e-01
-5.046755240191087566e-01
-1.020914620451278010e+00
-4.446069290162336096e-01
-1.048438780999143560e+00
-1.189083602823818864e-01
1.093870367542453703e+00
1.134601813754528177e+00
7.029168981944522443e-02
1.282465150873035364e+00
8.278950164488316776e-01
3.097718476503173779e+00
-2.749625748519108903e-01
1.199358681447613151e-01
4.737962950174645638e-01
4.018414833930679109e-01
7.526666676139330825e-01
-4.963288163172752676e-01
7.846567779457085390e-01
3.841818158544711981e+00
5.387381466634735272e-01
4.606922734025101773e-01
2.485241528608270745e-01
4.510091491574850231e-01
1.222706855795633762e+00
-9.718143832877930155e-01
-1.160036734748290943e-01
-2.185448344573006629e-01
1.275799179348273693e+00
4.705634660204095487e-01
-1.043995479301260243e+00
-5.903913245909460095e-01
1.107198410624393725e-01
2.593254815760326348e+00
-8.055157219548436665e-02
-1.608590755178144649e+00
-1.000551271101500550e+00
-1.189140489644814558e+00
-8.416546469459504909e-01
-2.761329459107752626e+00
-2.674225028467475118e-01
-1.821930967428888604e-01
-8.986560544291455344e-01
3.977671600271626140e-02
1.454016699910227750e-01
5.771026557809424973e-02
1.617628879969982059e+00
1.653630316344283147e+00
7.327369547475839351e-01
-2.178099942934593525e+00
-1.504926356064774984e+00
-2.055889181204571425e+00
6.724601263931189177e-01
-1.006924151215080387e+00
1.056278033042864939e+00
2.117798467989462363e-01
8.253023503589114185e-01
-1.757049617642851835e+00
1.463843392603181748e+00
-3.303405738242503276e+00
7.967910708326478852e-01
1.345627740856580434e+00
9.929143642414900439e-01
-6.860660237190006061e-01
-2.542409003859933403e+00
4.957887649801555607e-01
2.443694640479357805e+00
9.639996104401616916e-01
5.384512649756765246e-01
1.990198939080093377e+00
-4.233161102207330106e-01
-6.308713738890783240e-01
-9.365664171693788287e-01
2.814552717105944790e-01
-6.850961257939842675e-01
-6.724380966498437751e-01
-1.908959439396983981e+00
-9.096856367432888391e-01
8.903376892103563867e-01
-7.836989196358330467e-01
6.342653468582900578e-01
-3.246769706278854528e+00
-2.693808472160164058e+00
-2.994395208094517424e-01
2.573140639283957753e+00
-8.803356134242124043e-02
-7.216429931001515641e-01
3.065025410140725382e-01
-5.508362867173288713e-01
2.673993366802559279e+00
-3.010527422479554183e+00
-2.614197619546748896e+00
-3.245785028855883603e+00
-2.818816862460882255e-01
1.232366525718561423e+00
-9.563841390692275901e-01
6.103284538647313351e-01
-7.862012731652091579e-01
-1.393163083141937708e+00
-1.554529283332436229e+00
6.378186418257829615e-01
4.138892011960949802e+00
-6.071984995330965695e-01
-1.344305204711535140e+00
5.283640683158884466e-01
9.752970256005755179e-02
-2.836562230636283211e+00
3.448041083138168039e-01
-5.108632872353073839e-01
1.958829598889942014e+00
2.894123374082783196e-01
-3.081465859023393428e-01
-2.432817708266721279e-01
2.862015074774546530e-01
3.550935235723573502e-01
-8.005503702825045309e-01
3.661611063566108104e-01
7.922117599540090538e-02
8.118682492016793262e-01
1.420788432988751238e+00
-1.277111398087481531e+00
-2.763312422871172735e+00
-1.036211685539372596e+00
-3.131419001296243954e-01
1.635706559122380721e+00
7.985894952944377900e-02
-7.075048468875229091e-01
8.810924363314067698e-01
1.592711682055090172e-01
-9.876722853038676364e-01
9.216160128367431037e-01
1.014888923183489222e+00
5.584614778250029943e-02
-6.414971376856233309e-01
-1.518102724776376089e+00
1.737660642682555157e+00
-1.170129496400270863e+00
-1.343178126149905172e+00
1.244301820353970633e+00
-8.724043539362922317e-01
3.706980596752967871e-01
6.697271767810704102e-01
2.229748726186132401e+00
-7.745331475404418908e-01
-4.856949993964206902e-01
1.596403312826043308e+00
1.005364213835205689e+00
3.909385600605342903e-01
-5.435949909215884723e-01
-6.697458332346413190e-01
-1.623722574955036357e+00
-1.122006258993617500e-01
-5.158026741317578434e-01
-2.985962893350910363e+00
-8.855395569191936156e-01
1.457881168731626431e+00
-2.809931201599222383e+00
-1.212162024596846077e+00
1.405457669362170314e+00
2.061361656800696718e+00
-4.287441325820486870e-01
-2.491517939548850702e-01
-1.252416754048735203e+00
-1.347579986443371847e-01
1.391702548562519626e+00
3.918906524725809248e-01
9.227683823417678344e-01
-2.015597588053664069e+00
1.249309055364793419e+00
-7.918645718662861155e-01
1.034562904913741255e+00
-1.727535721956997783e+00
3.695616183189077919e+00
-5.760824365677488235e-01
1.430828609569593457e+00
-2.258743516093341341e+00
9.251829895073004906e-02
5.946296481084745178e-01
-1.064556884682988036e+00
5.151717242155060550e-01
4.150692244336546821e-01
3.035939121229044968e+00
-1.761196809716701006e+00
-1.176814567778290410e+00
5.899426804054103135e-01
-9.930349915704068664e-01
1.976539412705859977e+00
6.665805590526705515e-01
-1.241847783412762252e-01
-1.057465550588118308e+00
4.254080253138785572e-01
-9.459307135910899333e-02
1.534967990503036450e+00
-3.426222037470878945e+00
2.291068977778649263e+00
9.805099511786654620e-01
3.260715800284303523e+00
1.161928516431748548e+00
2.214808430156353758e+00
-8.773938535974370456e-01
1.683368675892995547e-01
-5.965407463213260320e-01
-8.609820997231939499e-01
5.988940461041829533e-01
1.127725385257714485e+00
2.694554486604582078e+00
4.913299542775630968e-01
-3.783177574733029291e-01
-2.166828755693600339e+00
-7.795030180981755707e-01
-6.813587115988122278e-01
1.930149437394397705e+00
7.603451470150057734e-01
8.227051773000936263e-01
-3.614664551803252746e-01
-9.976254833504034636e-01
3.206157609464731717e+00
-2.150874389571352907e+00
-4.817061001104481210e-01
-1.724479922092426953e+00
-5.942367261701411163e-01
4.063811209251935175e-01
1.889534486156045912e+00
