-8.056595493979852307e-01
1.230912479613999189e-01
1.124763804722612726e-01
-9.988824682878540973e-01
2.357925851547342244e-01
4.350838493595903245e-01
9.533473797747789025e-01
-6.852122322968459134e-01
8.132219739832380334e-02
-1.890179635128963476e-01
1.164167611912636513e-01
-6.144596707968219551e-01
-3.143921348747609201e-01
-4.976198624147227800e-01
5.398764073639017447e-01
-4.816972245978605738e-01
6.602347357467512889e-01
3.879220397527454178e-01
6.267524337055914163e-01
2.155448403526560863e-01
7.245324084853002056e-01
-4.698903437574286635e-01
5.317400979152764329e-01
-3.986891064599129564e-02
8.658176644055890492e-01
-4.292631883218678279e-01
7.165716611217756160e-01
-9.053124917625801071e-01
9.407644722853587549e-01
1.891659928387512402e-01
-2.868460257819263060e-01
7.568077194774924799e-01
-2.750277351716421403e-01
6.998702231131990192e-01
9.231788793958981554e-01
-9.151011227554646243e-01
8.058824900235084243e-02
-2.153190338177646268e-01
7.062618683171864031e-01
-2.309921971054229584e-01
-9.723531810866488101e-01
-3.451923405604637729e-01
-4.446674897451512454e-01
-7.599882826145636372e-01
-7.576479797039217257e-01
-6.801794073943061569e-01
-3.440002944358311332e-02
-8.416430508759609186e-01
9.506021032878873012e-01
5.959599379850517575e-01
-6.785709933952488448e-02
-1.749104543859498762e-01
1.903567901550571317e-01
1.762125000198899727e-01
4.914707049618995960e-01
7.824418575726057590e-01
-5.959766060426561207e-01
-2.955278540869390458e-01
8.680616628472757057e-01
-5.834857141035099115e-01
-3.406325923186028781e-01
4.548874176590489427e-02
-2.614328410244808332e-01
-3.207065659508610000e-01
2.990743353114602154e-01
5.494304250703567760e-01
-6.205618644936292672e-01
-4.666133439379969161e-01
2.009169594615791699e-01
9.721235649220221209e-01
-5.923433121750834029e-01
1.978677431093740502e-01
7.706135502694233530e-01
-3.932278270414804044e-01
1.136107840594124951e-02
5.815977463427610683e-01
-8.182281210822797135e-01
-6.966460230727773428e-01
6.802054021535235417e-01
-3.277513853613354122e-01
1.244811662488269910e-01
4.112263223480443486e-01
-6.884734432716002051e-01
9.944475478238889998e-01
-5.176328027822367783e-01
-6.054544304909592611e-03
-9.162370274912257084e-01
-6.625842697359098921e-01
7.009063276590652425e-01
1.507703890869374064e-01
6.465314914238045052e-01
-9.913846063614608628e-01
1.116525193297430718e-01
-7.959322065251466238e-01
-1.910366044464604229e-01
9.253123976008343909e-01
2.686923033608978884e-01
6.690667360796989094e-01
4.672151733316316502e-01
5.583290637279405555e-01
1.345701947266688681e-01
4.698266931943617664e-02
4.077839494701871459e-01
1.339274103487428924e-01
-6.569574016161283669e-01
-8.515842950533425437e-01
-7.584430099124026547e-01
-7.305675925350820776e-01
-3.895490257591858185e-01
-7.394253749648149743e-02
-6.027146593799350693e-01
6.166287498286384672e-01
-8.541557567078994495e-01
2.455923031097044795e-01
-2.115678365942130768e-01
-8.645826649010754927e-01
1.030735577873731490e-01
4.176689742888333168e-01
2.297314174765729966e-02
9.581686225032242099e-01
-7.935033950341190412e-01
1.942922547695473678e-01
-4.897305415708648191e-01
9.481234646581113701e-01
-7.601739487671967943e-01
6.998146450017195264e-02
-5.890647433317965920e-01
5.065109862277732411e-01
7.068734169726831329e-01
9.628321786830713602e-01
-8.765134053200935860e-01
8.115828105480895616e-01
7.505833354633340004e-01
-6.212207837948306999e-01
7.223491904013763509e-01
5.456976327625542300e-01
-5.072381180165514980e-01
-1.642946559742664014e-01
-2.777156439306345259e-01
-1.852390287674496872e-01
-3.649763002956125657e-01
-1.646366804414698404e-01
2.171807955195765860e-01
3.398989368748428497e-01
1.247345459775708321e-01
-2.035426127742914204e-01
-2.586644481212119207e-01
9.367930871408949312e-01
1.097451847262707059e-01
9.058180132487874126e-01
2.754546296294098084e-01
-8.764002323569974884e-01
9.883435356365053437e-01
8.411898496878378317e-02
6.061029808029139154e-02
-7.395249007228907878e-01
-7.173244733267529760e-01
-6.910506327652841119e-01
5.766253502648921447e-01
-6.852705337781495043e-01
-2.872110916275008030e-01
4.380237407130949112e-01
3.646191471033821685e-01
7.259211693015563682e-01
4.629132388287666711e-01
7.754807084513175575e-01
8.129059265786977573e-01
7.934298320507424673e-01
-2.538735911197549378e-01
6.960936037975888890e-01
9.004417180568231593e-01
-2.868262915623303044e-01
-7.394526080749850294e-01
7.693857125742304959e-01
-9.344474675731813118e-01
-9.164981036194257413e-01
-2.775443596249707046e-01
-7.408238007507839118e-01
6.825604044021624794e-01
-7.093897818101957409e-01
-5.437993934877116686e-01
9.380261080359573178e-01
-9.248537388065403153e-01
-9.837911808866546259e-01
-9.462794443932005528e-01
4.369501986358639289e-01
9.669903344408681267e-01
-4.967088527133318721e-01
7.905037219798596304e-01
-3.417477105823074623e-01
-9.610409161044621840e-01
8.725390513079733790e-01
4.184383854171238593e-01
2.817251736841441812e-03
-7.365248034930484966e-01
7.569249521852323692e-01
2.503096706027940765e-01
8.381242325977804608e-01
-3.199631439390666632e-01
6.779476016833780871e-01
1.902520951588271281e-02
-4.742148094411906545e-01
-3.879353841410766446e-01
-8.626522906667661861e-01
4.867608598646300244e-01
-5.699184186564432153e-01
-9.756151823087184649e-01
6.227395349624975651e-02
3.183996244235973716e-01
-3.004570741571785941e-01
-7.699138196334420758e-01
-7.952984149935504732e-01
-8.057740693393562470e-01
2.197667606939825991e-01
-4.854853690225371388e-01
6.311099966578146425e-01
3.820522911400638932e-01
9.273814923152587930e-01
5.752943600277868885e-01
-9.124223324615754471e-01
5.600887102781331173e-01
-7.542125439236184725e-01
-4.868469623974354121e-01
1.686492195150075535e-01
-8.160746880851095231e-01
-5.905468287952022610e-01
-4.600580878948212771e-03
5.450207166006579840e-01
1.013834694498236821e-01
-5.422226722959202494e-01
1.363984628604795191e-01
5.009101192275335901e-01
-5.741383073259702652e-01
6.640280090840355864e-01
4.823967492459866335e-01
-8.015742298343084826e-01
8.222335969229432884e-01
-3.806399126163728663e-01
2.325518724797281944e-01
1.475492617191158651e-01
-3.674475664166025890e-01
4.289875109086160876e-02
3.133413824273438841e-01
4.490635417727228962e-02
-6.167703712447940578e-01
-4.930579013484901463e-01
-8.930971369270541693e-01
-1.748222792230922362e-01
-6.907485425579367178e-01
-8.257303472761325924e-01
2.102841060016589214e-01
9.374461135465559369e-01
-8.991104382992811672e-01
9.599998332918024957e-02
-2.516474410396243311e-01
-3.972224225805389697e-01
-8.100259155268085820e-02
7.255520181874999253e-01
8.739053836646848428e-01
7.635091659314368062e-01
5.721199294528160895e-01
8.701100958954210984e-01
6.879657840052602058e-01
-7.710183790196383224e-01
7.474767764763483591e-01
