1.604796033075464035e-01
4.050948052524994125e-02
-1.022505763149605951e-01
-2.677472774526246102e-01
-8.121567050609261873e-01
-9.464112000106017497e-02
-5.609910816116707721e-01
1.100851768340878056e-01
7.902446866179346774e-01
9.373650975013303466e-02
-7.917147792971055420e-01
-3.209941407319600870e-01
-7.850366248017068838e-01
7.476394932689962580e-01
5.818198061963690826e-01
5.113322832699924714e-01
8.805126110252308180e-01
8.425615602405891469e-01
-7.270191334398079519e-01
8.256273010239407739e-01
4.504349940843441757e-01
-5.204331092416749627e-01
3.515247324698034248e-01
5.598207275442217412e-01
-5.708594514078686455e-01
8.878016027629485052e-01
-5.366423818868273354e-01
3.249577278129183178e-01
-7.619728707665289758e-01
-4.958921860757228295e-01
-1.335706033191532693e-01
-8.605664021103929251e-01
-5.349865947494534257e-01
-6.918435740443331650e-01
5.060964086486963165e-01
-1.864183236354877149e-01
-5.842757632577693094e-01
2.824636472793018438e-01
3.949572688050062563e-01
-5.350671229612016244e-01
-2.144952160574975508e-03
6.349397084361942944e-01
4.296834877423794108e-01
2.563013826364184400e-01
-3.117934003606879223e-01
-4.945250404821803780e-01
8.630886315886592275e-01
-5.033569315260961741e-01
3.536309764984388870e-01
-7.401423438049556935e-01
-7.127419898388427377e-01
-6.904093651410223575e-01
-3.182246118956661984e-01
2.853433257993913674e-01
-6.150598228827326430e-01
-4.703309117506164760e-01
2.043996263895131449e-02
-9.146176546899826842e-01
9.352477932271068273e-01
1.371003576092013621e-01
9.646857659109591143e-01
-7.036847782527622108e-02
-7.509683101237407676e-01
1.654383963935452950e-01
-1.519860631840612708e-01
3.861084773294098937e-02
-1.652614014171471801e-02
-4.621955883499955231e-01
-9.668626738753560712e-01
2.908510312463836733e-01
6.731538638656773266e-01
-7.406504876814818950e-01
1.933633678274095935e-01
9.040473745600690059e-01
-9.508595680765496994e-02
2.363502285681220449e-01
5.140527851985288166e-01
4.963771603772046959e-01
-6.559564412160905356e-01
6.750759033630400197e-01
-4.820016153603008391e-01
8.298716553925800099e-01
9.568349439320540384e-01
-9.116373561809645309e-01
-7.932161620602400376e-01
8.338053806194776207e-01
2.815502040103907699e-01
4.063510892967010513e-01
-9.938580091567073005e-01
-9.873511883496703945e-01
-6.144243539269989007e-02
4.161471177715390102e-01
2.607971993568436453e-02
5.786713160476955053e-01
3.359668457489271010e-01
-7.686323057261843505e-01
-4.678168294719009523e-01
8.429800841918784204e-01
-3.113149170963169787e-02
-9.689041619309328723e-01
4.205486223060028728e-02
1.700047597260778698e-01
-7.370937630276663821e-01
-1.810099287784434630e-01
-6.889330744047517108e-02
5.067555014935425373e-01
1.717469184274811322e-01
-2.674955379527796939e-01
3.753236839196691932e-01
1.775855534007102499e-01
-1.711473463025459107e-01
-4.609439797556458274e-01
-8.894302153533857336e-01
-1.325654373539948416e-01
-6.162047967750963195e-01
-9.376351694751525745e-01
-1.520873301853076232e-01
8.946724469258193757e-01
6.836156923338587710e-01
1.896189607325047266e-01
5.951931837560486827e-03
-8.153133607641915859e-01
-2.022128777782115083e-01
5.165544500740113509e-01
2.004448314473246118e-01
9.370660199747593566e-01
1.611986665906874894e-01
-5.586360870018254321e-01
-1.215644038537233573e-01
9.515282231031723104e-01
-4.386364477002300255e-01
7.787707259303997542e-01
9.163318330692713509e-01
-9.556980045681751079e-02
2.565197825166354306e-02
5.686601003695452849e-01
-1.108728293201313164e-01
4.936065823104764938e-01
8.938438148688510054e-02
3.940425738305077807e-01
-7.035944907769944301e-01
-6.024884710783622310e-01
-5.066109712742885574e-01
-8.506140849864503028e-01
9.778304738702203736e-02
-5.723904516904880779e-01
7.230044443759691131e-01
-3.004480668787621322e-01
-8.458150749613446706e-02
-7.423844939033321655e-01
-4.875780720160411974e-01
-4.423246342535569475e-01
7.663965042911491388e-02
-7.667784723510651101e-01
6.390683005757007429e-01
-9.297485595467547270e-01
-3.876278536559429888e-01
-1.997177338609141817e-01
-5.389011765832039114e-01
5.235843249801275245e-01
6.628724043498821494e-01
-9.424417796146957738e-01
6.916116142113115650e-02
3.035073428829411224e-01
-1.133412000511295759e-01
1.272288856659937739e-01
2.450040298872835365e-01
2.509709713598184955e-02
4.306968880364212549e-01
7.279062728005247784e-02
-1.390911887147194825e-01
1.840869540162441975e-01
7.884713484418577334e-01
6.543333118832990181e-01
8.120108043281382137e-01
2.751793522388454871e-01
5.990071992716841098e-01
3.255836622012355797e-01
-6.509616960310991018e-01
-1.423972715089538710e-01
1.382120131200776925e-01
3.835013647111831236e-01
1.381159890151493208e-01
7.314983212135364177e-01
1.198052677420013978e-01
-6.856239130976646834e-01
-6.769390951189258043e-01
6.691542812416617636e-02
-9.408498776104319283e-01
2.644470424578810874e-01
6.471679616686820680e-01
2.839499264858871275e-01
-3.412367145532941848e-01
2.437955162256235653e-01
3.185175102804769232e-01
-6.678521743604417527e-01
-5.891101834941687709e-01
7.137610727689169821e-02
-4.229270870486321332e-01
-2.938009532960399461e-01
1.301404281684050979e-01
-2.974798450619653423e-01
-5.029936494389821711e-01
-1.257350610053631357e-02
7.997866515095124473e-01
-9.906240196411484344e-01
6.235452824583174181e-01
-7.297789417524964684e-01
-6.279621118766773868e-01
7.871675257975196960e-01
-1.117502238179632901e-01
9.850777982699154833e-01
-3.098596520541052612e-02
3.919120576033896519e-02
-6.418310819869674777e-01
-5.511806205811993209e-01
8.705738386268062623e-01
9.719790924108697716e-01
4.995431116265092175e-01
-4.852219841656533195e-01
7.320971714019297583e-01
5.834457033931828018e-01
-6.267712088699870510e-01
3.283967909958389608e-01
8.654284751415977084e-01
-9.921584605172650839e-01
-7.164221347284771557e-01
-2.704130624016867213e-01
5.828575337838117765e-01
-9.555946405298598734e-01
1.873577452436789859e-01
9.843309203761156922e-01
9.572602310897282418e-01
-4.479661322450716465e-01
-4.488644244368429348e-01
-2.794163667244189408e-01
-1.297493776787284059e-01
-6.893718058186315556e-01
6.923184472067851480e-01
3.305259121365595743e-01
9.730049764743311513e-01
-2.506744468019050931e-01
-8.711528071518070959e-02
7.779773801167861880e-01
2.443052146490438670e-01
6.336403692673735488e-01
-4.048907602061435629e-01
7.122768738308415948e-03
-4.829281770697315679e-01
-4.166023813542867327e-01
-5.683040086058308571e-01
-8.475379642484672793e-01
-3.908046917885519278e-01
7.536191200410258251e-01
-2.694785630990308434e-01
-5.970784658703303105e-01
-5.353983306467917647e-01
-7.610642409242753814e-01
7.829263261801358009e-01
-9.885585823576568121e-01
4.363820907606295041e-01
-3.109844772616898734e-01
2.182774494719397218e-01
-8.718975015984851140e-01
6.260844375685636898e-01
