-3.544059019059799809e-01
9.819640478159825658e-01
6.135376040657480878e-01
2.063083521763073858e+00
8.534193682463846464e-01
-3.428368342641330280e-02
1.758947645418160732e-01
2.256169059811877098e+00
-4.103204699580799142e-01
-1.962749199615348994e-01
5.565441284308062508e-01
-1.518550477240479202e+00
-1.248045241425792984e+00
8.556790754302379121e-02
1.890169211190846354e-01
2.014236726000279365e+00
-3.612078634997283322e-01
1.901070853515437253e+00
-6.105365988476637584e-01
-2.773526704183917335e-01
-1.949338043777520291e+00
2.170537583786076308e-01
-2.120940635034286537e+00
-1.097895284174219999e+00
-9.145051359058685714e-01
6.480937053338620135e-01
-1.598665553546448237e+00
3.813107584891679558e-01
2.516798457849689363e-02
-8.980438663838885560e-01
-7.335856784046297374e-01
9.147122191607779396e-01
-5.791184129267851199e-01
2.313937636619311178e+00
-1.266045833250994068e+00
-2.394714999679048439e-02
2.165170290570486156e-01
7.030599974880893388e-01
1.499581007057136262e+00
2.023513949045196991e-01
-8.169415094736129923e-01
-4.719198559075195032e-01
-1.741542518076882873e-01
2.246967650385767179e+00
-6.045246227095917302e-01
-8.856602824987668265e-01
-3.571579225410748126e-01
-1.393959947375925879e+00
-1.331110539222304823e+00
6.148819171183296517e-02
-3.280173042445422293e-02
2.744751185750016198e-02
-2.157780796391643996e-01
-3.000903761917930179e-01
2.667598419876682225e-02
6.407852207317785709e-01
3.452210954385782626e-01
-2.962511434746655237e-01
-8.762695142398586601e-01
5.218581207565717861e-01
-6.131685351399904782e-01
-2.757119816156326397e+00
9.758645677129744733e-01
-1.278389723287762569e+00
-2.267467040399825606e+00
2.793151802007920459e+00
-6.488460284822337165e-01
-2.821233617600231725e+00
5.275843907748216655e-01
-2.174294745539421925e+00
-1.122149908888303793e+00
-6.319480533300723124e-01
-1.245861624894379016e+00
-2.605770146506999341e-01
-1.606569599200222243e+00
-1.771680998909862081e+00
5.465931684587754802e-03
3.766878376227947856e-01
2.757346779952356997e+00
2.978378034457362489e+00
3.215856845732279812e+00
-6.767921154663312233e-01
1.656254412498871620e+00
-9.919742718346700183e-01
2.037524347327305918e+00
-2.251571581597132443e+00
-7.579753694465678482e-01
-1.306004728271359161e+00
1.762383530277154220e+00
-8.862188588684423163e-01
-9.467013371860054649e-01
-3.696155290102869917e-01
-8.336282910360031106e-01
1.681452147335407821e+00
-1.395819366224901215e+00
2.328296479365381977e+00
2.519669897950706172e+00
-1.762465942146919096e-01
8.622248500396597626e-01
-1.152546231152892675e+00
9.567332409977947760e-01
8.968118958586346334e-01
1.727589588182865121e+00
9.142683953767758442e-01
2.323731478120655947e+00
4.614965211357039965e-01
2.295316954213138416e+00
4.778512306251355701e-01
-7.938252128746048353e-02
-1.239931971325090032e+00
-1.358930067406298736e-01
8.562085516291406684e-02
1.285136223268948941e-01
7.431076817066024631e-01
-1.461775215044528675e+00
2.432773940521222311e+00
-1.895809799734541112e+00
1.518345127273772022e+00
1.496691724472246632e+00
1.069424982238516453e+00
-6.200588882475950303e-01
-9.314915273111241678e-01
1.575865057486187659e-01
-5.874071338031463529e-01
-1.312911398280236952e+00
-3.323681095241974859e-01
-3.973014890420007994e-01
7.581541508859529488e-01
2.234676772035589565e+00
-6.831742327308940599e-01
2.163635383783690247e-01
2.752834028099099939e+00
7.795881521727077157e-01
2.313980393172143657e-02
2.050070244694254251e-01
-2.012518391644827709e+00
-8.214239822645286182e-02
9.424180664657222373e-02
-1.714476684120486816e+00
-3.806620395003123658e+00
-2.319691994447365513e+00
-1.084952881089117804e+00
1.666426634845780352e+00
-1.087033561548814697e-01
-6.341124751782467595e-01
6.519030881438925284e-01
-7.366321037921192971e-01
8.961509652082733091e-01
2.793575578846305696e-01
4.085968676733768290e-01
1.729265838714828751e+00
2.087905494995824007e+00
-1.111034762444558233e-01
2.813631146943957440e+00
4.817134904462654355e-01
3.218394963906279216e-01
-1.450990548215773224e+00
-2.120296577495655033e-01
3.383443636225145212e-01
-2.543885508502463644e+00
-3.548671765819639834e-01
2.223173337961093787e-01
1.970419999637615938e-01
-1.483018751582920736e-02
-9.303500691644507326e-01
2.030768071060472302e+00
-1.168605932391673763e+00
-1.350221579671524008e+00
-1.162959738604787407e-01
-4.525331204994966772e-01
4.028239759831642175e-02
7.927414732577473533e-01
-6.094203165745575301e-01
-1.740533858598869443e-02
-4.072141689238524265e-01
8.369289201998473260e-01
1.123662172277112292e+00
1.080206272562292957e+00
-3.619848005340842167e-01
-8.609629421460436305e-01
-1.999868940771253989e+00
1.663422353150918687e+00
-7.546998836053514514e-01
7.212123919654562787e-01
1.836060959410085736e-01
-2.258394428930588838e+00
3.650642504689463053e-01
9.067400641263374528e-01
-3.197391146405588191e-01
4.611223427267114872e-01
-2.544734333776675239e+00
3.206698153472768986e-01
-6.039731624041133617e-01
-2.726720169754858869e+00
1.615797539241247804e+00
-2.239743696355582792e+00
1.180877845082906497e+00
7.315681160574570852e-01
3.954395610908136849e-01
-2.798712139903615892e+00
-1.285528960368260698e+00
-6.261599493745171330e-01
-6.615014206768348171e-01
1.950935331540030182e+00
1.873878023288786832e+00
1.151166997154017824e-01
-2.897050878912057481e-01
-5.149845605773873958e-01
8.611876596381160542e-01
-6.598800702657453554e-01
9.885589978497697494e-01
1.127817555131135352e+00
1.335786120716976555e+00
2.826826251697962089e+00
-1.517056109305402023e+00
1.555189665414721922e+00
3.901979440392788767e-01
-4.306388003365326789e-01
2.867186881261091003e+00
-9.727342750664424997e-01
2.285124568848637683e-01
1.343643637679279967e+00
1.162067788536780277e-01
1.821558753878759651e+00
1.442526292517318565e+00
-7.746422430566994866e-01
8.409760848627489960e-02
8.677956342381305532e-01
-7.020304815148156186e-01
-1.152026951736184746e-01
-5.427090968557934936e-01
2.733987228413357062e-01
1.060070654346900731e+00
-1.515462515153289003e+00
-8.018041660850669938e-01
2.181133088311240087e-01
6.886222780524796638e-01
-8.675260155176807153e-01
-2.669117470097875922e-01
-4.853334223565272110e-01
-3.168308755411110678e+00
9.124012052132990380e-01
4.945351491128329169e-01
2.706532436830488275e-01
8.070554933698050881e-01
5.383360530086107598e-01
-1.847810348764605815e-01
-6.803624327422150841e-01
7.232520103259755251e-01
4.165898681738621212e-01
6.286407024195250770e-02
-8.370822938618776021e-01
1.158298406163898564e+00
8.545381806619434251e-01
-4.660798883619420963e+00
-1.296463526517601217e+00
-4.652417272923999647e+00
4.240179540258243729e-01
9.341041059495385213e-01
-7.715593424608737649e-01
-1.285912605495967309e+00
1.478552650091006004e+00
-1.320992683718868355e+00
-4.324377404918324785e-01
-1.139233634606177992e+00
