1.607478425736231564e+00
2.633792988890761855e-01
3.548611535408289441e+00
-3.621471781357097797e+00
2.159259601814739415e+00
-9.961157226483781102e-01
-3.511034849857168627e-01
-3.813412197927380731e+00
-2.282735353000437950e+00
-4.425056381936980365e-01
5.841714014610276173e+00
-5.419162509836885633e-01
-5.324092785375993842e+00
-2.098062491376487149e+00
6.922489194446141969e-01
2.464551488778455202e+00
-4.691532844960049964e+00
-3.491209333727518516e-01
-1.641568962978581903e+00
-1.533009672624452868e+00
-1.612721292396133155e+00
-9.709534298082449499e-01
1.283762337482785787e+00
3.893665806954387243e+00
1.524810779985901421e+00
4.726693548941342193e+00
2.674938520450415025e-01
-9.919884937658507429e-02
4.557573756852453251e+00
-9.522449174817367856e-01
-4.138970377792825506e-01
-2.892861886220660095e-01
-7.068279537611890095e-01
3.746224849895068765e+00
-1.467690339909876185e+00
-2.299470900138423368e-01
1.391716285447126999e+00
7.262858524901999457e-01
1.683360270762349842e+00
4.755689839813529440e-01
5.402053586380366479e-01
-1.128821780379526962e-01
1.697304120040341147e+00
2.330980846042689514e+00
1.443412052706017912e+00
-1.139108920938651348e+00
-1.287597820600532739e+00
-2.286632393975238653e-01
3.327975800624717095e+00
2.144757712256909254e+00
4.513882941382583169e+00
-2.031810070193358797e+00
1.012821315664875321e+00
6.284425627496422750e-01
-2.950429679443506981e-01
-3.210507999092215847e-02
-1.638418859665820015e+00
8.133055212579345383e-01
-1.165210009447375628e+00
-1.649446942152909878e+00
2.479997011837394183e+00
1.523724963733953386e+00
-2.506662353427348222e+00
1.309534637769480092e+00
2.350577621723450861e+00
-1.758603669571733863e-01
-3.876858364952428526e-01
-5.751794387742686920e-02
-3.192981087322739331e-01
3.507165795959503729e+00
-7.060579045194586456e+00
-8.864174005361220576e-01
-5.335007741852754171e-01
-2.676484198196391162e+00
-5.233895662407112681e+00
-1.355602180197222451e+00
-2.190304505352527631e+00
-2.787074515911601047e+00
-2.093472140432127482e+00
1.957201149186917899e-01
-3.623991308948617540e+00
-5.207091156797292619e+00
-2.499144264237230573e+00
1.996388864253054729e-01
4.510237102579523594e+00
-7.949983259343669229e-01
-3.190183085054710155e+00
7.668267464059654870e-01
2.283835784646049749e+00
-3.910267833388677561e-01
-3.970199092819848286e-01
-4.093954350409410914e+00
-5.438213406328574751e-01
-2.268469792025605614e+00
7.102177624629465447e-01
-5.279771177380068181e+00
-1.113829461226127027e+00
7.668066909047837054e-01
-4.911987262934088827e-01
1.694748805085999344e+00
3.309987359936399809e+00
2.791129083624803275e+00
1.451880090004572521e+00
2.287830150943404917e+00
-2.237573518144698070e+00
2.076173375624020601e+00
6.935179765171124444e-01
-1.781846725684851585e+00
3.788536845931502750e-01
5.406430498375685012e-01
1.530627726544047551e+00
-1.646739667178912070e+00
6.898746340853469106e-02
-5.742754238003470180e-01
-3.363835487178051808e-01
-3.761570362651808774e-01
-4.298455644129358433e+00
3.936915890451851752e+00
-2.192474485115885052e+00
-2.619385397157050654e+00
1.104204607102768021e+00
2.474337823656924229e+00
4.875578555580835083e-01
-8.650246062104501865e-01
3.512733696293350860e+00
-1.337815659192818307e+00
-5.571092522368304323e+00
-2.722265349335960316e+00
4.921355330259278738e+00
-8.693461131791444529e-01
-1.970012365404193222e+00
-1.928628401878219600e-01
7.839308496327477283e-01
1.289426431062080436e+00
1.878381288667890114e+00
-4.070936412042027719e-01
2.168764264071314063e+00
6.074384402002142913e+00
4.748566154675382123e+00
1.066170878489364648e+00
-6.721986363724483660e-01
3.324101249045125162e+00
-9.693073310277036114e-01
2.690233852035885942e+00
-2.581346488613243562e+00
-5.450148487928301755e+00
2.490937057287067269e+00
-7.706090329128139071e-01
-7.686666100666180723e-01
-2.399560187457293603e-01
8.173996807886028115e-01
1.228729850386427014e+00
-2.350472305167402354e+00
-7.185329748054811727e-01
3.963324992253352441e+00
6.574435970412495500e-02
1.317150572639792072e+00
1.058329083989991481e+00
-7.573567135159320340e-01
-1.033145353748001538e+00
3.418176686607833137e+00
3.760131170340278217e+00
-1.615563175667849460e+00
7.888353573698776433e-01
-1.453020156870825197e+00
-2.921150275097858517e-01
-2.565130347466629268e-01
-3.528404558981554917e-01
-3.803109486110733961e-01
3.036118177852843214e+00
-3.300696612957934928e+00
-5.699257012855443172e-01
-1.443425558471813641e+00
-1.230740362067517690e+00
4.647095091429240821e-01
-3.081965539494919248e+00
-2.484090876117366342e+00
1.911603145410198046e+00
-3.632019756066543259e+00
3.378078212567011906e+00
-6.148784156899659292e-01
-2.272568913406362689e+00
-1.201111423129122002e+00
1.738045661472006120e+00
1.893224193662093047e+00
-1.760462296933490656e+00
2.715034051522029035e+00
-1.370453467228207600e+00
-1.188624176836942326e+00
-1.248211288826562626e+00
1.470705732652974884e+00
-3.524758624955658615e+00
-4.399639961238996477e+00
1.311442371597673073e+00
1.072669254964833341e+00
9.302808426172803902e-01
2.633478693659332404e+00
1.791057879611009707e+00
1.254844404953191717e+00
2.229614651601949049e+00
-2.530101325784910760e+00
1.193101288026019002e+00
-4.361456869304658923e+00
-5.443619681726472592e-01
-1.149271917399283360e+00
-3.053295370005173481e-01
-4.830437101245140807e-01
3.393330659982304098e+00
2.840633933869692207e+00
2.531454226721966405e-01
2.200350816564802248e+00
2.313267087300640679e+00
-1.512826078526941176e+00
1.260792620399040498e+00
3.107404748847074849e+00
2.872010554228673906e-01
-5.500672152042642704e-01
1.107995197841111334e+00
-1.072537675981679817e+00
2.636633234766058376e+00
-3.450514037549440971e+00
4.715070613380495601e+00
-2.110334591933984871e+00
-6.870291164280388774e-01
9.204980672940629161e-01
7.052268743281921992e-01
1.329347835167446146e+00
1.250105702120736240e-01
-1.224765842551457151e+00
1.479326161898400382e+00
-6.628870872818675153e+00
2.752186831124658895e+00
2.159831843787409333e+00
4.118816587974477583e-01
6.659979959108026648e-01
1.101091039457038789e+00
7.971870955003819148e-01
1.476232050641439475e+00
4.698947049965640055e+00
1.997871332586987014e+00
-1.414662875526637498e+00
1.232527622688167401e+00
1.136072532595769236e+00
2.448627285705101464e+00
2.066637178913550255e+00
-3.224711239484423508e+00
-2.207216947824644393e+00
6.621795203386640072e-01
2.262316773224776867e+00
1.759041949697955909e-01
1.719431411959098988e+00
-7.188213917258491348e-01
-1.234873347606708360e-01
3.728666806259227862e+00
1.051674065925401358e+00
-2.583639687584076139e+00
2.997629363927112323e-01
4.973000647480876335e-01
3.281125401284112897e-02
2.604758722720585951e+00
-3.766999982557794446e+00
5.157841371796756391e-02
-4.486419580812965324e-01
2.630934135027158671e+00
3.698546554505237616e+00
