-4.504110210556433458e-02
-4.470807061991626252e-01
-8.225150394862597025e-01
-7.905892108975935972e-01
2.841633414263384783e-01
-4.294104513074437079e-03
-6.751070121403746072e-03
8.003753410076034358e-01
5.481888016448990264e-01
-3.136890788373438710e-01
5.357448637886470522e-01
7.450509907125459907e-01
-5.069896023541844432e-01
-5.559079638592214767e-01
-7.467704484221696637e-01
6.713857790290349570e-01
-7.484013914265703615e-01
-9.100132506254566822e-01
-1.062595832991845013e+00
4.414466633421598729e-03
-5.678733136024756156e-01
1.906213513197683174e+00
5.106709684766268520e-01
1.258512359448845208e+00
-8.123845532081231946e-01
1.095030780295758177e-01
1.968605464888537604e+00
-2.808729436247063838e-01
5.942572533490868558e-01
-4.356987164406085355e-01
-6.857454710364649930e-01
-3.678530410177296428e-01
-1.863124007422767292e-01
-3.462576213414567672e-01
-5.302244673423934795e-01
5.066994730424865256e-01
1.742069756259247537e+00
-9.486877756136480322e-01
-3.747082388642202222e-01
-1.904656080887903724e-01
1.144173944319596181e+00
5.141337423151761676e-01
-1.692989600253723692e-01
-2.682869113764962954e-02
2.828736767759909565e-01
2.769207120882410944e-01
4.767892612673239050e-01
2.264380554792442823e-01
-1.891183458729434053e+00
-6.468744626707407797e-01
-1.923190320400947062e-01
-2.912743141994229568e+00
-6.338000064466304817e-01
8.762526413604799780e-01
3.053230996936948660e-01
-7.622346208961039427e-01
-7.186146934304820100e-01
2.355440785809848059e-02
1.092054759194106328e+00
-8.882826066488473948e-01
-1.781900801842572379e+00
-3.526867906930037933e-01
3.300254065787631141e-01
1.632807799028945794e-02
-3.567590734212526815e-01
-7.236174450797263624e-01
6.357097700742726509e-01
-5.187372782767001311e-01
-3.505669916568991962e-01
-1.347620519021202501e+00
-1.333025175478325997e+00
2.932561532493778711e-01
3.331786542536454121e+00
1.147453166216265696e-01
4.035387440707147721e-01
1.474435689512152869e+00
8.362193744804717888e-01
8.044333830439547306e-01
1.593374436907684544e+00
1.404071488365246090e+00
6.669407624294846348e-01
8.988732387358994158e-01
-8.670328492895833516e-01
-4.592604931414717706e-01
3.476756195608079469e-01
-8.751868413403209868e-01
-8.884173714894538776e-01
1.522163788315948008e+00
-7.504000322709705184e-01
-2.930263417908451906e-01
4.614362064456479784e-01
1.890531832366704856e+00
3.822564414454500126e-01
-4.167997366819794491e-01
-3.764127963975043567e-01
8.453137600304421184e-01
1.940169047642535949e+00
-9.985465134781219554e-01
-3.301142032650949965e-02
-2.411833834412027144e-01
-2.753828048260262840e+00
-2.467543779030986761e-01
-4.349895789927706868e-01
1.813043242388584719e+00
7.274005516923649495e-01
-7.763577373305328155e-01
-1.425563151105146975e-01
-5.700688870479715398e-01
-5.955699772134686043e-01
6.164648095917992787e-01
-8.540972517643856676e-01
-4.560224306104525560e-01
9.808261955729589143e-01
9.618927808740673768e-01
-5.006623047161840034e-02
1.475473691104332019e-01
-1.006378783837048374e+00
2.129910189138253251e-01
-2.188427074343087142e+00
-2.997230766446743466e-01
-3.031096239310580920e+00
-5.762662650235723660e-01
-7.834568107782438062e-01
1.192306084866448512e-01
2.183787493573927208e+00
1.320351166510887575e+00
9.450934192316353677e-01
4.539006006455303943e-01
6.130335825973447506e-01
-9.666146143550020664e-01
3.895338470396298991e-01
-2.893546696073778790e-03
-1.635194571925234541e+00
-1.111652492078024856e+00
1.686870299793201688e+00
7.040893019166929445e-01
3.747798051845383505e-01
7.914171010683708207e-01
-6.789356001931858842e-01
-8.792822128885604549e-01
8.608586167661289590e-01
-3.092092067456572169e-01
-6.507825146051667842e-01
-7.126433208567963806e-01
-3.216204807674336585e-01
8.362087658762671349e-01
-5.496837760351707125e-01
4.666898732781803449e-01
-2.589607044341701858e-01
7.119339781700436687e-01
-4.116607458062768732e-01
3.357866040578669775e-01
-1.579341147828049463e+00
4.165735858476257159e-01
-2.803187066763545232e+00
4.566857645677153688e-01
8.266754747635298717e-01
-3.832012767610160076e-01
1.683716570794071776e+00
-8.058910089546587052e-01
3.617023450891707625e-01
1.045812516167208273e-01
-7.637213605104038461e-01
8.515332115293925419e-01
4.296616629336769133e-01
-3.220468183034841392e-01
9.292853562005496393e-01
1.146704468922444597e+00
-7.555942121935501632e-01
4.459677865180211587e-01
-7.712000288750012755e-01
-9.672899368430334377e-01
1.372298478929088184e-01
6.337551718644875987e-01
8.754736080779790264e-02
5.473063205026684752e-01
-4.858087156449735211e-01
7.157041633835505845e-01
-9.585110772595717421e-03
-1.429932881838201775e-01
-2.188749828723755009e-01
-1.544727182900673679e+00
1.415527699429963704e-01
7.042618139009386713e-01
2.956994969197696554e-01
-2.130750542423740512e-01
5.751554468236181883e-01
2.662677868962851635e-01
2.996015889060348325e-01
6.049500139729953041e-01
1.197800372320674545e-01
2.961963703514289836e-01
1.324260790542297839e+00
5.010735883821957337e-01
2.332744259328570768e-01
9.351845955120157150e-01
-4.229758488472330491e-01
3.771772669749340334e-01
3.189818454365522804e-02
2.142108257285990636e-01
-2.498902253436414700e-01
8.598832401164304695e-01
3.023875028795478537e-01
-7.053955936329364684e-01
1.226280627209844987e+00
1.977085617282028362e-01
9.920831348521366166e-01
-1.812433045692557920e+00
7.406053699925359002e-01
7.018108446720374705e-01
-3.315108052239049141e-01
-2.800516012487028750e-01
8.056392979606337157e-01
-1.206791013303558424e+00
5.174414708901164950e-02
2.391493346695345856e-01
2.234437162700524393e-01
-1.202765953543041055e+00
-3.055775654080373771e-01
-4.309113877558545802e-02
-4.428653375235679368e-01
-1.351297345279297790e+00
6.515439267846858673e-01
1.354399881837434760e+00
-1.904931966715159408e+00
-5.042292699456547567e-01
-3.790804192642535098e-01
-1.315488842567307248e-01
1.997393777484818278e-01
-5.826004264574283220e-02
-2.408166136353479536e-01
-1.036609671236197183e-01
-2.958817304853811336e-01
8.472704548725433771e-01
-2.962731122235084946e-02
6.397077473384427115e-02
-8.599242983695866149e-01
-8.658029610696991174e-01
-3.358259771521810433e-01
-5.605596594256851972e-01
-6.224245708372639907e-01
-1.301005122345844089e-01
-5.799485907312149635e-01
-9.289103704377779103e-01
1.872518696941884997e+00
8.060199862642907220e-01
-2.263844386645437190e-01
2.900769560352682852e-01
5.985520991727522055e-01
-4.438043347237492497e-01
-9.960388880734375450e-01
6.821176228468339708e-01
5.909679507105998209e-01
2.774280814366500425e-01
-8.830089247751846671e-01
1.157609420973029879e+00
1.787709163320694294e-01
-3.152511410703389139e-01
9.909920853533432661e-01
-7.942951773476776278e-01
7.293502808761864742e-02
-5.318957489152237317e-02
-3.074527094033325803e-01
9.496013449784213023e-01
-2.196893940870816131e+00
