-2.733578168501327177e-02
-8.281875879926920980e-01
2.214967041424105165e+00
3.025271585980791045e-01
8.960131113940006387e-01
6.145758363775752908e-01
4.815600748278803245e-02
-1.610858541460752580e+00
-1.614274365889992957e+00
-8.611872274218820289e-01
8.229603330955603813e-01
-2.838254038193909867e+00
-6.265254388654775131e-01
-2.817721308802314972e+00
-3.058511681697848594e+00
1.286068845446040942e+00
5.709034592625654714e-01
4.928590160620884841e-01
2.773567087851680490e+00
1.259416508595391671e+00
8.096482704059339008e-01
-2.027599493689826726e-01
8.713806229324607688e-01
8.982661345350611004e-01
-2.309922130496733228e+00
-3.562887771294739325e-01
-9.900412420624874477e-01
-1.960981962455521366e-01
-5.221030571255231845e-01
-6.569310516333648486e-01
-3.939991487543805793e-01
-4.877246913598373701e-01
-2.389296729360452787e+00
1.425445191749484586e+00
6.001342779061891175e-01
7.356276729851699558e-01
-1.550557484419856635e-01
4.464991101285677999e-01
1.022119877503564700e+00
-1.451836165915816323e+00
-2.847025889045473046e-01
-7.885406983764096100e-01
4.950416355854239114e-01
-4.817963845326274641e-01
8.969012589529197221e-01
1.193327797140680824e+00
-1.808682795521328490e+00
8.579795779930400323e-01
9.132535772786309902e-02
4.664461656949352997e-01
8.422765030653542873e-01
2.803070362888072653e-01
3.137114994710251681e-01
9.899337921229802717e-01
4.316449666439173827e-01
4.188920996341610747e-01
-1.719209306264470216e+00
8.481536298791385597e-01
-5.815605230560836336e-01
-8.937565792413730836e-01
-1.277079771425090327e+00
1.283683157531681385e+00
-1.235072660027611846e-01
2.690769494324760203e+00
-1.276482050502929289e+00
-2.258003267874566511e+00
-5.214630420928749732e-01
5.123145771006933913e-01
3.791507102730755085e-01
3.930430453588149575e-01
-1.445585147390265446e+00
-1.805348260505200919e+00
4.845173898984684868e-01
-1.400251075646731236e+00
-1.089947745411066649e+00
-1.340487176005051850e+00
2.383473267346523095e-01
-1.182634809742202808e+00
-1.432745281183817054e-01
-2.537670320939549917e+00
1.143613172459612581e+00
1.819584195103551849e-01
8.554908474383260408e-02
-2.401907658461379214e+00
1.564116064214597923e-01
-2.082955018276542170e+00
2.141652956847461819e-02
2.241383522009457452e-01
-3.171104326207442980e+00
-3.171893358677080332e-01
5.374182848179913652e-01
-4.076509303185540944e-01
2.143366615444226575e-01
1.727391606117871792e-01
3.631658779035218387e+00
2.164322082687576199e+00
-1.431279730062545941e+00
-2.616783513727340527e+00
-9.310932614980580446e-01
-8.567805876890548511e-01
4.951064394526289991e-01
3.073349737782351099e+00
1.785466149311434325e+00
2.751776224459287157e+00
-2.863838307515462756e-01
-1.136542963610773782e-01
9.865387286066948924e-01
1.105325594309901627e-01
7.830150491471310481e-01
-5.315288114848734091e-01
-1.163376990490419649e+00
-1.339270354771063598e+00
-6.676986583669105579e-01
-2.210958783547961382e+00
-2.685066997055061577e+00
-1.428728374224590425e-01
-3.751379664910037270e-01
2.970112075061870360e-01
3.316742589846257250e+00
1.964097550570234718e+00
1.931682202664236070e-01
2.080204694296957868e+00
-1.657973660632660051e+00
1.464989648887986551e-01
-6.440110237260625592e-01
7.387504860329819900e-01
-1.578203023287316098e+00
-1.159484290372820858e-01
-1.471747813187369580e-01
-1.674582307178864582e+00
3.842722808473439944e-01
-3.381640001162142251e-02
-6.026614759658209808e-01
3.984865329907583131e-02
-2.594261554266951819e+00
-1.091151167751618356e-01
2.287570461432112179e+00
-1.143532413813368454e+00
1.413578107276501461e+00
1.540666208726406028e+00
6.013572961650213156e-01
2.988044587768556859e-02
-3.757144009393145190e+00
-2.139397518172881263e+00
-9.242104879601893419e-01
1.460699882757192647e-01
6.793056344509645905e-02
-2.161101174935572189e+00
-7.763119091505927827e-01
-4.836526502435345987e-01
-3.201526485750376683e-01
-1.357654629904393229e+00
2.577969494440782716e-01
4.833711166787737490e-01
-9.567743185102661752e-01
9.105513324586302915e-01
9.045647531557268195e-01
-1.955595756738500723e-01
-3.179081847782782022e-01
-2.157181587437114745e-01
-1.278504598965807038e+00
2.684782591715744182e-01
-1.792199987471154721e-02
-1.785521383056803413e-01
-1.747575618562283051e+00
1.588797138435490197e+00
-1.570355442316214933e+00
4.646728774571069476e-01
-4.842364916136761011e-01
-5.244754209295841019e-01
2.091801474221952617e+00
1.559500070991428622e+00
-3.558685103780654391e-01
-6.256482869579155226e-01
-4.444851058735714844e-01
-3.267756862966147757e+00
-2.740734128952150073e+00
4.821681123725080065e-01
-8.926229095525717305e-02
-5.376475553567933163e-01
1.337411018879475222e-01
-1.402084743773725495e-01
-2.075023429433481281e-01
-1.230170407397483956e+00
1.026601131713940518e+00
7.357013791309481299e-01
-4.266612814098775797e-01
1.030608363690976415e+00
-3.146768142747000674e-01
7.459419373738123138e-01
3.106608391587507567e-01
-5.056545556318808865e-02
-7.898145112546910429e-01
2.072116506730339314e-01
9.252662286803325919e-02
1.839030811326022530e+00
1.350350599737095481e+00
8.233768320324588719e-02
4.815137837787448749e-01
1.310581596422069728e+00
-7.927071752102712310e-01
4.897879778203177992e-01
5.128133900870019968e-01
8.300619645454061502e-01
5.871281244886803474e-01
-1.981390616497935575e-01
-1.155502268070918159e+00
6.358926123587271828e-01
9.500717418226157784e-01
9.016277102835195123e-01
-3.674882697906955986e-01
1.438526586256883677e+00
-9.789781148902138019e-01
1.343626873015763890e+00
-2.640476142746840615e+00
-7.011153364429985047e-01
7.218412495622061886e-02
3.473111242398161380e-01
8.756649568643849468e-01
-7.333663781096131373e-01
-7.503045875626868089e-01
7.381770112141612383e-01
-1.560252100152638821e+00
1.061239041488013735e+00
-8.402563626397425711e-01
8.504661387067082856e-01
-4.778037434484334600e-01
4.031495338535293627e-01
3.366393651153438693e-01
-6.707078897310810861e-01
-1.112123698804243110e+00
3.610600023672260406e+00
8.091840673663681649e-01
1.378965782312665089e+00
1.805014341681084655e+00
6.592706016526539425e-02
-4.932731668565579208e-01
-1.808413846922381829e+00
-2.495416481989024771e+00
1.633361958464647934e+00
1.070973370498515154e+00
1.700426971452165592e+00
1.249856343253872293e+00
1.770180756192113680e+00
1.916500720532293700e-01
2.279533277002286695e+00
9.793010609553118861e-01
-7.219906813364389553e-01
2.434339266346770003e-01
3.702441555936710760e-01
1.158914562923498037e+00
-2.058250772840461540e+00
1.489638067477517591e+00
-7.340515664239204430e-01
-1.638749222349333845e+00
-4.044683404625118439e-01
6.995676970575951392e-01
9.469783097190185295e-01
2.810943005972888376e+00
1.572975168445825411e-02
-7.924333470072897345e-01
4.773242718962200648e-02
-4.887541055823709790e-01
-7.204108084268332490e-01
-9.803451528995432707e-01
