-1.066238243231520944e-01
-5.388663320904960585e-01
-7.419411806211684279e-01
4.021099754364561019e-01
-2.984326543504112195e-02
-3.017694909504820000e-01
-6.304179073162450297e-01
8.704274950370911590e-01
6.244287769226093410e-01
8.230124779125824741e-01
-4.453420369270004731e-01
-2.656461487157568691e-02
-5.762507310777982283e-01
-6.396263645514910223e-01
5.721739476164944271e-02
-9.658203358851500386e-01
3.452539480372667224e-01
-2.309289209031430978e-01
-4.977852484349505335e-01
7.263455268727727621e-01
-1.468395831050144373e-01
7.619058728680627723e-04
-9.838739447715272313e-01
-2.623945308583230940e-01
-6.500732193048919250e-02
-8.642448885816444992e-02
-3.686901711263737003e-01
-4.143667704580675792e-01
-6.225427921734008052e-01
3.369322860984169665e-02
-4.091727926868737875e-02
7.607913880254362216e-01
7.753029237783897187e-01
1.087521467733991720e-01
5.158872492340691451e-01
-6.798579457549225324e-01
-8.782920416813739806e-01
-2.822034516600788745e-01
-3.287173883917453576e-01
9.531560534213292524e-01
-7.182716157903772380e-01
-7.050543045826020983e-01
-9.559976464802024676e-01
1.689027062760031228e-01
9.349557677959343671e-01
8.151808727413423217e-01
-5.443256640665463664e-01
-8.198794647754326093e-02
-3.665445559001880849e-01
-7.155651559302305120e-01
6.400694810772209475e-01
4.688522806025616774e-01
-9.266997885637575649e-01
3.129440941327414905e-01
-9.755662100071742504e-01
6.638584814145289670e-01
7.724981208416603629e-01
-9.928421198759789235e-01
-2.521238176441482626e-01
3.260176742267664185e-01
-8.755335827048011943e-01
-4.222986562053738790e-01
9.577289410841292039e-01
-3.133470616590392499e-01
9.976665366612997854e-01
-1.909727896910018430e-01
2.328884573588707596e-01
2.105148705826940247e-01
6.450171705415694845e-01
9.868705123503185295e-01
-8.539827200674494634e-01
4.839596694563388368e-01
-9.105312893707366850e-01
-4.463120794217827481e-01
8.554701776063389218e-01
2.293694171618121391e-01
-6.521650881734093463e-01
-5.078885428864807761e-01
9.429689596189900769e-01
-5.214270457063892028e-01
-2.535759108142547902e-01
5.188666712045584273e-01
7.778539522086223013e-01
5.490415278315468051e-01
1.346651627033088605e-01
9.750121051541564832e-01
4.356352427041920716e-01
3.468002296190453304e-01
-7.109269652993521760e-01
-9.577333602792248435e-02
-1.035278898319826890e-01
-4.559169191796412779e-01
-6.931876258121327794e-02
-3.730787013556784437e-01
-5.056980170868385915e-01
8.211556138178788267e-01
-9.921178068335969602e-01
1.800640918103710852e-01
4.531764058155711705e-01
-3.885315169656795575e-01
-4.573076573527539157e-01
-7.370322548927159545e-01
9.516900270745203283e-01
8.984306065741156644e-01
-4.211384102949453645e-01
7.134885129404604509e-01
-6.935887569986536327e-01
1.276122565124346853e-01
1.610445812663490184e-01
1.993509050413597716e-01
9.593780255581552119e-02
2.263993812980584774e-01
-8.935175619017037274e-01
8.662147379716980122e-01
9.871243538453176036e-01
-4.188093413459355041e-01
-1.741723108120396546e-02
4.722573522476913865e-01
3.674495593019451167e-01
-8.147672218996999671e-01
-6.984709290650696900e-01
2.437984855027846010e-01
2.903889477195926716e-01
-4.558332255993093884e-01
-6.577670811412301699e-01
7.461274968174593791e-01
6.223258908047735183e-01
7.465814544284365972e-01
2.682930114848183223e-01
-4.324797231309340795e-02
3.213825240571388520e-01
4.999573990332766282e-01
-5.642674135053522555e-01
5.504656942047181367e-01
-8.482792385264081858e-01
7.997023852704403524e-01
2.542987817739872369e-03
9.352290485512519957e-01
-9.784094566573728891e-01
9.278300006485149520e-01
1.749285062656469325e-01
-1.210307105152221840e-01
1.890469990024639113e-01
-3.100507314286480298e-01
1.114158465774295337e-02
3.938745842380009243e-01
-9.542955115130826726e-01
-6.924265849200699208e-01
-4.622890676825011091e-01
-4.908291355222378360e-01
-6.929240570784476194e-01
-6.098790927777466564e-01
9.798876047242857101e-01
9.919424295407708314e-01
4.560808329582628495e-01
-9.878947236877539950e-01
-5.619278154883278198e-02
4.091218278108039730e-01
8.657342632874933663e-01
5.834090652858801018e-01
3.176602172748035358e-01
-1.361899448417112080e-01
7.184398174043191698e-01
1.483936663135982936e-01
-6.087310166175390336e-01
-7.244126662867584887e-01
-2.341791746263888196e-01
1.862569369388606955e-01
-3.824553183229362219e-02
-5.476067669639659297e-01
5.815089268267290556e-01
-2.629658245398092120e-01
6.506942968347533274e-01
-3.667102807293920463e-01
-5.682913970911533941e-01
-2.009919156079904567e-01
4.665370633506018549e-01
4.917051796629188232e-01
8.521104769041876192e-01
6.449718621273474728e-01
8.526287978330095996e-01
8.196257297011422249e-01
-4.943555867151954164e-01
-2.670784549735987223e-01
-2.922705245075054581e-01
-9.040375033476593103e-01
-6.649685693674927123e-01
1.938268828038540725e-01
6.094495012402219025e-01
5.787056934489109850e-03
-1.101140815309125109e-01
5.569355809990341744e-01
4.982125368407497312e-01
3.641800435671156411e-01
-3.675791883798782411e-01
-4.569114391904491868e-01
-1.498240582623511230e-01
-7.074582794693076160e-01
3.577058087002455977e-01
7.375719483816991495e-01
4.781372992050503257e-02
3.886314768841980793e-02
7.071593553585924230e-01
-4.170994510490382279e-01
-8.413326785407950759e-01
-9.769387287539119669e-01
-7.000925658952961150e-01
9.334255483848563628e-02
-8.229102192088837420e-01
-8.926535738286833777e-02
-6.714864047541408976e-01
-6.829154316605137165e-01
1.655928079999731128e-01
6.849007931280139960e-01
8.670334096562437587e-01
9.695024711992878963e-01
-6.330653109067190254e-01
-2.515806528903334893e-01
3.254343144890217143e-01
1.583595691582859732e-01
-9.982045151449459031e-01
1.244595346052521645e-01
-8.583334834266764801e-02
6.790622911570383113e-01
-6.217862455315783521e-01
3.599357414409467548e-01
-8.013817652823398419e-01
9.120267801508570304e-01
9.197624457985182911e-01
-8.053477785673601730e-02
-3.286073762202070814e-01
-6.902073861474580241e-01
-8.605848947129202120e-01
6.474903640558782314e-02
-7.475769602442261519e-01
-5.248352170727230703e-01
4.397139194491235248e-01
-6.393634183764365098e-01
9.263227318171196600e-03
-8.431392997052034044e-01
-6.669091858483984225e-01
7.966910881888347173e-01
-8.027443051325076073e-01
-5.460943711592194383e-01
8.575088732369873235e-02
-5.814969810622443447e-01
7.553831618714059726e-01
9.786991473255217677e-01
-4.879296188063313444e-01
-6.629954539864648666e-01
5.224152762765754687e-01
-1.624351876062701816e-01
3.312453919490458976e-01
7.343475988271093158e-01
-3.135039562937944613e-01
9.841708408051208501e-01
-4.588541393424721004e-01
5.322346934514412542e-01
9.694091910316657845e-01
-7.208217799126566128e-01
-3.850841284567791956e-01
5.969003131297434539e-01
1.171841963564188571e-01
7.571999313848549740e-01
9.225740385035210434e-01
