-3.651040291070659638e-01
-9.813727504131080082e-01
3.242075278120972293e+00
-1.760678787165728121e+00
-6.144453579403703625e-01
-1.746212599150897660e+00
-2.349910058631318854e+00
7.479101304532740357e-01
-4.292292652071307835e-01
4.436871604464203145e-01
1.019554544709959210e+00
6.930674219231331978e-01
-6.107473302636260426e-01
-1.248033273721962821e+00
7.448332198994560560e-01
-7.796861073909377993e-02
1.998033467310714739e+00
1.086668459549300358e+00
7.850071410896241053e-01
-4.579457480595783281e-02
-3.027946625616367626e+00
-3.615420143302447986e-01
4.860415983979837762e-01
1.099793793430219324e+00
2.019889282772875383e-01
1.892769355539598131e+00
1.715114444676156813e-01
4.117978571734173254e-01
-1.937648120044038746e-02
2.521386516883908691e+00
-2.415822728316248558e+00
8.179132936101076723e-01
4.191653413246338999e-01
-5.757416406547168908e-01
-6.481917577729642277e-01
3.825697996608767859e-01
-1.166438758295470057e+00
7.686684168034708664e-01
5.557254810844831638e-01
-1.108838900088258583e+00
-2.189988140771098601e-02
-1.774773879666116994e+00
2.772678233578719897e+00
-1.442629493486266679e+00
1.697923361853613144e+00
-5.222519985551270505e-01
-1.146814800768466425e+00
-8.305019534398802028e-01
-1.551298832761601743e+00
-2.002604107612130591e+00
8.179570659601993476e-01
1.293487908677612985e+00
-1.771383718262992124e+00
-6.330617553743211889e-01
5.411465362830666370e-01
3.046348686690564023e+00
-3.697649126548138376e+00
-1.157976006941269009e+00
2.763742134369453041e+00
2.609755835987764838e-02
-1.730312781921487186e+00
5.508042197939515550e-01
-1.968520614266198177e-01
-9.136186112857445085e-01
-2.048561288052352936e-01
-2.277846584588664847e+00
-1.855477240180670062e+00
2.012884725357351634e+00
-1.887551753076467942e-01
4.879073269268745516e-01
5.415539288261217443e-01
1.509729236135903374e+00
9.093338133167758741e-01
1.366154975942499350e+00
-1.254128771928246788e+00
2.213324665092648580e+00
9.384133365356371881e-01
-4.125036217210491518e-01
2.739483700234783825e+00
2.858638882167099382e+00
1.945998774848086921e+00
2.531245610727141937e-01
1.949843947698840507e+00
2.410908700368524116e+00
-1.074154970970829126e+00
8.246471937098286409e-01
2.169644674696258324e-02
-4.852068790232360596e-01
1.759942781689725066e+00
-2.511740961822484852e+00
-1.072638428993331727e+00
4.243389189683039464e-01
3.731306212177225023e-01
-6.309381420614028624e-01
-1.068178355106222499e+00
2.802812384570845250e+00
-9.019768413059826573e-01
2.880452328162064202e-02
-5.270738989594351276e-01
-1.044033512021823373e+00
-6.915104293897280652e-01
-9.499654040516859466e-01
-1.204445224050072483e-01
-4.559271274463747581e-01
8.225073902919391999e-01
1.426164560186158337e+00
2.191009794527314369e+00
2.154813076968851604e+00
-2.572261551705780747e+00
-5.150423659356194728e-01
-1.612244103683415641e-01
1.550058185406298694e+00
-2.334837643356670434e+00
1.581744050104290311e+00
-9.149672650672167062e-01
-2.757396038946748007e+00
4.852758128570329732e-01
4.830649210852852038e-01
4.318345853655575439e+00
1.167568271224693977e+00
3.716079496961977924e+00
-9.370831110821380427e-01
8.026955766639429779e-01
3.580173219426791564e-01
-1.636794341302578282e+00
-1.250374189857011098e+00
-1.105408950791549216e+00
-1.296574763114595630e+00
-2.218236898428686210e+00
9.457217794767758257e-02
4.170151603323940748e+00
-3.435146060739699969e-01
1.101136399645016306e+00
2.198547123255552904e+00
-5.823543662953516442e-01
-7.703866236093019904e-01
2.272936204232308466e+00
5.604820617692014562e-01
-2.925949235550419303e+00
-4.681719817566104558e-01
-1.658571845790461907e+00
1.188653746688156820e+00
-1.196189224264020412e+00
-4.139215034858989561e+00
9.542192933350174266e-02
2.888204020119574111e-01
3.961769306859537210e-01
6.977427610477592301e-01
1.866865179209801884e+00
-1.532266199950943042e+00
1.427531595102921713e+00
2.209617593400016400e+00
-9.791914655296479753e-02
-3.154491038944116088e-01
-9.721222728881709352e-02
-1.558593482999611535e+00
-3.335199751473562624e-01
2.765538465778994315e+00
-2.463306441028611626e+00
-2.809528582116397111e+00
-2.588868142158289309e-01
-6.561230279197278747e-01
1.717374370176389498e+00
-5.576777960334422524e-01
1.046460722314105363e+00
8.522775304863159374e-01
5.509458251421763819e-01
-7.476674038177624215e-01
1.177075956146798275e+00
2.700847356322229054e+00
-1.630105764651230027e+00
3.026407737449813062e+00
1.789322789208034115e+00
5.226773603894923070e-01
2.220955453036626004e-01
1.466253849696532274e+00
-2.883719847035670636e-02
-9.296658087300153639e-01
-1.063629915364227241e+00
7.674100741243430335e-01
-7.507962762296979120e-01
1.234928199070671972e+00
6.296838567004219289e-01
-6.886270077401366319e-01
3.589763045494769322e-01
-1.600419982129200336e-02
1.903275367362927906e+00
-2.625698140857223306e-01
3.138067032529195277e+00
-8.263368663796815117e-01
-1.016421923950575845e+00
-5.859255906516538381e-01
-1.460958522271154081e+00
8.436596105917008037e-01
1.095242134668894307e+00
8.887599234900898093e-01
2.891407399836262160e-01
1.685519619152901827e+00
2.029602538815493240e+00
-4.595181670893448977e-01
-4.116692523343248311e-01
2.588243993719918645e-02
-1.350254654227254214e+00
-2.250800623598514516e-01
3.876499378272119656e-01
-2.914182585108517909e-01
-2.119278045273111921e+00
1.374880650586453923e+00
4.380733995865837116e+00
3.150976212601974691e+00
-2.693466592588112274e+00
2.937418370813785762e-01
2.888022642859309208e-01
3.651775896245396669e-01
1.623910635170183192e-01
-2.383611403102174009e+00
-3.887199844354565226e-01
1.970673194468925304e+00
1.120169213610189285e-02
1.449241938735842394e+00
-1.640048544701275812e+00
1.289380369746380373e+00
1.621998277908083708e+00
-7.525025723837912572e-01
-2.795785508207033310e+00
-7.289032809037927496e-01
9.851832560917594961e-03
9.691929395121925417e-01
-5.030285796146969357e-01
-1.283581044303843677e-01
-9.433260257267659377e-01
-9.034453543204808978e-01
-1.428428321457224204e+00
2.093143445778712142e+00
1.161493867570303040e+00
-3.194726423489386846e-01
9.566105577670667159e-01
-1.179724165619079113e+00
-1.225063102584408314e-01
-1.617819439285113070e-01
3.879505411973802609e-01
4.382927274271878559e+00
-1.176294232257957262e+00
1.290441134649711330e+00
9.571390510979176369e-01
-9.541020267863865589e-01
-1.230988147218957884e+00
-7.382657647459245354e-01
2.289721662855251916e-01
-1.745656913544992417e+00
-2.112887881359353237e+00
-1.384131586802784808e-01
-1.459101471657669569e+00
8.250664028866079303e-01
1.374883330038826568e+00
1.529208023938192218e-01
1.501007559745227038e+00
1.659559955791021224e+00
-9.709574793040827156e-01
6.300255616038810125e-01
2.918154649138422929e+00
9.615017258867328831e-01
-6.071823641244065151e-01
1.324306409398916529e+00
2.550956241112870004e-01
