-2.771887941138344136e+00
-1.876685684380281716e+00
-2.616077585831084296e+00
3.436206209023085378e+00
2.907834789453835889e-01
3.335727883229827384e+00
-5.093666241282147622e-01
9.534988791664034125e-04
1.544643775863543678e-01
5.426850985724099630e+00
1.419899580994891775e+00
2.373742268623877827e+00
-2.919771183381475232e+00
1.785065651154584154e+00
2.403808692957535076e+00
5.152381436644446477e-01
-4.127377824301208697e+00
6.025035061011302373e-01
6.643481076309789568e-01
2.001731818132459484e-01
-1.193920202085600124e+00
1.044491873436600660e+00
-7.108038393040574388e-01
4.522594122106562420e-01
-1.485239890570404064e+00
1.890718011493638828e+00
4.632894407317456054e-01
-8.801576306848686304e-01
-2.077722094703875921e+00
4.717607928390109784e+00
2.120925656211315236e+00
-1.342227571284183796e+00
-1.250327608845588800e+00
-3.409753510832212786e+00
-3.642777591887192301e+00
5.930468881678152560e-01
-3.999166835847449697e-01
-6.677807426332995622e-01
-5.774464198505624424e-01
-8.835369977768177119e-01
9.180736598474987797e-01
2.383301992046572781e+00
-3.326892498456173741e-01
-9.201138533478769865e-02
-3.048176226980158443e+00
-2.842059208703788808e-01
-1.610238026899563746e+00
-2.171955029789510050e+00
-2.172434558749983147e+00
2.049736472110749386e+00
4.010288508147879405e+00
-3.781226114033316987e-01
-3.600128533644182394e+00
-7.282473172381109805e-01
3.504594620138737682e+00
1.369002037386664483e+00
3.686683779501701785e+00
-3.618616393875321302e-01
-3.106634474146247715e+00
-9.206244255929529885e-01
-3.037215809414176348e+00
-1.203928285091738770e+00
2.496834668491067166e+00
-1.723009318362919817e+00
3.447626651111124207e-01
-8.710441861930398044e-01
-2.232760107729157895e+00
8.091422766230571995e+00
3.283949322995021181e-01
1.092256263666250560e-01
3.754967292357691111e+00
3.879332670492234847e-01
1.173294920144666298e+00
1.668538256909419815e-01
-7.265441733664721458e-01
8.222584024864443286e-02
2.464448934044249917e+00
-4.921810352732381988e-01
-1.770833000111439848e+00
1.208994138090951687e+00
-1.874096848969249995e+00
-1.368806773142471789e+00
-2.779812623333369537e+00
2.062698076553559190e+00
-2.629855043298118478e+00
-1.217260314427741630e-01
-1.973043156913486973e+00
1.591490569045610759e-01
-1.997608428778855139e+00
-2.836923832772992426e+00
6.202837847994788767e-01
1.083159448246618695e+00
7.359339344092824531e-01
-1.393327222212153327e+00
-3.385444677214435316e+00
2.917562072201016488e-01
-1.270430010740289384e-01
2.094504483085406044e+00
-2.365284723985158433e+00
1.257270026380288508e+00
2.293261064304084940e+00
2.125451609951735321e+00
2.525897383173584476e+00
-4.565763364633718346e+00
3.839385425217117787e-01
1.866674673464845391e-01
1.501531855413051231e+00
3.149688897568851953e+00
1.366461593026125243e+00
-2.418576474963980427e-01
2.081395804058548960e-01
1.713543122739693336e+00
1.680380430619138554e+00
-5.175259904001372480e-01
-1.603628499978411170e+00
-2.525314860458151678e+00
1.229412009598582323e+00
1.877072112604851517e+00
-3.368407261812290443e+00
1.470127855141102113e+00
2.415691397088393089e+00
1.308970015433403411e+00
1.152378653630488525e+00
-6.171618461846645198e-01
-2.607775492634853975e+00
-7.463088126516339571e-01
3.140304557836949062e+00
-1.927644925574077073e+00
3.983886175534986585e+00
1.134535250670669404e+00
-1.101430028876640765e+00
-1.501713138542993153e+00
1.538480665960384908e+00
8.541959818139293059e-01
-8.886514699514022064e-01
-4.729575002993398614e-01
1.402226109202400206e+00
1.329840432770564851e+00
-1.264314531056622393e+00
1.267135820289629899e+00
1.487749978385795924e+00
-3.868096261255561608e+00
2.667623905087763703e-01
-1.719262123999657499e-01
-1.220019695954207339e+00
-1.087676691456763267e+00
-2.711385303224018273e+00
-4.917923039103281324e-01
5.673806344201242080e-01
-2.040345192213874004e+00
-8.026736817965989257e-01
-2.217557638475719628e+00
2.455100609468870765e+00
-2.474404316403234105e+00
-7.351837925928438044e-02
2.899021809026260943e-01
3.777568554597460881e+00
9.761805515695793911e-01
1.462869420047623548e+00
7.577386335660463157e-01
1.680406330104030843e+00
-2.548661539103677320e+00
1.027957829627335062e-01
3.158895185477658685e-01
3.930266762989244600e-01
1.980010105327456138e+00
-2.452863604113172946e-01
7.713649210456207106e-01
-5.477057244043083140e-01
-1.736035370228714125e+00
-1.665595937855704145e+00
-1.779162136752135304e+00
-2.152053843853180659e+00
-5.116144126272418324e-01
4.056300242473267481e-01
7.774435274439737142e-01
4.820428822739186714e-01
2.064152034017368020e-01
3.943418023403145511e+00
-5.908103828328898910e-01
3.783646624173052087e-01
1.475508927079136168e+00
1.830869317566810484e+00
1.546792455359032314e-01
-1.159586563153127692e+00
1.381942966643015858e+00
5.635175667047876980e-01
-1.096187521565865630e-01
8.231663273607892073e-02
-5.527286700643917472e-01
2.542184768949718787e+00
1.690056060771116808e+00
-4.621175984296403416e-01
3.266756374408570807e+00
-2.866216649563612773e+00
3.050588764535293151e+00
4.667113100560972838e-01
3.901624118967276456e+00
-1.847054975592395287e+00
-2.017588454586931590e-01
1.042583623650164881e+00
-1.543198415012943414e+00
3.846845413199718067e+00
-1.919060775975045541e+00
2.229279469270175618e+00
-4.065420271352971682e+00
1.377267722187584642e+00
8.420369882634046732e-01
4.478594305057543856e-01
1.857242797433739101e-01
-9.052316899837412612e-01
3.208493153158807898e-01
2.365676203387854226e+00
9.075967633302384208e-01
-6.884158660759753801e-02
2.526073683953412363e+00
-1.563678754917270597e+00
-1.704010571468144164e+00
2.712579194951971751e+00
-1.815337409105136413e+00
1.820178496320563388e+00
-2.571646510107047368e-01
-1.404671288230124437e+00
-1.712992431845668850e+00
-5.632825564586521061e-01
-4.388759527508908853e+00
2.730879911703604890e+00
1.384450425093139092e+00
1.459226346350785075e+00
-9.986094265350552446e-01
-5.918012175607383352e-01
-6.399138141830895687e-01
1.003393254197355144e+00
6.341518358934954414e-01
-4.817557637466014508e-01
1.257833627242146424e+00
-1.680998134780504305e+00
6.153543138682300295e-01
1.658641598906734238e+00
-1.751233971711228410e+00
-1.656977345957651782e+00
9.270350269858513848e-01
-6.705723820648890054e-02
9.078120222528881511e-01
2.964889374342295714e+00
-1.598097169823946118e+00
3.728063920656833119e+00
1.288534892564495715e-01
-1.585900782037019674e+00
7.795069583824680848e-01
1.104607797526464541e+00
-1.901439028792585084e+00
2.098165436478456325e+00
3.684993046008553375e-01
3.053397054998461257e+00
9.927569433582131286e-02
3.045053552114729278e+00
3.395726141695081246e+00
3.517344443422720790e+00
-5.781183057863363839e-01
-1.550677961289255169e-01
8.270781706813941092e-01
1.340511273253909730e+00
5.216089796416611968e-01
4.895315907235986863e+00
