-1.212337641392677412e+00
1.145591113634543134e+00
4.024160281435722464e-01
-1.409233070602764704e+00
1.949146422154003910e-01
-7.251026969714626791e-01
9.715825171907312985e-01
8.780725227646914988e-01
-9.608994486106390287e-01
-6.179801953578063500e-01
8.051073693735337766e-01
-2.007743462053543093e-01
1.541935740025566437e+00
-9.706374512196391802e-01
1.432078029047697099e+00
5.753035418936294221e-01
-3.257550659672218130e-01
-1.197943810137582332e+00
1.861352392948346646e-01
-2.163772795337786992e+00
-1.803652189194492772e+00
-1.692173872725836636e+00
-1.935020643851640409e-01
-2.886436312278486405e+00
3.357351033573807708e-02
-2.385804593435447707e-01
-7.118801669603427307e-01
1.108337640177342154e+00
-3.321956275682808046e-01
2.564061679391164805e+00
-2.374233917968823881e+00
1.934816230555049588e+00
8.727024921220751796e-01
7.483890057691597875e-01
1.243281649912856945e+00
-9.469164217369843151e-01
-2.899377930464588360e-01
5.760015920454979454e-01
-2.384283483772623669e+00
6.045768332691172642e-01
1.860065826993986926e+00
1.435483666962643401e+00
-1.855738127787637914e+00
-8.940406997332595029e-01
-1.154619599530226415e+00
-2.430911644632345325e+00
-9.261794091728239309e-01
7.696054437269976845e-01
2.265457111952292379e+00
1.897247634689866569e+00
-4.117543100292150871e-01
-1.558511994331022166e-01
-7.224337865961434346e-01
-3.198535945154595161e+00
1.785630340775762104e+00
2.959670861054446434e+00
-2.665409143492789568e+00
-7.618971602720403524e-01
3.632954969438567105e-01
-3.397354541424558727e-01
-6.145195558030980276e-02
-2.466966527055970637e+00
1.258023406899681174e+00
-2.046174394128087215e+00
-8.576715526715925630e-01
3.443775761776971533e-01
5.492614208897552697e-01
1.059882381592853973e+00
3.175398258776802596e-01
9.762745986800138720e-01
-6.557145499483580942e-01
1.891551446564588179e+00
-7.651494611392362089e-03
6.539052561101594829e-01
-1.265798241608813601e+00
-2.711086069130923537e-01
1.017664875458296203e+00
6.898724813516110554e-01
4.892852340392361832e-01
5.971134966391333787e-01
3.638585483081933081e-01
-1.226060875207128698e+00
-9.665716537924267104e-01
-1.785486047916955643e+00
2.699260444564597350e-01
1.593994783132337112e+00
2.994815784146647175e-01
-1.035299569444338097e+00
3.236493937073115390e+00
2.095415030995058658e-01
2.301988019369825000e-01
-1.354546075575067565e+00
-4.594488268032554390e-01
-1.356891835902946930e+00
-8.084265709268727562e-01
4.852514408124465994e+00
-3.638844623538379786e-01
-8.175123881395022218e-01
4.098331557706282879e-01
2.272537512417406536e+00
1.087162316089764769e+00
-1.258587433005812217e+00
-5.649959309638852289e-01
1.595471930893058055e+00
-1.253450198109250791e-01
3.745002209500670087e+00
4.000536352165444676e-01
1.501422764543895338e+00
3.969706895676713421e-01
6.553671404004584033e-01
9.961376911417700875e-01
-3.336676965000613393e-01
-1.267668611946759949e+00
2.763948474947853229e-01
-6.757891882291555685e-02
-1.139624562939145491e+00
-9.855476445646580430e-01
8.151387143347015307e-01
1.294837068748272424e+00
7.452154895509943699e-01
4.162049747302303260e-01
-1.532757468292261338e+00
-4.651774664514691793e-01
2.256998392695606093e-01
7.631819962703551008e-01
4.636946423854978461e-01
6.241243283181849844e-01
9.819315990941080985e-01
2.426573786148777945e-01
7.865935354248654310e-01
1.761655181928591940e-01
-2.117283847910785610e+00
1.532736664071638888e-01
-1.224849552894728522e+00
-5.473667742833183691e-01
3.987622436282807770e-01
-1.076685188968913742e+00
-5.390790936564561209e-01
-2.979563221172197629e+00
2.442232140148332398e-01
-7.787084570464721800e-01
-2.137088632393746579e-02
9.629605788112696740e-02
7.812106932556925898e-01
1.452576453958892788e+00
-2.359829916232010216e-01
-1.908981159153913865e+00
5.990309305580592270e-01
3.830661293708432780e-01
1.632569808453263605e-01
-3.247046131985464879e-01
8.133349526344046954e-02
-6.624638575972364718e-01
6.883179794846732147e-01
1.642948000844002276e-01
1.020446654487487947e-01
-6.305506445528157311e-01
-2.902935574471786073e-01
-3.679635022366869457e-01
1.292257866305563940e+00
-3.114905236898581009e+00
-1.177297526230615565e+00
6.534988931768155318e-01
1.003080005698871791e+00
-6.315152275715343322e-01
-1.024155386709993287e+00
-1.651011484226581061e-01
-1.318928905020427589e+00
2.423149097549131881e+00
-1.353128562033803162e+00
4.520941878304929329e-02
1.890503839443820611e-01
4.669171384842980554e-01
-2.200553175962336905e+00
-1.956211776520737633e+00
2.255129274877758938e+00
-6.012580800708701156e-01
1.198410385148986013e+00
3.763455819027525240e-01
8.883356487939439994e-01
8.021872174145163736e-01
1.338570532784387090e+00
7.399027313925548022e-01
5.219626877582077551e-01
3.937049867992896690e-01
-1.345337519067735688e+00
5.203939706946965060e-01
3.796576463824383740e-01
1.701047089378006083e-01
-3.085397454976688270e-01
-9.972685660109013028e-01
-5.781210920655257546e-01
-8.419722981890996882e-01
5.832648809305308601e-01
-7.438822719593458643e-01
-8.512092771804546931e-01
-9.726307358764750555e-02
-5.805728810091994596e-01
1.496914291016560705e+00
-8.704162948562194080e-01
-1.048163319892943868e+00
-1.220120748159806645e+00
8.353536916488979447e-01
1.382596564950514084e+00
8.822556254493856276e-01
7.594810138304097791e-02
-5.208186942624263294e-01
-5.215375809349925840e-01
1.951682758287611730e+00
5.576415288280078819e-01
-1.855538701968163950e+00
-3.756217386568272976e-01
-2.912773315640523886e-01
1.715175418315025846e-01
-9.350668805019013430e-02
2.428540498690577865e-01
2.398951616067141468e-01
-1.174740951445920611e-01
-1.486742074473427655e+00
1.214463127811409304e-01
-1.973843282047760717e+00
-1.165902930125469750e+00
-1.957598750759060868e+00
-6.128633498758171427e-01
6.614170647041840434e-01
-6.100745154499553902e-01
3.374460048037897231e-02
2.829189359850490249e-01
2.800900245090991447e-01
1.341554033538437496e+00
-1.016591731241039964e-01
4.002493426534559084e+00
4.349285801154501030e-02
1.963494691011855031e-01
6.927582188934245933e-01
9.926234739586927702e-01
-5.274705694753765162e-01
2.115026001929535049e+00
5.050871062584456617e-01
-2.569073236237330526e+00
2.165559404091603746e-01
4.465768876874634530e-01
-9.922536204517108382e-01
-1.458170055517237440e+00
-1.820430912132417811e+00
-2.027407092037771363e+00
3.336794919962574602e-01
3.170438099512224994e-01
-2.894248344895260505e-01
1.037481884949293942e-01
2.513180236811942692e-01
-6.992904972770807026e-01
-5.739570672548142127e-01
1.545967783303161536e-01
1.452573239797172455e-02
-1.500921192458129161e+00
-2.948466999311498693e-01
1.197702564574649520e+00
8.478722634537572134e-01
2.242664844365484633e+00
-6.302695715753841021e-01
-2.501780534160396918e+00
-6.931220584316770683e-01
5.525560711332331287e-01
9.718598542483505298e-01
