-6.648369837987111453e-03
8.903449847808357909e-01
-8.277197414605714787e-01
1.662471031282872769e-01
4.054199603187305101e-01
-1.096991090200520880e-01
-3.123452541782307801e-01
-1.861482929532798369e-01
4.404435426137591758e-01
7.775745617703324619e-01
-6.426796573525752621e-01
-8.883503179061398303e-01
-9.096629328631351541e-01
1.525068746871383052e-01
4.494939600887235542e-01
-1.098890810780306371e-01
3.894407078644401832e-01
3.765865371212790969e-01
-1.770611536185637824e-01
-1.983620357047366500e-01
-6.807280128260966290e-01
-4.652038212235902748e-01
3.290881948590678174e-01
-1.131236159580439882e-01
-4.146860240536658360e-01
-3.489678089544161477e-01
-3.934949368763656086e-01
-7.438038026878228681e-01
8.519725220959504242e-01
-7.078451383726462876e-01
-9.029664669283421485e-01
-8.323551891449689766e-01
-4.024616005443415467e-01
1.566349020243091861e-01
-7.982498900928383101e-01
-9.423907996633937856e-01
3.653806816039772976e-02
-1.945261689050130638e-01
-3.923032614501540394e-01
1.000576088523175144e-02
-4.617786006711002145e-01
1.016016348991473084e-01
7.426970928768403812e-01
-3.478620368731419887e-01
7.981622033867397104e-01
3.520638318973097203e-01
-3.995301350870854584e-01
8.942548186852468106e-01
-7.970092076250345769e-01
8.175993109045895935e-01
-8.681766550476002209e-01
4.141370193547351253e-01
-3.904663342042007379e-01
7.308008945347901353e-01
-9.704960081012203865e-01
-4.754943053027076427e-01
-5.283315356221685022e-02
2.932061099002878368e-01
-5.887446253488122228e-01
3.348105610150822198e-01
-2.723398913507231178e-01
-1.722730433716268550e-01
2.863340233595925710e-01
-4.762561120199741982e-01
3.634347071476664581e-01
-5.320854612570742326e-01
4.767497640121243219e-01
-9.051929725162821683e-01
7.734772756185879228e-01
-1.739998101725606094e-01
1.799448625406112612e-01
8.662222557454677396e-01
-4.633155748053272571e-01
2.086510841162225738e-01
1.335910441554899464e-02
3.358115904726657330e-01
-5.255137284816098209e-01
-7.159959647819493789e-01
2.706832337167148772e-01
-9.537291595153329915e-02
-1.311888688827622662e-01
-7.836194693217197749e-01
3.194611082321594520e-01
-9.482742138470294790e-01
-1.328859324190097002e-01
8.297727613743244302e-01
6.820774669375970767e-01
1.458510735003215597e-01
-1.082926159861630211e-02
8.637964965369535619e-01
-4.539794376768990780e-02
8.980309718550409936e-01
8.131134242271720325e-02
-3.484850268988748390e-02
2.858389114673065556e-01
9.314593140158560214e-01
-3.289396251531409021e-01
2.288424492604135274e-02
7.775671419432883535e-01
9.970287071184282812e-01
3.897721413185959438e-01
6.492720375462535110e-01
-3.255746985764003121e-01
-7.450611856746127692e-01
-7.763645561880991863e-01
2.654872375942991525e-01
-6.440405975106673342e-01
-9.408779506615265742e-01
4.572760468091974229e-01
-8.357323209009928089e-01
-6.600215343175208638e-02
5.887471542124231849e-01
5.111788909507657408e-01
-7.605516096032429729e-01
-2.102801709072081859e-01
-9.666499650431008561e-01
6.158246635882016484e-01
1.839390899045161287e-01
-5.257423790648716455e-01
2.744383155578167255e-01
-9.221615082981620137e-01
-1.578698241320177775e-01
5.035058823558518082e-01
4.442398352132397310e-01
9.063387069015431674e-01
-4.638629524652015945e-01
-1.849677402998692877e-01
-1.172459888319259402e-01
8.673416742444828298e-01
-3.863028435193867072e-01
-3.762422041872011125e-01
8.542571895174275731e-01
-2.584962391076441879e-01
2.955627525134851830e-01
5.379145440303647607e-01
5.682909485138478711e-01
1.289536987125432521e-01
6.733078592184229549e-01
7.901340574999788924e-01
-6.311262251682809854e-01
2.273696586312856649e-01
5.916222720294119775e-01
5.098502336919619182e-01
-8.281487050440365927e-01
7.578583902128932515e-02
-6.482272978241208072e-01
8.291931933778271535e-01
7.471674583010292636e-01
-7.901261930289176227e-01
-9.221615082981620137e-01
3.046172574497463259e-02
5.598293736821591260e-02
3.772650600547651223e-01
-3.365466787871378429e-01
-1.237266558999619015e-01
8.363565223936881843e-01
1.946994192604705187e-01
3.515698975767616030e-01
-4.454161623745169774e-01
3.614414547073840911e-01
2.572698669522721637e-02
8.887295594428372691e-01
5.114406852541670823e-01
7.337652746034062368e-01
2.673637781444502259e-01
-5.131628347003474033e-01
-7.116117184806716178e-01
3.290881948590678174e-01
9.001890442378570611e-01
4.250855090476770570e-01
3.827420849664773250e-01
6.670164645013156868e-01
3.941416348595416785e-01
-7.210023013030222305e-01
-8.082308992333429032e-01
3.855970334905682861e-01
2.784413098342053416e-02
-9.771161639903243046e-01
-2.305377934776198234e-01
5.307804069379418177e-01
7.404507174791095103e-01
-6.086929781429832875e-01
-2.486291958548663139e-01
4.093369633206098701e-01
2.210211374455450795e-02
-2.712484890298447748e-01
-6.928667701729327444e-01
6.091058908319784138e-01
8.712795810267865981e-01
-8.822719643758691888e-01
1.804391422397915168e-01
-6.607642861710696369e-01
3.542775602368528620e-01
8.471236731728086777e-01
-1.062874477235764559e-02
-6.438431064274887650e-01
9.760849149895018950e-01
1.099360226086005810e-01
-5.050266507159792972e-01
2.618731029219714124e-01
-2.895255301941257464e-01
-7.970857311275905133e-01
2.738809886942550342e-02
9.437665724674932921e-01
9.709529815395228081e-01
-7.670020050889780894e-01
-3.229594812516705105e-01
-2.712484890298447748e-01
-6.734942937194752233e-01
1.595105369936145046e-01
-5.108737299408914190e-01
-5.315517627127122058e-01
1.466338953055434935e-02
1.399335441616633702e-03
1.930245113889283992e-01
-3.809720955949529309e-01
9.221239578088389344e-01
5.940040225050493561e-01
5.431544538548862544e-01
-8.951685527391544106e-01
7.430343012798750202e-01
-9.691784177446447490e-01
-8.942223685509949060e-01
-3.485313326409635870e-01
-1.671384584457791256e-02
2.042394208494524577e-01
-3.854489793841899825e-01
7.003906700658428797e-01
8.183860085515342053e-01
4.826515628650351886e-01
-2.718275057966845765e-02
6.783285584563463200e-01
-1.237711823629115138e-01
5.819326104909332553e-01
-1.997730724708610683e-01
-7.518137717654242991e-01
-3.487102328494431358e-01
9.286338414046038103e-01
-3.589624277990131063e-01
-9.401784799194286002e-01
4.398426566464674892e-02
-5.574523667050257369e-01
-4.559002947309713782e-01
-2.080141201915293170e-01
2.221453506905755049e-01
1.917781243155576298e-01
7.889433606581759406e-01
4.675959853661191268e-01
7.166486275872583356e-01
-4.414252780015832656e-01
-6.914301306258567870e-01
-1.191137815643894537e-01
3.975286210777753126e-01
7.938651610126763458e-01
6.561948623713702577e-01
-4.685832099467348577e-01
9.363240268562966762e-01
6.840474910999212454e-01
5.360503165198853281e-01
-2.001382553248842733e-02
4.284796588312829169e-01
6.690977955276578015e-02
-8.023666652497185581e-02
-6.116786783157035501e-01
7.919527774862076264e-01
