-2.854480004846551289e+00
-1.862419080293746809e-01
-1.337264054328375806e+00
-2.492729636810269156e-01
2.093536748162330152e+00
6.750561653183200228e-01
2.597294779229163630e+00
1.952711333381049741e-01
1.741711992141561360e+00
5.194343153509246580e-01
5.490498837917318298e+00
4.218705390394648092e+00
4.069628924762980660e+00
1.137423609025621785e-01
-1.797378375438644094e+00
1.162860791740765176e+00
-7.976685530327537466e-01
-1.361466977075939777e+00
-3.207760249806710373e+00
3.026960259180592416e+00
-1.737047837012402507e+00
-1.476404851095920678e+00
1.173894736723114951e+00
1.172924732489928790e+00
-2.567986554470516936e+00
2.722731103787221496e+00
-8.398634851695010450e-01
9.003051509370840755e-02
6.055137589194700132e-01
2.287045300961630723e+00
-4.423140161200124210e-01
1.978843609080321642e+00
2.335964374591477100e+00
-9.689002473864214426e-01
-1.373672478385853601e+00
7.559083031261046859e-01
5.707530340580053707e-01
-9.446225775042735862e-01
5.603968485614292394e-01
-1.347265249904196827e+00
8.978294483355455657e-01
1.130009927275408055e+00
6.455280449029698886e-01
-1.846243702889425631e+00
-2.071311790583272305e-01
2.014126875367570069e+00
-4.010678080022476166e-01
4.511683728572886687e-01
-8.167208485275123664e-01
-4.615742015648362617e+00
-1.530170010566306527e+00
1.412727289116103346e+00
-2.494563786702544306e+00
2.198357764118139546e+00
5.395153913575253535e-01
-9.987345958502311660e-01
-1.918749046173127693e-01
4.017742796452273168e+00
4.194275974099251902e-01
-3.386898703118448317e+00
-3.685339225473358571e-01
2.858851874515962344e+00
-2.272731134315155721e+00
8.094976778582593235e-01
-3.064835521594674983e+00
1.155352494618062886e+00
-2.305846804842433428e+00
-1.728386170566183377e+00
-1.385767205603533503e+00
-6.567503319799527617e+00
-2.214023945909425528e+00
-1.460660748152845079e+00
-7.780588816710406475e-01
9.739451757313721814e-01
-4.573753772882025448e-01
-1.556996309048407579e+00
6.484651647105345029e-01
-6.545986422963199658e+00
2.269590175126564358e+00
-7.884961875674509901e-01
-2.738315618248160499e-01
3.111740420967092025e+00
2.978468536996783822e+00
2.872716314703473439e-01
2.269699078879640064e-01
4.741967485939781457e-01
5.393216845650679048e-01
-5.180480938468589036e-01
-1.188297002308405403e+00
-2.777297499609321374e+00
-7.762350249629833554e-01
-5.398648851076630617e-01
-7.380072660985551591e-01
-3.094737720100441791e+00
-7.806922951519777998e-01
-2.724701070798618119e+00
1.215515641188678497e+00
5.245544368167869287e-01
-2.489877980172200633e+00
1.199936330633212034e+00
-6.048744034009151171e+00
-1.586268891249233537e+00
9.222433162543010043e-01
1.560195109472563901e+00
7.304821701316301930e-01
2.546308493851379140e-01
7.564355988909488016e-02
-7.201700996073029382e-01
-1.586049842755143047e+00
2.150875843947822885e-01
9.308115070326652418e-01
3.932402985873706402e-01
3.368073980079677732e-01
-2.576674995171459592e+00
5.720519940063417685e-02
-1.158136613598056419e+00
-3.593625158698370292e-01
-3.258244967882872878e+00
-1.878939457275023983e+00
8.988866184164181483e-01
-8.253970261163771083e-01
9.016419800431777487e-01
-3.467428902851636963e-01
2.639400401875230173e+00
-6.218602625966901387e-01
-9.164511225731303279e-02
-3.117943286731769348e+00
-1.054468143678431780e+00
-6.641482052747695874e-01
3.572996164048013235e+00
2.286302693566937716e+00
-3.759696983894316169e+00
-3.634708172702662221e+00
9.086673095093147356e-01
-1.062640900550706480e+00
-6.388493033713267266e-01
-5.643573919339832656e+00
6.401990188813488913e-01
4.665099558471503371e+00
7.502751455878353681e-01
-1.953850355887891244e+00
1.149738884101418002e+00
1.379254874465236647e+00
-5.246584782587373486e-01
2.223850730894223915e+00
-3.498380579880276953e-01
-5.712591044630284109e-01
1.016181392147693430e+00
5.008900970132349473e-01
-1.402413227903191451e-01
8.289424329737504760e-01
-3.557114292686767598e+00
-1.222800755263135919e-01
-4.686793261980581882e-01
-8.006286054710651801e-01
-3.469304102240778342e-01
3.222292359780345450e-01
2.454139928920634706e+00
2.868035139916276233e-01
4.374820878527627688e-01
7.870832817751864940e-01
-1.836654987138420347e+00
2.765880519837285334e+00
3.627044685211322061e+00
6.262458315573935508e-01
6.134649598851542596e-01
-3.467474405536770110e-01
1.873378606817478476e+00
5.625169573428998593e-01
1.149493299738197472e+00
-1.128579492329227829e+00
2.799584685947325013e-01
-9.053119750616118733e-01
2.517431877603646839e+00
-2.011777559089944767e-01
1.415949228012332028e+00
4.084178791630499461e-01
-3.175009015347188157e+00
7.735804808282897849e-02
-1.867946596334505438e+00
1.280454956473492611e+00
-2.789153799663192768e+00
-1.723083756774434691e-02
1.354034208715109155e+00
1.406991425181629785e+00
1.829683376132005046e+00
-2.329890046502916867e+00
-7.593511161585738689e-01
-1.527119344865375261e+00
-2.012169939380610284e+00
-1.599498664762216693e+00
7.811708595283789469e-01
-2.055916252537377531e-01
-2.981989235457590315e+00
8.204385226847299428e-03
3.247690273098012170e+00
-2.637247602855434359e+00
1.045606779154182764e+00
4.727298304618029468e-01
-2.200090553605874855e-01
2.942662721636208012e+00
-3.308383211830679960e-01
1.565749029647614865e+00
-2.015325469024804028e-01
1.548032310378015586e+00
2.316923583342458404e-01
2.894266442438799380e+00
-1.535282556993991854e+00
2.937005084764675034e-01
-3.175657086616463509e+00
1.693427877481631150e+00
1.224386446522836680e+00
2.850227504139470014e+00
2.284796050652462718e+00
1.544257194107825581e+00
-2.646686162016356758e-01
4.076530136568887741e-01
-1.123570294409037773e+00
4.940363130780364820e+00
2.027084558156985850e+00
-2.836700258884081283e+00
-9.135764731847464404e-01
3.095421227337234793e+00
1.507636438076004781e+00
3.606960669965293687e-02
-5.525209788024042723e+00
1.387233121036753891e+00
-2.409968187702246079e-01
-5.050927988659060786e-01
1.985890621746659868e-01
-3.564049165081549120e+00
-1.721229251859155873e+00
1.062784952146120787e+00
1.240142572581073299e+00
1.915991376245641975e+00
-3.866815712264164429e+00
-9.076209815534282965e-01
1.423517892830777676e+00
4.493534905953382008e+00
2.130482176693505370e+00
-2.874778595957674376e+00
-7.111852090044989971e-02
-2.179359579294187554e+00
-8.149795605171133994e-01
-5.269259624289990285e-01
-2.100152617599982285e+00
-1.288089315558320846e+00
5.004857299758330491e+00
-8.575111149807040922e-01
2.563127770115166904e+00
2.397570812739376223e+00
-2.418355173341106390e+00
3.835863966018656424e+00
4.244720426491608856e-01
1.639523693350919131e-01
-2.646415594170744789e+00
-4.535383445031417438e+00
-8.190145954756112845e-01
7.057942195107679284e-01
4.049826878268082408e-01
-3.825916136559837089e+00
1.221610705351712678e+00
-1.226269166754735185e+00
-8.166952304823981157e-01
1.919673716835443855e+00
