-1.032230509764463511e+00
1.288383607371839101e+00
2.207707002043198252e-01
4.676612075632768928e-01
1.550979334184292568e+00
-2.059184922067941237e+00
1.286399469281926944e+00
6.803333373205069368e-01
-2.126690104919992663e-02
-2.177994333843184194e+00
3.586672388948320300e+00
-2.443023493986288930e+00
1.633738061784454076e-01
2.423883004584708178e+00
3.184768472856993604e+00
5.700559619680419798e-01
2.399880465340278768e+00
-4.273433820197134025e+00
-1.579410546605889643e+00
9.624307050377671757e-01
5.919825525111464870e+00
-5.266129350508077511e-01
6.228911609151175366e-01
-1.954761992486329536e+00
-2.103097236143564253e+00
2.224570142766643777e+00
1.078795440964286811e+00
-5.105457326929945250e-01
-1.544354876257353126e+00
-2.117884338656537135e-01
-1.624255233762360362e+00
4.700631925532269828e-02
7.825897869028262122e-01
-3.216993474892120730e+00
3.053897518769166375e+00
-1.767108762891430818e+00
-2.503287046291995388e-01
-4.203629976289079195e+00
6.464718424575061073e-01
-5.715743037634224422e-01
5.678377727137329245e-02
-9.495020003728464886e-01
-1.211075463590195023e+00
-5.230260222012423910e-01
5.063946001777859252e-01
-4.395014982674938508e+00
1.010047338490764335e-01
3.024966206383040035e+00
8.000360141807824066e-01
2.397059670792733854e-01
-6.403300871745445377e-01
2.144568806975918562e+00
1.481301469233461621e+00
2.132391503678072731e+00
-1.580886593051800570e+00
7.257391104847616958e-01
7.070772483628221750e+00
5.386775534139494059e-01
3.544872153462353292e+00
-2.022485447942001358e+00
-8.355648516457165886e-01
-2.576316467176913427e+00
-2.310904199747760845e+00
-3.131965838495934129e+00
1.980674413775011633e+00
1.371622029494450890e-01
3.195455313970336775e-01
-9.936289297434376389e-01
2.149598999885300010e+00
-1.827648808261800317e+00
-1.708758728205745037e+00
-9.865933425231309117e-01
-5.143272052116520943e-01
2.242118445499929891e+00
-2.813748165149167146e+00
2.512869175229690555e-01
7.277981228002228242e-02
-2.265700846286771597e+00
-7.464182227565341332e-01
-3.047693865725895623e-01
-1.098605439557982510e+00
5.690662754319426586e-01
-2.567003448563048629e+00
1.253808620348670910e-01
1.633451218962343465e-01
-2.240838910810885931e+00
-5.582122710957783340e+00
-1.888634913850814279e+00
1.821045378527398784e+00
1.276726009567240028e-01
4.966323425209805187e+00
1.670616473684536141e+00
-2.017986768618153626e+00
1.095194711463604698e+00
-2.078180017025252013e+00
7.849150023835047563e-01
-2.205707314700040111e+00
1.032528900372490011e+00
1.451779238553119633e+00
3.985547619408983167e+00
5.476057407567160862e-01
1.550310403288156502e+00
-8.876932486943667211e-01
-9.581101691360232042e-01
3.072510438731937965e-01
4.438893239128016255e+00
-1.747010655887821784e-01
1.371713877384185043e+00
-3.213955469549464983e+00
-1.761471012121449409e-01
-1.653037113665417834e+00
-9.932745343711719688e-01
-5.656065328374428880e-01
-1.959390285799591513e-01
3.681216799289361852e+00
-2.286265865842051159e+00
1.173717492967920606e-01
-1.994657682717875247e+00
1.533909020502808307e-01
3.300762426022716411e+00
1.387651316678892022e-01
5.755778749535543914e-01
-1.367074341520667646e-01
-1.459271389394996898e+00
-3.103310473886472520e-01
1.281852373301344716e+00
1.995548446855794467e+00
-4.268861425850978830e-01
3.827736834110747832e+00
1.757709259584693928e+00
-7.049519979870144670e-02
4.263409765038667087e-01
-1.905871010807854149e-01
-1.324899520652529583e+00
4.256986542521840278e+00
4.382105600492030462e+00
-3.862649868974490364e+00
-3.851960995358581774e-02
-1.588520300778755834e+00
2.445432125275711632e-01
-6.940692296544763717e-01
7.446051389766927819e-02
1.767234616288119176e+00
-1.042927787815189911e-01
-1.885463715508227889e+00
-5.902140556367192481e-01
-1.331331965236023596e+00
7.159632545043436158e-01
-1.479731757146085513e+00
3.801910312342204890e+00
7.673810253970538842e-01
-2.725227233906518887e+00
1.993743194263704277e+00
-1.590307803592799774e-01
2.389864115746845652e+00
2.217996511602917220e+00
-4.269621397792178197e-01
-1.248121937595360498e+00
1.756667532902864926e+00
3.464915960675412077e+00
-1.009717731927820328e+00
-4.728027993766527604e-01
-2.291316005218229535e+00
4.070692239135991208e+00
-1.036857884917982142e-01
-2.551733065345660467e+00
-1.731561406896759969e-01
8.038308581239219652e-01
-1.956937965517308919e+00
-2.667810044238549949e-01
4.937643478035337319e-01
1.753804037021059248e+00
9.865903762359455875e-01
-6.685752327731671052e+00
2.610062248344456659e+00
1.709929728070807675e+00
2.276339143699165568e+00
-6.591165354089336681e-01
2.028531171032403879e-01
-3.121612130152793707e+00
7.782141099267633200e-01
-2.417213959066185858e+00
-1.030071590257232439e-01
-1.194777187076726255e-01
3.142907299612694327e+00
-4.882343062784623378e+00
-1.205609422650167462e+00
-1.074664922788375776e+00
1.352548556359967069e-01
-9.952100346747431159e-01
-8.115835232825852064e-01
5.150543141441340511e-01
-7.846661823341400943e-01
-2.694529331276119155e+00
-2.660445081455375949e+00
-1.768524189766433441e+00
-2.205244134225154085e+00
2.575684299146349776e+00
5.453328799254058001e-01
-4.451113696418342869e+00
-6.359334843117803171e-01
1.307328347918168543e-02
-4.539168394329552214e+00
5.684786900062199777e-02
7.090283856374467453e-01
-1.172275444647982168e-01
1.251912665144550685e+00
2.143449769971284447e+00
1.687462886750956015e+00
-1.016490338831705920e+00
7.719638111505680023e-01
8.469212131043476477e-01
-6.830144671511562127e-01
2.362978433935837508e+00
2.187619823356424575e+00
-3.358593433450720589e+00
-9.353970694109010608e-01
5.239681641830334913e-02
2.883906817335021300e-01
3.316917382568153272e+00
-1.060518251308103066e+00
-4.976884780020603749e+00
2.718875800912176621e-01
2.946091281931329853e+00
1.275961437698720058e+00
-1.891227734532912597e-01
-1.540985540235576989e+00
-6.640752185021727705e-01
-1.400400365995481788e+00
-4.617832250041753461e+00
-5.597124598576433741e+00
-3.371269632697058150e+00
-1.039641863461894244e-01
-6.667795719467217719e-01
2.299059727092009009e+00
-3.223340250773405913e+00
-5.436367451224719538e-01
1.776459629432531662e+00
1.391103610419618608e+00
1.135268051627546626e+00
-1.905453963010415697e+00
1.355174102813318626e+00
1.456217966989682644e+00
2.232197801222100875e+00
3.644852805459935841e+00
-1.059879100817919806e+00
-1.949022752427030269e+00
1.400903347264121024e+00
2.141205157628836897e+00
-2.562304170667445202e+00
-3.183937111966992362e+00
2.082807713388836746e-01
-2.795712118114465294e+00
6.242312660731980101e-01
-1.289714291048941419e+00
-1.291311803974271477e+00
-7.764876906762312458e-01
4.922822801991190156e-01
1.856987989878011058e+00
1.951080776830625751e+00
2.074331868197736739e+00
3.064524191311724710e+00
4.160084255453705637e+00
-5.913053639400842609e-01
5.430561541233924761e-01
