7.121458828499152016e-01
-3.005820712610900447e-01
4.226043336653888538e-01
-8.326192607290632264e-01
9.801568907575421985e-01
-4.687304274268457860e-01
-1.257767040869681718e-01
-8.866438326381509416e-01
1.842594009248983422e-01
-5.560109208293566585e-01
-5.032465037628590654e-01
-1.436373947252500560e-01
-3.273827549166479223e-01
3.922081492296380922e-02
-2.589618971126288471e-01
-2.938033603129406313e-01
-1.024069047712037328e-01
-2.066183487467261326e-01
3.281334756587133139e-01
9.457729797748275491e-01
9.821384903847651948e-01
6.079140577099373388e-02
-6.291553218576546591e-01
-7.080293768668322052e-02
2.836594338562270501e-02
-1.199449461032942033e-01
-5.775363119290406466e-01
9.653753130332423105e-01
-8.256338367027586944e-01
2.250991148371062067e-02
7.248432432007010373e-01
-4.686246572497365648e-02
-1.038417277856691356e-01
4.538531538810415267e-01
-5.879975310033989100e-01
-3.719925552490266352e-01
2.084405375960833862e-01
5.366772349222319605e-01
5.237105910735990744e-01
-4.213199658043089713e-01
-3.299871425862299645e-02
-8.992013537536056589e-01
8.095425072150270740e-01
-9.461597123478513449e-01
-9.500274340051593214e-01
6.884272976614904671e-01
1.599372893356649783e-01
-6.358789323920042147e-01
8.037703053528759689e-01
4.382936734508238175e-01
-1.356317511539923970e-01
6.488029193204734035e-01
9.472806969619118611e-01
2.616127197147393169e-01
5.228317177757308976e-01
3.165462474917344338e-01
4.682824287344953262e-01
6.129334535563255582e-01
6.611478696675063826e-01
3.154154646826929920e-01
-9.733939474598576336e-01
-6.087326097428016336e-01
7.058757240434956337e-01
-2.057848978771126269e-01
6.353859574403037946e-01
9.388140688272503809e-01
-2.678458274345720813e-01
6.725173694519290812e-01
9.172959835020075836e-01
-2.125453407121722371e-01
1.512389943801599745e-01
-4.217680683826110499e-01
-1.886901185324267871e-01
9.941564339643700343e-01
1.217282289845282861e-01
-5.679508617672672788e-01
-5.144213249542761712e-01
-5.799155869817851361e-02
6.067758906288596155e-01
-6.445919653125451454e-01
3.514830622525433323e-01
1.299138871889662372e-01
-1.698147965013880878e-01
5.541667251489210688e-01
3.393084489509554658e-01
-2.617077062941481902e-01
7.191093557014569537e-01
4.402959331229499007e-01
5.742316860807532564e-01
1.929797830417039339e-01
9.240323516085588995e-01
-6.622869670466955405e-01
2.439931183173251750e-01
7.053544818549950524e-01
-9.756819653541781712e-02
-3.380203609341394522e-01
5.261845403667373411e-01
-3.005820712610900447e-01
-8.586527440592075511e-01
1.817615374890229063e-01
-1.382364996149185732e-01
7.637173695724877032e-01
2.462548859055269102e-01
-4.249962245351501799e-01
2.653173850734475980e-01
-2.533165390958644902e-01
6.284627414894987663e-01
5.405965728806272352e-01
-8.723742283210378368e-01
4.016163320132937198e-01
-2.580908944326341103e-01
-4.313370301855237177e-01
5.490779172636368610e-01
2.446514322986341750e-01
3.398034655934218939e-01
-8.254604510675356277e-01
6.919294514069245228e-01
4.080270677209438812e-01
-1.090646011784093261e-01
-5.163401662107824919e-01
6.400683823371891012e-01
-6.663153977875744260e-01
3.234996502791869233e-01
1.447953102231054334e-01
-8.376995018210047217e-01
-6.303342144297066074e-01
5.740100899710651738e-01
-6.129136480955721389e-01
3.808717791678695175e-01
-9.003774253491378943e-01
-1.286055509907968464e-02
1.896872293855678127e-01
-8.430846601709429677e-01
9.503431894012699388e-01
2.982498926011445395e-01
-4.978688532690249691e-01
6.613445842328848912e-01
-9.396496667564255834e-01
5.330195014376404306e-01
-1.236618709820174189e-01
2.309176942877637639e-01
1.780516673161418595e-01
-6.390794800464356662e-01
6.147106140573874722e-01
8.881878948575132604e-01
7.969929580785146683e-01
-1.122194336932824665e-01
9.591373608079394320e-01
-8.548898694715303392e-01
-4.832025757116260589e-01
4.330157450100737826e-01
7.804188208864037968e-01
8.830934580001779111e-01
7.183795298259760820e-01
-8.955070109516645172e-01
-1.045649124682188624e-01
-3.948110503392565640e-02
-6.972329203126859110e-01
-2.675789506476364821e-01
-6.444149665244736092e-02
-2.874322766230112958e-01
8.960183938139467674e-01
6.289835542602917329e-01
-4.313370301855237177e-01
4.871717318561326060e-01
-2.382128914573411471e-01
7.847859345969279143e-01
-7.397945045803333564e-02
6.249419778548441773e-01
-3.236289050599050476e-02
6.870617319176699489e-01
1.251497219198809407e-01
-9.661614638170965552e-01
8.492924791902829451e-01
-8.348649237653260613e-01
-7.423255894890867790e-01
-3.674545061894549658e-01
6.142734895534807116e-02
-4.410185475379924114e-02
-4.509599457748778573e-01
7.899499373772744804e-02
2.931025991997961988e-01
-3.163337596116089223e-02
3.805135615019688000e-01
-4.014225546253700205e-01
8.753156201109164591e-01
-3.578589043066326969e-01
3.912216772479424343e-01
5.612655614619910249e-01
-8.007322814341286676e-01
-8.326192607290632264e-01
9.005424292182322432e-01
-5.526079115382969142e-01
7.438756060209161802e-03
2.700782664754923790e-01
8.553212189199039805e-01
-8.142684904365176113e-01
2.024306976401524238e-02
-4.476350438751088845e-01
-7.610750309514253686e-01
-1.507019541826519760e-01
2.687198211777321877e-01
5.778632786175359470e-01
1.233531345285769909e-01
-2.921890827400761559e-01
-6.330471721418182707e-01
4.922704708001126583e-01
6.667527780013160488e-01
-6.799512979169215487e-01
5.163460687902761137e-01
3.435976193639267429e-02
-2.549667701906923600e-01
8.830934580001779111e-01
1.701738437841215923e-01
5.444703084666953075e-01
9.015107925426626423e-01
-8.687087998441656023e-01
-4.979562061338025369e-01
-4.689027634881470785e-01
2.574372127403137256e-01
8.090927348474812320e-01
-4.333547550947163263e-01
9.693335999456318408e-01
2.805268295639922194e-01
-9.528313377470076784e-01
-1.764171187318346323e-01
8.577160126169522947e-01
4.796956159610459292e-01
8.659070028525575058e-01
-6.925169623078939463e-01
-6.955570561182458089e-01
2.466484680622293979e-01
3.402139151906184988e-01
-7.519674310792967553e-02
-7.509909287955671697e-01
-6.488446446799216449e-01
7.836332845181666062e-01
6.988548380422412443e-01
-2.679088973634526916e-01
6.017281314411002668e-01
9.588318202371040044e-01
1.410262911047195367e-01
2.526305034776195058e-01
3.719023171705679864e-01
1.869143795373153782e-01
-9.705985493181596979e-01
3.536868163710940038e-01
2.203492463773575327e-01
4.451242648256352741e-01
5.661556498409143767e-01
-1.451788045907578262e-01
8.126782437708341966e-01
-8.473892289953000034e-01
1.235259053790414008e-01
4.551680431048990005e-01
-5.464709825868643289e-01
-5.113578626178054698e-01
4.843561040000523565e-01
8.232041473610423044e-01
8.385978681725096973e-01
4.663319826419756176e-01
-7.823330082861077450e-01
2.022219256934838505e-01
3.178103334637865096e-01
7.569702693379529723e-01
