9.402702007718357624e-01
6.437687679498647064e-01
-5.625395532123054210e-01
1.882511256823800050e-01
8.531584953776649716e-01
6.713237301313721428e-01
1.844097170550029752e-02
2.635811762587914053e-02
8.138973144559784600e-01
5.480038724060665167e-01
-7.805615230288249773e-01
-8.720200165535487713e-01
-4.878597925244727573e-01
9.240745952772906335e-01
-3.688740969627175570e-01
5.926042025648246003e-01
-3.606797837584843069e-01
-4.247159290206168336e-01
1.759485933672391145e-01
-7.862333964483487758e-01
-4.487932246095582833e-02
2.679673916574143444e-01
-3.406543209389933935e-01
-3.327560742394055637e-01
-7.581401501574602797e-01
3.647567771511759371e-01
-8.699504935208155487e-01
1.857422430053756734e-01
-3.349314414128030659e-01
2.002918237089981179e-01
-5.060308490143226035e-01
8.523427747848486558e-01
-8.675846453904811906e-01
1.091162734486790242e-01
9.889065613768877050e-01
-7.977637278537474952e-01
-4.725999454251856857e-01
9.788331706625275075e-01
7.569593708191368897e-02
-8.089545768508255019e-01
-7.706104102825983571e-01
-7.599889717979484427e-01
6.990702619561113274e-01
4.868047941560016412e-02
9.804064586399543479e-01
8.744980109669839852e-01
-5.772633002406157843e-02
9.519576476877396054e-01
-6.873919410820079623e-01
8.384200160015855552e-01
-4.603218832760636037e-01
8.645937665209904033e-01
-9.569776970365939661e-02
8.897552017317424955e-01
1.158494236538352151e-01
-9.180863108476757795e-01
8.911666879512147865e-01
-8.493385768137922121e-01
7.311600002865794590e-01
-3.918220316642648804e-01
4.183667529121934958e-01
-7.384408850707873118e-01
-1.115816701679883671e-01
1.607423731869519479e-01
7.102239647008368184e-01
9.684262594184223083e-02
-1.592248683937864673e-01
-3.990017739310434131e-01
-8.645397557307210601e-01
-3.147996251698814696e-01
-8.098872030194874672e-01
8.888254789882255036e-01
8.150785789637808865e-01
-6.825519510911481902e-01
3.969530957291114159e-01
4.086929120031008722e-01
-8.338914046144814129e-01
3.629082335393700731e-01
3.716672414635213695e-01
8.123726051354716038e-01
-9.541937615425946095e-01
-8.192456076140044452e-01
-7.843920806335971108e-01
1.984025822099624303e-01
-3.751393193316832075e-02
1.220583444979681520e-01
-7.065848208548326514e-01
-3.670605263517725536e-01
7.530847781278324771e-01
-4.018376880940925933e-01
-1.670650685067043284e-01
-7.328998179393846346e-01
1.344559675318128811e-01
8.512550170757262613e-01
8.816550055197225344e-01
-8.313841641871302368e-01
5.206187312792431854e-02
1.180521318322909075e-01
9.431121874823567008e-01
-4.032101293705836476e-02
-1.006376663904411384e-01
-5.330489141606475911e-02
1.180521318322909075e-01
4.937757794004948853e-01
-3.511783868024309641e-03
-1.411246323938288860e-01
9.450009647593062834e-01
1.795687433661123933e-01
6.111184372277540522e-01
9.045907562022035275e-01
-3.664095934992752657e-01
1.754261024275862724e-01
9.103733130196707268e-01
-2.947800071420190182e-01
-8.762482963116793311e-01
2.525343370173454005e-01
-9.605099980523230663e-01
-3.885426328750363201e-01
2.214629553553091323e-01
-4.593878786020977323e-01
-9.453681897480274987e-01
5.802317225007518342e-01
-1.042093514914319563e-01
-5.612277937600069766e-01
-7.322960365999136023e-01
7.801316559441089371e-01
-6.737126905779922126e-01
-7.648895590383897325e-01
-8.999420760632039773e-01
-8.572364583474496591e-01
-2.003952312117123213e-01
6.580293059071740114e-01
4.440660065826145253e-01
5.909829094952470108e-01
6.008686292522569250e-01
7.935505476828326188e-01
2.727191036595895124e-01
-8.918543010413519934e-01
-6.791274039101793392e-01
-5.023442540428566527e-01
6.842809531714311166e-01
-8.451619060292732133e-01
-8.910611084281268024e-01
4.147852157608784562e-01
-4.700027155021360148e-01
-1.875209251825626922e-02
-1.017031476236955889e-01
-8.977395413074522601e-01
8.818734759364823539e-01
1.568426847327581974e-01
2.902466528007749957e-01
-8.667201248508209499e-01
3.258244468732280907e-01
-3.120403191475493720e-01
-8.338914046144814129e-01
1.298826059907789432e-01
-7.384408850707873118e-01
-5.973954092163036300e-02
1.615116269060743459e-01
-5.621134388092501322e-01
2.635811762587914053e-02
-5.504333387632771579e-01
5.008178510522793836e-01
2.976156994236374143e-01
2.557858559994801162e-01
-2.718900252477607360e-02
-7.599889717979484427e-01
2.214629553553091323e-01
3.044757718380119993e-01
-4.603218832760636037e-01
2.144077796597423369e-01
9.879939805079729354e-03
8.024514379066467473e-01
8.270153111274356483e-01
-2.793401079331674364e-01
9.989484945888311707e-01
-1.789274228074655415e-01
-3.858935232796654180e-01
7.064240509784203148e-02
9.147758862163011262e-01
-6.054606009694452062e-01
2.421755482940166626e-01
1.559552166017268426e-01
-9.002979749800694709e-01
7.942973799396420009e-01
-9.629556038014119856e-02
6.089897158748702743e-02
5.580242544363216428e-01
-2.122483539462007851e-01
-1.821213505936949417e-01
-3.147996251698814696e-01
-8.361837221097725426e-01
6.313499188745870239e-01
8.209180137164964197e-01
-1.592248683937864673e-01
4.146320506146068396e-01
8.084379556104182019e-01
-6.157231301785246469e-01
6.205559382895851073e-01
-8.418789673535382878e-01
6.639119787647242976e-01
7.537166811016167145e-01
-7.672097350941164962e-01
3.379714207018493788e-01
-5.166365513233577289e-01
6.803854758139207259e-01
7.543558355438464424e-01
7.739108805102894451e-01
-7.271744098174972581e-01
-4.181147692749931366e-02
-8.963958627159325232e-01
-2.349624871039406315e-01
-1.425837194408854369e-01
9.916576100861504983e-01
4.366281365825090965e-01
-1.268420159757359666e-01
-7.294391788419278821e-01
8.824604898113914686e-01
-5.612277937600069766e-01
5.943056287445069863e-02
-9.854976766996057513e-01
-9.191252109569227891e-01
9.519576476877396054e-01
5.406360664661553628e-01
9.023419495113127464e-01
7.935505476828326188e-01
7.609036038613616881e-01
-5.317553604899134534e-01
9.493022512126418899e-01
2.312372349265954252e-01
-9.315886677322038345e-01
-5.373672175434776044e-01
-5.330489141606475911e-02
4.816112397927383437e-01
4.548956279228399957e-02
-8.764292199042100773e-01
8.645937665209904033e-01
9.684262594184223083e-02
5.802317225007518342e-01
-3.287612857041590786e-01
-7.270383034308183223e-01
-3.391286435017610845e-01
-9.619984579796692081e-02
9.338620095221261685e-01
-8.322545393786007217e-02
5.480038724060665167e-01
-3.575499974497884370e-01
-8.313841641871302368e-01
-8.810306682780533194e-01
6.828268802284680472e-01
-5.812208300977170783e-01
2.197212453086807571e-01
-9.287844412937489302e-01
-4.853002266799586462e-01
-3.994898328607388027e-01
7.221634364501612335e-01
8.010684951596356296e-01
5.600560863204779860e-01
6.556012204917289754e-01
1.607423731869519479e-01
3.777255750666976830e-01
-6.342176112182340564e-01
2.727191036595895124e-01
1.293173082791625461e-01
-2.040267796025596603e-02
