9.025600284933541495e-01
7.713855226423860234e-01
4.997511541538008917e-01
-3.489128987587328812e-01
-8.295700056394343935e-01
-2.308524972715657597e-01
6.319761092676792202e-01
-5.768647275054847867e-01
-1.384455293452329094e-01
7.380251881891817245e-01
3.654694087795895552e-01
-1.311931942898607595e-01
-1.398385823680885487e-01
5.895944197585676338e-01
-1.509927369789179075e-01
-1.718196950397623546e-01
3.562397874477765125e-01
-5.499066007930419886e-02
4.748299493550436345e-01
6.945520825129114506e-02
-4.351467168292728616e-01
-1.159868004299202671e-01
7.172056182810471192e-02
-8.048745289961851679e-01
4.152229639283167018e-01
2.971767883368001684e-01
6.844412777081785304e-01
7.374461697033616314e-01
-1.431223635760312529e-01
1.958738383665541427e-01
7.263118190361450566e-02
-1.117056465817012345e-01
3.771087033837294822e-01
3.551555955321834546e-01
2.048438022293446181e-01
-1.388065054488560879e-01
-3.299371564930362322e-01
-5.229263630637692728e-02
9.877607310534446405e-01
2.298628886703852903e-01
5.097505053681499199e-01
6.847775101270294762e-01
-9.878605067520471739e-01
-3.837655204770444861e-01
6.386367924927154327e-01
9.956592126085144212e-01
-5.020397484627088236e-01
9.617021365889288909e-01
4.152189421689072013e-01
-9.547635132121299328e-01
5.667806026142423459e-01
2.416527590278918503e-01
-7.995177211990385224e-01
-3.966686742860041637e-01
6.267968638958347771e-01
9.611100284036897534e-01
-2.071586471373711991e-01
4.185086313973283012e-01
-9.983438062468086294e-01
-3.729756205838496985e-01
-9.031294635329667475e-01
1.597646057076529402e-02
-3.550706312223992356e-01
2.177211405546708445e-01
4.027150319248768984e-01
4.825203405782358956e-01
-9.399657352081962625e-01
-3.452933520442913462e-02
-6.561467768007489543e-01
-7.925584780944383567e-02
2.601766903705771128e-02
-6.062785360200018125e-02
6.280223679430081418e-01
-4.996697485917838133e-01
-8.931017974050090569e-01
-1.834015729256770477e-01
-5.698024996419284172e-01
-1.927252134066612665e-01
1.091184094191606224e-01
-3.644507111376862341e-01
2.525329553578454789e-01
3.140062781112449297e-01
-4.582118313506671203e-01
-2.123138792139889208e-01
-5.077870696716835219e-02
9.899972155102294558e-01
5.584108858006486820e-02
-9.989129586065923494e-01
6.176540798069845017e-01
-9.751999728235307696e-01
1.975363311111224540e-01
3.507736631327020849e-01
-3.049099817165181747e-01
2.839499513998648972e-01
-9.254163797192194174e-02
-9.336939143165536859e-01
8.135133614269085545e-01
-6.847488515366710882e-01
7.230395943733707309e-01
-1.879336433437694964e-01
-4.770395975303745040e-01
5.089406966410627842e-01
9.502250726050740504e-01
-9.670886407303838084e-01
-9.546926510801756471e-02
-3.735384619759818392e-01
4.977371097442220282e-01
6.527949133949684235e-01
-7.029523793702989742e-01
-8.337556795665501674e-01
4.160801409803052131e-01
3.426226825450013891e-01
-5.625956310340651800e-01
-6.536627218783164217e-01
-9.975766426634755657e-01
3.310958357599764756e-01
-6.058533938718095868e-01
-5.076921182146243439e-02
7.245361071844473866e-01
-8.688137668129802815e-01
-7.461360599894337753e-01
-7.136428182144163301e-01
4.760993584531518774e-01
3.317003604381831838e-01
2.368166537970306518e-01
-8.677076420226788045e-01
-8.734533236076837959e-01
7.480217168771725600e-01
-7.820891228397688355e-01
2.848106215068617608e-01
-5.661685304854742196e-01
3.654378785697072196e-01
2.380168538661788791e-01
-5.925378657528501680e-01
3.357858350861073760e-01
4.989956465076836878e-01
-3.379217840347741308e-01
9.532027856583891179e-01
6.016979263508210884e-01
-6.813472810492011700e-01
-1.558934057593819311e-02
-5.157506369233155752e-01
5.914082059124239343e-01
-7.171687527383667771e-01
3.211880285813917268e-01
7.176311393472056821e-01
5.826732561278695766e-01
4.906107198386198132e-01
-8.971114506676938216e-01
8.405628722697424671e-01
-5.148273654136965582e-01
9.030885375978641161e-01
4.378701779303455499e-01
3.816482840393262688e-01
9.516252155818136771e-01
9.487696561731386868e-01
8.915210590451345674e-01
7.662146384506118846e-01
-3.330626675836367845e-01
1.686845251778559263e-01
-7.107154964578394907e-01
-6.662196146769090443e-01
1.421476791462930045e-01
7.334349250224292405e-02
-3.289444160929237970e-01
2.372056603791539153e-02
2.835301224093074168e-01
2.525167964475159010e-01
-8.267765599117926634e-02
-5.218702053418413644e-01
-3.172541726099913362e-01
4.442321903347397072e-01
6.213085368488280302e-02
8.565688720258852751e-01
1.716763611402112311e-01
8.280776013928989876e-01
-1.697531529855820231e-01
6.515063438480894753e-02
6.367799013535657693e-01
-1.322958806353569106e-01
5.042746751280573481e-01
-5.159712270656426902e-01
-2.663765508341922050e-01
2.780123279799553426e-01
-8.171410940824150870e-01
-9.648812901323076119e-01
-1.243787721119009593e-01
-4.865885478796749819e-01
-1.786553085138311570e-01
-2.516460337237198530e-01
2.181230163945213629e-01
5.100983153392899538e-01
-3.019832746143982227e-01
7.273475621982554706e-01
-2.997695207051438437e-01
-9.068578525984416494e-01
5.550614063753123162e-01
8.783072073951987413e-01
-4.405782964248905476e-01
4.003255539524521733e-01
-6.172208835593293585e-01
-6.136875996416475409e-01
6.782649358708119358e-01
9.234779073165388930e-02
9.716177930203186985e-01
-4.752571971465751055e-01
3.316443754756679407e-01
-6.032422200935894097e-01
9.616535625104518648e-01
-3.004481610838853900e-01
6.800292619376757663e-01
7.350488769577905313e-01
8.332277196777126971e-01
4.801744153661191561e-02
9.326720996504052064e-01
3.288665185401533630e-01
-4.866077166071176574e-01
-3.526768892278195899e-01
2.582453673438012132e-01
-4.305178430453986405e-01
-9.891194598070307542e-02
1.356190023698575775e-01
-7.924593183160242305e-01
6.740763711651918122e-01
7.935524609813033869e-01
-3.633008500407954866e-01
-7.095112753680747897e-01
7.827168468191874062e-01
-1.012591619217162453e-01
1.890436299912490181e-01
7.021131369621942397e-01
-2.836677965474536656e-01
1.851001035397754624e-01
-2.176610267223055839e-01
-6.903239672293153273e-01
-5.380922455378733815e-01
4.249713153612042493e-01
-5.723733570502467227e-01
-4.469977347132787493e-01
2.426164148402354392e-01
-1.401363353301927628e-01
8.297976219767999595e-02
-9.899081214974092546e-02
8.536401015360455258e-01
-9.429202752795815545e-01
-5.200768636360812991e-01
-2.329977884485601169e-01
-5.099125265059649692e-01
-3.561759454702244643e-01
4.409159910363580348e-01
3.460955992726268970e-01
3.111075657293684849e-01
-3.697732768913324364e-01
7.966633219277636790e-01
2.823739726480269940e-01
-6.192243603991842704e-01
-2.545585349527552665e-01
5.560164677925536481e-01
4.608423380619772747e-01
9.076338079919721302e-01
1.219989752261221305e-01
3.874570255376268424e-01
-1.350816217154653387e-01
6.543197843766521693e-01
-8.678115990841404059e-01
