-4.003166974097975839e-01
-1.096738383078456058e+00
-7.907558346468730459e-01
8.039291621242752872e-02
-6.371725197299281662e-01
4.589726835898222390e-01
-5.587045161003157290e+00
-5.436424020236281240e-01
7.138259839438245713e-01
-6.043366367655842453e-01
1.481176068829787029e-01
-1.228404908324104206e+00
1.230986201499065930e-01
-2.433992799474076207e-01
7.100667266034014213e-01
-2.228113032951410499e+00
-4.065746037573519267e+00
-7.278936507639134357e-01
-1.635266010819507621e+00
-5.862185463151166065e-01
5.934013629024248448e-01
1.196808044178315544e+00
4.438510013157808132e-01
7.452657231385948489e-01
8.557261080316285184e-01
1.126322060417022541e+00
-1.838743193149344091e+00
3.268700928619847623e+00
-1.673680810697306898e+00
4.075582166818401131e-01
-5.288779891275846579e-02
1.685526303065473019e+00
2.319146304170867090e-01
-2.263204745384448380e-01
8.084089406840866410e-01
-1.417050982472021881e+00
-1.011285361606597544e+00
-2.455912942545668276e+00
-2.791248663730541701e-01
-2.666410989396629461e+00
-3.311602988531523462e-01
-1.674239211750346401e+00
6.906806856673555206e-01
-2.786805920055110963e-01
-4.980024344452880780e-01
-1.492105663373655133e-02
6.931862673254206575e-01
-6.945436341180055706e-03
6.711182050538222477e-03
-1.089681062579697990e+00
1.358886163005687431e+00
6.280263199821997100e-01
2.140543120257999199e+00
7.143174046165821078e-01
5.700256325489696518e-01
1.381753932645276128e+00
1.297634714339530371e+00
1.235685503849180689e-01
-2.248488726684494954e-01
-9.369575112348169643e-01
4.457218438203458533e-01
9.318614904413911049e-01
-7.578938763942202339e-01
-1.178754796585641973e+00
8.812531924773026049e-01
4.267132530442323546e-01
1.114704823451692750e+00
6.228193805630517499e-01
-1.913016727120523619e+00
7.129133271156677942e-01
-3.613056536323323575e-01
6.500589630762770854e-01
-9.897279330442946277e-01
-4.890661678261507550e-01
2.310218326560615765e+00
1.805697028617958999e+00
-4.586860348310094482e-01
1.117216211902542167e+00
-4.404890688392335552e-01
1.170496784599031947e+00
-8.764296227372355697e-01
1.778369583485255978e+00
2.365239245375522437e+00
-2.454156286667062314e+00
2.625993453830546276e-01
-1.557028579176939598e+00
5.573082102514526071e-01
-1.101631072297777347e+00
-8.684023035265278079e-01
-5.770000302484938892e-01
-7.522231762634146168e-01
1.562916997051615686e+00
-8.216276379851090716e-01
2.207077465045434117e+00
-2.140189458444067272e-01
7.837616039836095005e-01
1.506564901438888660e+00
-1.210957338556462037e-01
-2.833795494832893613e-01
8.717958929005956703e-01
3.396670346645082050e-01
5.399225696514544648e-01
7.630406416935547886e-02
4.483396874988267444e-01
2.145647533026978415e+00
-3.566723694597807581e-01
4.827862981478094895e-01
-1.003016986968967794e+00
-2.135160680305148995e-01
6.808178958109611933e-01
1.161226952595074469e+00
6.736445466263323301e-01
-2.149908576672120430e-01
-7.773255384537168799e-01
4.406935424738125384e-01
1.149372260073647234e-01
1.290664833775002407e+00
-3.850947646207618646e-01
-7.055723677976641350e-02
-9.702444071520521796e-01
-9.748509292097140566e-01
3.053607790642296482e-01
2.629684102747388508e+00
6.251886701269350199e-01
4.063999140211328465e-01
1.622887951742131296e+00
6.293931648573827253e-01
1.296582370479148372e+00
-4.879792965007052619e-01
-1.083168542307601789e-01
1.438708824549539411e+00
3.377813125498272839e+00
1.343634699172424618e-03
9.363486902679385437e-02
5.000593522974862148e-01
-1.431349164326213508e+00
-1.473956715591497879e+00
-1.532481841627415076e+00
-1.449335975245984454e+00
-2.719886675034916657e+00
-1.779888488481707665e+00
-9.260665790390585350e-01
3.896420573080473737e+00
-4.197836161938272581e-01
-8.622219523990084511e-01
-3.746751719515308832e-01
2.040626989315570405e+00
5.152908926321040362e-01
-5.892430380321744821e-01
-6.702722580444233635e-01
9.412809421446072244e-01
2.949851661751703435e-01
-2.096518755246312149e-01
-2.885529073810477740e-01
-1.708095704797467640e-01
1.020678903262181469e+00
-7.787063384594541393e-01
-1.252473555765297286e+00
-1.095389673892390725e-01
6.389393274960805669e-02
-1.379733409438167469e+00
-2.568188431448982456e+00
-2.740065846869366162e-01
-4.109055321442417474e-02
-1.065952031255836818e-01
7.432291002499828991e-01
7.409236104316496707e-01
6.056570978132287397e-01
5.369154450128665879e-01
1.277092012602539572e+00
3.230406086997887338e-01
7.650849137123152399e-01
4.341646905588425476e-02
-1.951093505962605001e-01
-4.845089842168891492e-01
9.848950690076989645e-01
-5.993394238677818286e-02
5.034407365569121273e-01
8.586238734061435451e-01
1.589511174933622151e-01
-1.379165334020822364e-01
1.191174629589050404e+00
7.989282672813902142e-01
-7.337327061320684241e-01
-1.169619492949114381e-01
9.238456149991851607e-01
-2.187135409922531082e+00
1.759976125863344620e+00
2.171296808552761526e+00
1.616165534518481106e+00
-9.372251242913420821e-01
1.297742627180597186e+00
1.053143045133663858e+00
1.588554106370269725e+00
-1.513690605065703743e+00
1.443867072762922810e+00
-1.665588968652531809e+00
5.394545496142271190e-01
3.966876234507190624e-01
-1.882753232163255630e+00
-4.032685889733407247e-01
6.244000291922284784e-01
1.866569062685501379e+00
-1.396952161413931859e-01
9.749779391872367418e-01
4.459489592946968006e-01
8.467408040111912282e-01
1.561653225546848489e+00
-4.311824891544404625e-01
-1.120090281428787415e+00
-7.362652694265869879e-01
8.846493869921756570e-04
3.181770284524623182e-01
1.301554397869987945e+00
1.013451030845257339e+00
3.652685257711698608e-01
-1.377604482021516308e+00
-2.772552291332657237e-01
2.585659747531917407e+00
-1.064844988937916570e+00
-4.105895099756904365e-01
1.417219512569394269e-01
-1.323857633521158927e+00
-2.407050193702856333e+00
2.487558794197944345e-01
1.007748320526896002e+00
-7.778763555719359069e-02
1.613784989969482275e-01
-1.380709405778823395e+00
-3.380228831501739251e-01
-8.432808778467777433e-01
-7.784267005186303878e-01
2.794067280552208210e-01
2.797973449460890549e+00
-3.069542345675451145e+00
-4.672254054805792256e-01
-1.376703642047261589e+00
1.154297358874497803e+00
1.490877263783804141e-01
-1.112581134907641323e+00
-4.409505591056683826e-01
5.153423740471694270e-01
-8.147359707886675517e-02
1.089276883868295354e+00
5.352240238738064093e-01
7.254686489018034035e-01
-7.690427485973805322e-02
9.027896084109204855e-02
-1.999577301389768191e+00
-5.068594307941091115e-01
8.834971410894375543e-01
-2.567252469197427445e-01
-7.032186711986398997e-02
6.272341996721420010e-02
-2.074938456490504457e+00
1.914727771001925705e+00
1.961694634862291231e+00
3.165181483451782185e-01
-2.805421170015481191e+00
-1.018629891317892167e+00
3.745482093521604328e-02
8.299688393022863764e-03
1.182878809430557565e+00
-2.322341392109370517e+00
1.137050252154034879e-01
