6.269089406824235322e-01
-3.652760206274756616e-01
7.747762621842815278e-01
7.574345543929394964e-02
-7.882286999271050920e-01
-4.648860364430063008e-01
6.920925768582002480e-01
1.802275568332381006e-01
3.311844923137052810e-01
6.781969308897901616e-01
-8.088063003106613635e-01
-6.862465420125880566e-01
4.409304840692473970e-01
-5.656620184270346741e-01
5.487645419266857783e-01
9.272432251054296692e-01
-4.225490284970379040e-01
-4.153726549838516746e-01
-1.420485564050715244e-01
9.197311155349927603e-01
7.269823598823332844e-03
-1.218612638120657454e-01
-6.265303428020565502e-01
-9.227980888753852806e-01
1.563277643684157781e-02
-1.963026450688925006e-01
-6.413293278579130785e-01
-4.744659770045847047e-01
7.138343775457220985e-01
4.435072822653942648e-01
1.775977914664166324e-01
-9.946705095270738095e-01
-5.586615839185564703e-01
-7.696598676694534902e-01
-4.517064340203462702e-01
-1.876452790834284290e-01
8.793628098711545604e-01
1.226993251240255933e-01
5.035043920430426478e-01
3.281769784992314420e-01
5.790355339720616445e-01
8.311874164949928367e-01
2.226160243519716975e-01
7.862117655053539877e-01
1.262442747824832345e-02
-2.390313243516846153e-01
-9.077916784135386941e-02
3.379345812380023517e-01
4.684933931692893960e-01
-1.776885725395598303e-01
-6.824059164757716456e-01
3.482791906822566563e-01
8.581047099838019498e-01
8.746954428392275105e-01
-7.505929518309595316e-02
9.118731305568403833e-01
-8.516488772870816071e-01
-9.918485810539083847e-01
2.546730246866373282e-01
-8.287490903514176388e-01
-9.781739672271534403e-01
4.301620887457884290e-01
-3.543081410519262064e-01
5.259053747534028211e-01
-4.022437445796789302e-01
-2.135364523805449721e-01
8.463231413596496999e-01
3.909855183915906807e-01
-4.589555811598791113e-01
-7.397977680642964238e-01
6.781276494889505457e-01
6.757541835734535152e-01
3.420283596912623292e-01
-2.408931124457271977e-01
-3.762025900360719266e-01
-2.771791326427883728e-01
1.461562117526487015e-01
-8.494025688724191614e-01
-3.803758695864274397e-01
3.227919724423453651e-01
-4.623127369812192189e-01
-7.643092037490759605e-01
6.157556391586149758e-02
-9.950736359210532456e-01
2.282094927714175547e-01
-6.133744569159405025e-01
7.846998876220530050e-01
-4.423050784869357877e-01
2.641222190937524417e-01
6.471484734321879539e-01
8.109350529286851739e-02
-5.066293411330100582e-01
9.253814161980697950e-01
1.120061683501465399e-01
-7.999151342007337906e-01
2.638153051534717353e-01
6.763369415182780564e-01
-8.470725079403518265e-01
7.405620292797365778e-01
-3.116245636121037776e-01
-2.977490686123100971e-01
-7.970792479639094985e-01
-9.288144361482946199e-01
4.517568614389588788e-02
2.310461640710970155e-01
-6.958288493539299679e-01
-3.464003034525975355e-01
4.108582239413203219e-01
6.455373553922421070e-01
6.473827108861409663e-01
4.767726657491155873e-01
8.507048859770172111e-01
5.515645973330525198e-01
-2.207137446741687103e-01
9.378080538982120906e-01
-6.672444103228656331e-01
3.870262021144015296e-01
-3.545370792558468764e-01
3.957086594357184239e-02
-2.950475195828299313e-01
3.376224378654189007e-01
5.067757868501163721e-01
-8.555347481695863010e-01
7.652741791331827415e-01
7.337139916932382544e-01
-2.049017195818871873e-01
-5.793802246092829566e-01
-5.651798270366339416e-01
9.384777213248218786e-01
6.529783375142033108e-01
1.385602707001276634e-01
1.868809012306413830e-01
-2.923753818294905216e-03
4.754427359744104464e-01
-2.191086497912855258e-01
-6.474436890277364132e-01
1.098119693657992890e-01
-1.409990775547558250e-01
-1.037285321880092592e-01
-1.437066103903239522e-02
2.566542612738997864e-01
6.691094294201562764e-01
-3.903155034324423678e-01
-6.657461802312367727e-01
3.412940474568839644e-01
7.989584765463919602e-02
-7.435763371991572779e-01
9.329665040137911092e-01
2.901266793615653317e-01
7.187874418959765421e-01
9.772657444492474088e-01
2.314729214886974695e-01
-7.411049838574892412e-01
3.552387882734024949e-01
-1.770752094062071347e-01
-9.576675346053244997e-01
1.384541477678711274e-01
-4.083293671400605174e-01
7.703693174963812673e-01
-5.357809163529814178e-02
4.769090297192648542e-01
-2.733531947430420939e-01
5.330012779580473037e-01
6.397524681449950901e-01
-9.985048340044744286e-02
2.961589545557430370e-01
-1.645763933164143822e-01
-6.220673842333463988e-01
-1.044459695625514772e-01
-4.844302224183711925e-01
6.677958305907054637e-01
8.133598785889364358e-01
-8.789507884990923614e-01
3.761595297610247357e-01
-1.971058988688703106e-01
-5.910522961864641545e-01
6.272439610922486697e-01
9.265988643127545110e-01
4.850135348988546813e-01
7.526504586919873230e-01
2.235684126780204117e-01
-7.562112791872630524e-01
9.953108363364626676e-01
8.553315758898696330e-01
8.417204960549451442e-02
6.469571126138013994e-01
-2.234973005439595539e-01
5.575166422477881856e-01
6.472415779706091055e-01
5.009524130261486796e-01
8.054771290529381123e-01
9.718821987947019458e-01
-9.268522721580085832e-01
-4.503428634492570026e-01
-1.233709211927984661e-01
4.597461543753800228e-01
-1.845057742029254655e-03
-9.383227203798427674e-01
-3.849262051691788589e-01
-8.033659558980985604e-01
5.796217039512736591e-01
-2.660914187713032675e-01
7.024902342998218252e-02
6.577765561644886017e-01
-7.935569174355276978e-01
1.173854859895695490e-01
-9.491457789672077539e-01
-7.962314508179693107e-01
7.868252057674607336e-01
-2.209066303729472214e-01
-9.455804718175948587e-01
7.539630721323686835e-01
-2.797203441835296456e-01
-5.011643554297979808e-01
-5.496249705543010400e-01
6.201517473115465418e-01
-7.478827449423228746e-01
3.484706023939443398e-02
-6.522859452176792416e-01
-5.244010709655220204e-01
-5.859159188389868600e-01
-9.242870195063050964e-01
7.699620558435882334e-01
7.539580717896754436e-01
1.481062957296974680e-02
-4.982856979360379412e-01
-5.556577962164452877e-01
5.611020123328192000e-01
6.641871660996536697e-01
-5.980885575711263336e-01
2.974672574567402972e-01
-2.824011543150883874e-01
3.849000906313502224e-01
1.910697821017925957e-01
5.572568510286999288e-01
-9.493989643041731430e-01
-4.633887965679404086e-01
-1.941996414178495112e-01
-4.232599199430640002e-01
6.106252686445687861e-01
4.041627987924378829e-02
-8.199085914366537331e-01
1.963505271483523273e-02
7.510474515388874117e-01
-3.925338671575449023e-01
1.694080118704466287e-01
7.842799989909461367e-01
-5.818463938991835782e-01
2.213631948378560477e-01
-3.854628925482408430e-01
5.302726907980752635e-01
-1.627676719912931613e-01
5.395897434644418844e-01
-6.358282774649268720e-01
-8.590514513038733924e-01
-7.423099284879495219e-01
5.082285129426622472e-01
-5.308325653091134910e-01
5.025046181731949169e-01
-7.556091053732680862e-01
-5.827440298201194135e-01
1.129462321458707397e-01
1.051919943609429531e-01
2.833262698401592949e-01
-4.871038438191037656e-01
