3.063248101229856246e-01
-2.679402254251408433e-01
7.678065861517169299e-01
7.266728753869449164e-01
9.229436439880298604e-01
-2.552607470442287418e-01
1.046499806381369080e-01
-9.257104107206488575e-01
-1.458156395964318452e-01
9.462927643087026830e-01
9.286502261049647267e-01
8.670164780932072546e-01
-7.438892854721184111e-01
6.064721393654348702e-01
6.341600944379257587e-01
1.060540931645286289e-01
4.709541944912556399e-01
8.599729836836782493e-01
5.868969839236719555e-01
1.519589005721155850e-02
3.464045330388934030e-01
1.271025968193686406e-01
-6.107533731068286453e-01
-9.068156998808731828e-01
4.745228463962656296e-01
-1.178955056185850836e-01
8.318683239673130281e-01
-9.403411535589476511e-01
6.109751178694033946e-01
-9.012510552457226876e-01
3.759538118785301641e-01
-4.232305055442449060e-01
-6.351988927585101585e-01
8.457781670794044526e-01
7.221118745256540628e-01
-6.605368622144265345e-01
-4.492355786828834407e-01
-6.722213139242205759e-01
-7.755192730184670147e-01
2.458198012470711458e-01
5.584404775981222091e-01
6.349394031875312816e-01
-6.474137060231797136e-01
7.315375577152665176e-01
-9.592963108783731929e-01
1.882447591881701854e-01
-8.146123768164243995e-01
-6.680094427790757017e-01
-7.108547621642902214e-01
4.680514996942151118e-01
2.793499112230766190e-01
-3.970738121401133913e-01
-9.550013368829071148e-01
1.652059919733739335e-01
3.633163482742487460e-01
6.700410828569891564e-02
9.232409395698581989e-02
-3.708196667619756415e-01
1.843657770620996672e-01
-9.419799031308195847e-01
-1.558806933629597324e-02
-6.235368742709881396e-01
-1.435424689921074304e-01
5.257716919821864288e-02
2.405216727794605713e-01
1.046499806381369080e-01
-5.901240328211208030e-01
-9.403411535589476511e-01
-2.243350862029127590e-01
-5.291708453598844564e-01
-1.295170425313294515e-01
6.501966200010815822e-01
6.668005174334381557e-01
3.884590324492092073e-01
-8.713484358388863260e-01
-6.730398896492291172e-01
1.246378044202831603e-01
4.382567597823960881e-01
-4.575575123553976553e-01
2.084411601373092893e-02
9.286502261049647267e-01
2.219461565096978450e-01
8.142035572979717806e-01
-6.243455097581445123e-01
6.369263062338668124e-01
4.001035269884005707e-01
6.423314578149244003e-01
-5.593928334604505448e-01
4.443780206002423405e-02
-7.947982745524946324e-01
3.978858180658411126e-01
1.849692272814464911e-01
-7.310005656516500583e-01
-6.148517513635194387e-01
-7.162741695989611745e-01
-7.638070256562459193e-01
-4.425307234190511974e-01
-7.222917946947011725e-01
1.465324175615951852e-01
-7.597019517287821877e-01
6.501966200010815822e-01
8.024407765266485804e-01
1.060540931645286289e-01
-5.401923824398431329e-01
-7.903571279314178799e-01
-2.652073542329234090e-01
7.586888471070274420e-02
2.298467957045913224e-01
-7.062060055367269662e-01
2.617998759961555066e-01
4.220140898453090816e-01
-9.170937683605016044e-01
-5.856276444107197943e-01
4.607800890555251438e-01
7.822884466342674425e-01
3.759538118785301641e-01
1.067655551363433375e-02
-9.999463160994637168e-01
-9.125576722998571810e-01
-2.231548066211466175e-01
4.124699794082959947e-01
2.969277980526248140e-01
6.023815914553691808e-01
-2.815817768995656500e-01
-5.036078169410056482e-01
1.381001656688927159e-01
7.266728753869449164e-01
-7.622912244466730769e-01
-4.064554502887249843e-01
3.153413434528309356e-01
-5.497972375780084686e-01
-7.947982745524946324e-01
-6.449901396817652177e-01
7.503164947768117266e-01
-9.422743319581750043e-02
1.443842877810896930e-02
8.122132965145014705e-01
9.850582235989799873e-01
-4.344666458783184027e-01
-6.349738279691863330e-01
2.579191263072775353e-01
-5.291708453598844564e-01
-2.401552756855866999e-01
-1.860720759153859927e-01
4.192403622175249200e-01
-7.338359904431874803e-01
-7.783190028856183940e-01
-3.065818700225573235e-01
-5.979551252770860525e-01
-6.435864674250013628e-02
8.865141352606551450e-01
8.492675920608434570e-01
-1.187799042899633228e-01
4.607800890555251438e-01
-7.155266035852416717e-01
-7.948858777590133151e-01
-4.987456848878737414e-01
7.760629688519971037e-01
-4.433993701791270059e-01
-1.699493703957271062e-01
-4.592866063581149128e-01
-5.330445101869767388e-01
9.652443217445147994e-01
1.363223040577827838e-01
-5.601575800348501666e-02
-4.762707915215989019e-01
-5.398372679662171159e-01
1.580329011463033062e-01
1.927646390271662291e-01
-7.139625615859348517e-01
6.222137704313324136e-02
6.518893978725890381e-01
1.290053922525473684e-01
8.088076512266633156e-01
3.700677905022420333e-01
9.337670139384934842e-02
2.264240032817428361e-01
-9.773966834232166168e-01
-3.987296535469886383e-01
-8.196284109271301244e-01
2.020475605011329279e-02
-4.670809696019080359e-01
-1.339573332637093994e-01
-1.109911490246704435e-01
8.920269968946752392e-01
5.878850579133103604e-01
6.007254898682012900e-01
3.372179968651964899e-01
4.339629698863058938e-01
-1.680711779725536648e-01
1.488670989732940875e-01
-6.260321411004570180e-01
-3.418676133373195203e-01
-5.534567601561677375e-01
-8.713484358388863260e-01
-7.583674570072196364e-01
2.670170274455927473e-01
3.202516913878650229e-02
4.788969746711124742e-02
-1.392651347607569701e-01
7.221118745256540628e-01
2.826703314873413309e-01
7.367831243449955991e-01
9.098302576328554103e-01
-9.911366955680598334e-01
2.411684471127406582e-02
1.995318017926905885e-01
-7.736864843530646407e-01
-9.413608857283999320e-01
-8.309206918737579439e-01
1.885145407036485921e-01
7.870612116776609657e-01
-5.939480336287263906e-01
-3.204038235572261861e-01
-1.479313513165487759e-01
-6.511886682190215492e-01
3.150306542307128588e-01
-5.257269144910505787e-01
4.092833604304386697e-01
-7.611749606621360797e-01
8.566776684621628668e-01
-2.363980721825709175e-02
-3.667820273820801003e-01
-8.644349051107054205e-01
6.696309992740716588e-01
2.525450494847580885e-02
3.183495527433741756e-01
3.514191786225406844e-01
-7.618873354110196061e-01
9.749960188606945355e-01
-5.032300442208001989e-01
6.591745185604152013e-01
6.853237233944082796e-01
6.907318856844004706e-01
-8.631828956616072190e-01
-3.631286737484242799e-01
9.595180216612670954e-01
1.196973274238966045e-01
8.083136921233946559e-01
3.502161529913432325e-01
-4.987456848878737414e-01
-1.730385177575199940e-02
4.491713859335231263e-01
-8.730102645774195924e-01
-2.652073542329234090e-01
3.185112056742691600e-01
4.557583293868594509e-02
4.374765744961779390e-01
-3.178565262193728813e-01
4.940810930882744145e-01
2.943642473382057645e-01
-1.012672587410565761e-01
5.596392323486039100e-01
-6.530987857114189943e-01
6.651529833042792994e-01
9.136357792570339864e-01
-7.305541029169950740e-01
-7.819001957005911052e-02
1.037645827573159263e-01
-5.790477368198754249e-01
-3.270970610241745735e-01
2.619519043641032052e-01
-7.719602845204514008e-01
8.596131512049263179e-01
-9.097624127274039907e-01
