-2.394157754604012700e-01
-1.714859029986162575e+00
1.746501771120715807e+00
-6.213754638545412323e-01
-3.575028020403149931e+00
7.646314154526034912e-01
-1.624900388855772537e-01
-3.277898123266527186e-01
4.127095826626755448e-01
-7.392422343163762566e-01
9.560244871365533026e-01
2.306680760059553137e+00
2.750477064901979407e+00
-1.733587654708759196e-01
-1.255639238836937288e+00
-3.597339630240603547e-02
9.675698503142395879e-01
2.913135708741674268e-01
2.358874677646753959e-01
2.152309682573132044e+00
-1.557964100369439109e+00
-7.091590392970591461e-01
3.177008183883873293e+00
2.513649043233992519e-01
-1.275523066801411143e-01
3.011183378179816961e-01
1.144056385845603652e+00
-9.690209667412994499e-01
-5.119814588320487081e-01
-1.007882337403727790e+00
-1.789153254332057630e+00
2.051563650137347317e+00
-3.342634906740985290e+00
1.955403059958362055e+00
1.033022335538279934e+00
-3.490365067891731066e+00
2.321201355270648969e-01
-1.480625590104306166e+00
1.655417605350155918e+00
-1.341303992501493014e-01
1.554627436934694629e+00
-5.678087046054707265e-01
5.791313841223484360e-01
-1.780460983589222668e-01
-5.841679721693897598e-01
5.809264697147600298e-01
-7.837675434095089377e-01
9.768639826063418852e-01
2.614060387846084410e-01
9.696443183346376005e-02
8.603148660835833184e-01
-3.099655615715873891e-01
-7.380448503765135726e-02
9.634773471534466838e-01
-7.671591330150020482e-01
-1.513304450790129152e-01
1.821233373855719151e+00
-4.388794037394586622e-01
1.630445532994821534e+00
4.389785181970136119e-01
-1.125828182145934830e+00
-1.109332709997793875e+00
-3.792590153281634180e+00
-9.022501721449582845e-02
1.068151668872354243e+00
-9.989112045374908266e-01
6.640720469954015659e-01
1.386948945267083566e+00
8.995120172823263260e-01
-6.769235588586276497e-01
-2.163810659692935179e-01
-6.673274473043449007e-01
8.145373707742203928e-01
4.104809230974210799e+00
-3.202135852991764287e-01
-2.875957726169165340e+00
8.925535634885688463e-01
-1.428650678589353129e+00
-6.473862130113789970e-01
3.236903569195976882e-01
9.376042426109496564e-01
1.123503557992313606e+00
-1.064588993321668564e+00
-8.114935692426938907e-01
3.775288806675578090e+00
-1.898071921471849555e+00
-6.677047267755734650e-01
2.350962472931452663e-01
-5.136167614640252399e-03
-4.905149939386424407e+00
1.189318564998628425e+00
-1.186903101980815611e+00
-6.565354712354520839e-02
6.706145415668238741e-01
6.118406444045059178e-01
8.688739720311036141e-01
1.158110992996521871e+00
-1.183460841635126659e-01
4.300339072713141864e-01
-9.466635088412393706e-02
-2.057370589555641782e+00
-2.155454850356798291e-01
4.601014161238328182e-01
-1.355607004737978905e+00
-8.918743460264360046e-01
-7.480926627892428016e-01
1.376544890660137410e+00
2.358103042469027466e-01
1.451900243931448342e+00
2.120293527223890973e-01
4.339183340491776786e-01
6.704585745984077416e-01
-1.886549753231785420e-01
5.429219341861757364e-02
-4.934946724124860129e-01
-1.097819355712348788e+00
-6.598043910654045607e-01
-3.720965771813558032e-01
-1.483013973763829263e+00
2.553469179384117993e-01
2.248587690612351864e+00
3.062026765316216981e-02
-9.864251994981604321e-01
5.989787809969433496e-01
2.100047229435006990e+00
2.002830697067001786e+00
-1.216858301011576771e+00
2.820249528741961775e+00
1.288639470446661939e+00
2.470234886068929381e-01
4.818913113055312003e-01
1.566371320990908922e+00
-3.841168810814586720e+00
2.471864508646476555e+00
-2.515943510689590212e+00
-1.800918063499230337e+00
3.882424773355118930e+00
1.357363600585497432e+00
5.762606467312841874e-02
5.440114932047600549e-01
-1.338645752188132532e+00
1.530149684460999193e+00
2.942474102642807843e+00
-3.026126711050505236e-01
1.047415275943246904e+00
9.267515230079550470e-01
-1.749385036265223903e+00
5.754604310932633915e-01
1.376217426641842323e+00
-6.959178160138962399e-01
-1.730614446932444483e+00
2.076712812262546226e+00
-1.895374095480562238e+00
5.383077984632812507e-01
1.192375084104598582e+00
-1.673220279180079206e+00
7.237557066273971884e-01
-9.702352961851157254e-01
-2.884594951582947431e+00
2.025000927236624726e+00
2.486241717514533267e+00
-1.131075961163917398e+00
2.838649090262812535e-02
1.369766629832224858e+00
5.895329391262549290e-01
5.335442013101642234e-01
-4.381118695496799553e-01
-2.526228883160817063e-01
8.892386946834364148e-01
-2.331215056049996459e+00
-2.999057530512059699e+00
-3.367186706853944056e-01
3.259418647156342441e-01
2.442164907599722490e+00
9.003248200203537444e-01
-6.187779864356965920e-01
-1.482824258366377101e+00
-8.679999212369693407e-02
2.156985760463298263e+00
-8.014655820341043402e-01
-1.413808915385361242e+00
-2.199643464353752353e+00
4.071544368668590153e+00
2.902083583532306665e-01
2.259482711353597129e+00
-7.770271711080987131e-01
-1.591049224321154698e+00
-2.294151870658414971e+00
2.533659671733401453e-01
9.742878439628035458e-01
-7.589882254019239549e-02
-5.644604221368625385e-01
-2.167567069509284128e+00
2.257521507620366741e+00
4.175760612394496807e-01
-3.200067378614507962e+00
1.166254897759110287e-01
8.586311986551586894e-01
-2.729406834655040193e+00
-1.477272070388111702e+00
-7.221355320888228624e-01
-3.740414348109277753e-01
1.421072246920402904e-01
-4.416985039168674909e-02
3.217069185433384382e-01
8.989601607210599976e-01
1.101642638706260557e-01
-7.117028363920996359e-01
2.035064958872390584e+00
-6.755287529358001697e-01
-2.570319231631688073e-01
-2.996647918021312584e+00
3.935477213964287402e-01
2.120855503411719134e+00
-2.007752577434129826e-02
5.099599810316566284e-01
9.275310381623089739e-01
2.904896063270697937e+00
3.581906821730331258e-01
-8.953346075559880379e-01
1.897861191227570243e+00
3.414295255719275168e-01
1.052120969696085373e-01
-3.765703982098845271e-01
1.652114226755410309e+00
-1.621239091167360202e+00
6.229341697805910183e-01
2.725803884496251772e-01
-4.599997220595899439e-01
-1.739547435671762177e-02
2.155276530145275871e-01
6.891474210727053240e-01
-7.814871373435411384e-01
-9.970005479523014191e-01
2.586564588312849078e-01
-6.588198060646974774e-01
-1.907554724354570297e+00
3.400146349473893270e+00
8.249452284657381451e-01
-9.023166971891376509e-01
-2.570934942016204872e+00
-4.226039468142872568e-02
-8.299746292619440968e-01
4.211341983826338842e-01
1.330860694476214023e+00
-1.007027604553325961e+00
-9.242376904317058939e-01
4.963142586561350988e-01
-6.057145486777892884e-02
-1.605611727786577791e+00
3.840863591471288530e-03
-2.624996326732271790e-01
-2.481125206115644133e-01
1.916925247606535265e+00
-1.660207359183170084e+00
2.181493426886904619e-02
-2.691105770145545417e-01
-7.904634686436025071e-01
9.538913690870138851e-01
7.199647567408895554e-01
-6.470416153936434656e-01
1.524302324183871571e+00
1.247120312517738805e-01
-8.878066161416173219e-02
4.081112103891224585e-01
