3.762506894919872558e-01
1.663869291611186352e-02
-2.287908462488255079e-01
-6.985222854966317563e-01
-2.278477385490358387e-01
-9.442582368586736052e-01
3.292961380958936424e-01
9.217927671006660439e-01
6.199128190782208225e-01
3.565700895601198184e-02
-5.929821060426468948e-01
5.969373131629494011e-01
-9.769546595633689101e-01
1.298949888719217016e+00
6.841947073262897305e-01
1.953568431046837084e-01
-4.896796896508173180e-01
-4.425939986352964706e-01
5.290235007418371271e-01
2.960564926366000549e-01
-1.355114940453719941e+00
5.975330875475608483e-01
-1.285982239039862307e-01
-4.473900354692208481e-01
-8.920415217126329566e-01
-8.837606274302567400e-02
2.286000075040368174e+00
7.995730804455154495e-01
5.075740557947121534e-01
9.762530634929027507e-01
-8.067603616160714530e-01
-5.661458055612900164e-01
-1.223033271132174971e+00
-1.705273187422653991e-02
-7.304294493476808370e-01
4.941373551153644961e-01
-3.928294085813150982e-01
-2.210206796655310058e+00
6.944407038779054631e-01
-7.669470081081630752e-02
-2.670963350335838982e+00
-5.205577533607665952e-01
1.388098379286613282e+00
2.436291388941582703e-01
-3.821628032304280609e-02
4.572027647953497143e-01
9.915327165911347329e-01
6.968009978278870697e-01
5.487133693957835234e-01
-4.456934570038746934e-01
9.525696758230768335e-01
-3.630661707297575536e-01
5.942860309016417819e-01
-2.442719328476870011e-01
-4.378923691142666552e-01
-9.273037582627638997e-01
3.611435985325179843e-01
-5.550102257870825895e-02
-9.853040769902015050e-01
-1.189246222463500757e+00
3.535425345254272766e-01
6.678810888907942278e-01
2.337725513379282916e+00
-6.823858772472315426e-01
2.937455848052474838e-01
-4.989584681609180450e-01
3.179959607400658861e+00
-2.054006222711630691e+00
5.773778322006783981e-02
-5.349137937643875240e-01
2.993268628117031760e-01
9.910644362317948541e-01
-2.736665948590659703e-01
-4.431399309786704932e-01
6.842829140924897580e-01
1.097103769648233862e-01
-9.614702634229266298e-01
-8.874487827821964103e-01
-6.542849195766993198e-01
-8.421835588164561237e-01
-6.861938281072748058e-01
4.618617772480261285e-01
-4.571193317676276457e-01
-7.325665326588159942e-01
8.055551096548629886e-01
-7.460525639249688812e-01
2.638604063527805188e-01
1.563241937759309641e+00
-7.613416531700685219e-01
9.456963307441079714e-02
5.656783104105089777e-02
-7.986622148396465004e-01
-3.858120844143664296e-01
3.670063063113513380e-01
1.231233212824567325e-02
2.580505372774573036e-01
2.239060740551262474e-01
8.826955958624669307e-01
-2.253664616776400731e-01
5.762869476976388849e-01
-4.826606200070639452e-01
6.914281807581668104e-02
4.026876613181855635e-01
4.219438135709026039e-01
1.890342816982863994e-01
1.098291399410276314e+00
6.012554033830810329e-01
3.639601321157748259e-02
5.911089574144545722e-02
6.522827990218327265e-02
-2.639877433300131138e+00
-6.133801580855022806e-01
4.917550950609503313e-01
9.916440180868533183e-01
5.040418548878831118e-01
8.008688691445369212e-01
1.154395720034941952e+00
3.363600683663348079e-02
-3.572666904659340670e-01
5.221244366997266351e-01
-1.450297616726083927e-01
-9.472445620531924071e-01
2.017646585868539955e-01
7.440727838867673416e-01
-7.494031285729187974e-01
1.275753441879334371e+00
-5.789363706410621813e-01
2.908093322644371703e-01
-5.267667024981683710e-01
5.632378788181013896e-02
-3.556226239423032620e-01
-1.734678833645036056e+00
-7.951687639154956244e-01
8.744563078503135856e-01
-1.747790278428551503e-02
-1.491295282691631252e+00
1.245032286723056547e+00
3.230451940767078423e-01
-8.278640592843717894e-01
-1.389802000807905724e+00
-2.214896595984212624e-01
4.871649007532141695e-01
9.836840724633779676e-01
3.957384144791162850e-01
1.874795696516843302e-01
-3.821539111773322173e-01
-2.652619670699740695e-03
7.054557190867403182e-01
8.177764344092450788e-01
8.305388301964051756e-01
-1.100422305017032809e-01
2.206465018066621653e+00
9.012936112820126855e-01
9.549195442747653306e-01
-9.173681788050145336e-01
-5.453612754395473772e-01
-7.114056344175514468e-01
-1.331898925829364533e-01
-9.259147995192529290e-02
-8.309596014423650256e-01
9.771798915943492592e-01
-8.607854952907487700e-01
2.028755161469784074e-01
7.597828288631258697e-01
-4.073486947908622202e-01
8.294571294575840970e-01
-4.632829969955118976e-01
2.521976207287213168e-01
-7.167618056418663119e-01
-3.593808435443124338e-01
-5.324349434611412857e-01
6.124976489709976768e-01
-1.000702797949242218e-01
7.234900253959513083e-01
-9.818383545315767513e-01
3.616317199522351977e-01
-2.209847212554847951e-01
-3.752681072874910484e-01
-9.141428798596356042e-01
9.735812236135781284e-01
5.607553107609630771e-01
-4.884028605727879224e-01
-8.041033015072884815e-02
2.617375276013179430e+00
-1.297623294899772350e-01
-6.161802898108723614e-01
6.375634928098983245e-01
9.559542365571076505e-01
-3.213852102235846608e+00
1.294024090634307012e-01
-9.742105765654092142e-01
2.901717454445629230e-01
2.593733199548995394e-01
4.113130238846249842e-01
9.852361463578005463e-01
-3.305108222742228818e+00
-8.000409986785745886e-01
-6.930080662157482863e-01
4.753483417928126009e-01
2.219183097206363087e-01
3.322877513258010174e-01
-3.671675049775779964e-01
3.963515112562113751e-01
-8.212770258459123340e-03
1.543742574636135512e-01
9.214759110206647286e-01
-3.863465470757780906e-01
3.699276972235807648e-01
-4.183722347267149200e-01
-3.172075909867710930e-01
-6.642398456149591901e-01
-9.394716200892612168e-01
9.948913599780624395e-01
5.173114882120535274e-01
9.301112645896494335e-01
5.229699221400680997e-01
-8.080137647874641171e-01
-4.478666780982936135e-01
-4.003419261172949106e-01
-8.333693807473807613e-01
2.757619971050511154e-01
-1.609100521838089604e+00
-5.606688357368856401e-01
1.009008179597858934e-01
-1.082171451916200677e+00
-5.645167094573926292e-01
-6.077653074899109775e-01
7.486516082721883514e-02
6.606404814949407012e-01
5.530593462563102580e-01
-2.649463308608719370e-01
1.746939419484170308e-01
8.163590421380819695e-01
6.407410080097937222e-01
1.189041444989911156e-01
-1.586333777047050919e-01
7.116937073179605555e-01
-8.990069146639287911e-01
-9.204867495738151550e-01
1.150115187064049360e+00
9.810542651276809023e-01
-1.467912925610370678e-01
-3.749210477431734745e-01
-4.434579104221342272e-02
-8.156911248821931970e-01
-4.628421556582560381e-01
-9.792868979606528246e-01
-3.889960743618186001e-01
-4.667514903383707114e-01
-7.159995993307328721e-01
2.025758841192371040e-01
2.657866524608798464e-01
3.711252889778451358e-01
-4.548474462265126306e-01
-6.372705713223061341e-01
1.296179922386753169e-01
-1.230353385526296028e+00
4.380233713134211726e-01
-4.924115972945737330e-01
8.725327293498230663e-01
-1.271754414995956095e+00
-5.234110481262979064e-01
6.889553824330352239e-01
-7.574530083979327255e-01
-9.835409858089225743e-01
