6.524441029849967766e-01
8.771869558004516954e-01
2.579872901748707203e+00
1.577376030147826347e+00
3.326026963708860751e-01
-3.002154309059967829e-01
9.614759328124535820e-01
9.142727957243244052e-01
-7.761657845977606440e-01
-1.507990970693258381e+00
-4.653883796796689509e-01
-4.634451248845274929e-01
-3.312337427965304504e-01
-3.024548687388465273e-01
2.151784636365482672e+00
-1.250751334572764550e+00
1.414621934257826785e+00
-3.062928237046063096e+00
2.737591906012980525e-01
-2.071109478666638637e+00
4.865669308558007722e-01
-6.745379941459228590e-01
-9.038095403859269794e-01
-4.718581096952250697e-01
-1.000572635663225629e+00
-2.369214191930777424e-01
1.575281928142400201e-01
-8.729247903488497329e-01
-1.841726464451554079e+00
-2.309957141946432202e+00
4.151954995305367824e+00
-6.311194746350560214e-01
-7.364237933165002081e-01
2.366673875121561021e-01
1.897421858462107647e+00
1.450875059546413048e+00
-9.208208084298280527e-01
1.582165359082491063e-01
5.130757346411413122e-01
2.630807826886157885e-01
-8.818677400418950540e-02
-2.417633248036765714e+00
2.729971312847729870e+00
-3.245678149966263470e-01
-7.282739728624932907e-01
4.510871396122699828e-01
-1.558317493004033771e+00
1.493114583787012339e+00
-2.732127158985087512e+00
-6.970903666859376013e-01
-1.858650535388455260e-01
-1.398784479708756745e-01
1.904994208577995618e+00
-7.562076592568671707e-01
-4.100088317278459016e+00
5.599237583237601790e-01
3.863165328649629693e+00
5.969525407348186263e-01
-1.010178063976507890e-01
1.165823036047841654e-01
2.582340470977420477e+00
1.947852243051501064e+00
-2.032235731450748317e-01
-4.205240626226874889e-01
-3.992490893505826755e-01
2.428855316410666321e-01
-1.134205790924365020e+00
-8.006307776373002838e-01
-2.481574846299503534e-01
1.873584935110710781e+00
3.584275911062893449e+00
-4.253959337867878610e-01
-5.499016442582224107e-01
-1.660219054358160751e-01
4.994824302079280964e-01
-1.244863884418481392e+00
-7.705735627777969832e-01
4.217920525830707312e-01
-6.160245766048069171e-01
-5.812362919860798449e-01
-8.573067531509868111e-01
-6.067573643144759110e-01
1.742953148218673309e-01
4.334697076986757658e-01
-2.465172807620719109e-01
-1.570833778014401938e+00
-1.440509884428661014e+00
1.429782520599196971e+00
-2.007653996847515110e+00
3.226607773518342714e+00
-3.344260191693920747e-01
-8.959880396815661507e-02
7.824883787081572395e-01
1.023935133609078507e-01
-4.343869688498269710e-02
-3.532837096635937923e-01
2.015985151944600595e+00
-1.446996091572026799e+00
2.740152929006179905e-01
8.671086095363764734e-01
-2.484163604085522170e+00
3.961761940940866644e-01
-3.647764900188231074e+00
3.481424792649745470e-01
3.761842017277561290e-01
-3.107443979571253845e-01
1.042348327167815503e-01
1.835728299477227543e-01
-2.062633984083747762e+00
1.051271414399592707e+00
-2.439896340175821354e+00
-1.921461939228407800e+00
-1.061862755225680965e+00
-3.899839248496645983e+00
-8.466336984110599539e-01
1.116822100905510151e+00
-3.534367355117548626e-01
2.206978804649164516e+00
-4.590085989949732603e-02
-5.336060462735393584e-01
1.286338528972963857e+00
1.016936656733999467e+00
-1.336656896112452531e+00
8.928401117170379209e-01
-1.399338462614528211e+00
-6.498418861117095657e-01
-9.762797961232123622e-01
2.465367256996255030e+00
1.492127800891901890e+00
3.043333847345149223e+00
3.520145819200364290e-01
8.278108155211816310e-01
-1.649615759519296398e+00
-3.289726764745239951e-01
9.708599395388767261e-01
-3.353613886203634209e+00
-1.237359173454885219e+00
-3.084629313335655043e-01
1.764220997117672773e+00
1.127914794587023151e+00
2.907495669880036937e-01
-9.469018907027291210e-01
6.034249070010009319e-01
-7.693028411671327671e-01
4.086393181249548534e-01
2.037895715079597103e+00
-3.321990434803618886e-01
-2.190675331246086266e+00
1.490407159775897439e+00
9.253152046776179640e-01
-1.566953189319971074e+00
-4.957876300168702066e-01
2.017698567159377454e+00
1.960675662710906764e-01
-4.690540326047880626e-01
-2.098313039513334255e-01
-1.505633400225773189e+00
-1.974209757385347874e-01
-2.612607637393007387e-01
-5.176112463661474150e-01
-8.521015698767351321e-01
-1.211418130424305017e+00
4.010768764504973660e+00
-1.808461689308427545e+00
6.958701226740553469e-01
7.099546485614574021e-01
-3.545397893248664722e+00
1.026081956313080301e+00
-9.184953385814249582e-01
3.047956412223957745e-01
-1.436724610129395341e+00
-9.388792488104992229e-01
8.012157097330052657e-03
-1.206837376291063357e+00
5.139112772359715198e-01
-6.360433984821545206e-02
-4.662343245945097969e+00
8.796686889975312562e-01
-3.543661690251729279e+00
-1.703055195091994545e+00
-5.666066273018000032e-01
-5.559077268954895068e-01
-1.591715021603952174e-01
1.606462560673355799e+00
8.179604642496740574e-01
1.259258567250324923e+00
-3.234505439215822342e-01
6.061797257897594271e-01
5.378180898588696968e-01
1.384396517034601481e-01
-1.175213165333397480e+00
-1.834224626928935731e+00
-1.142747594253656018e+00
-1.233201898576695932e+00
-8.707326764711360578e-01
-1.312462919702890529e+00
-9.631173791016522934e-02
4.179330831932085433e-01
1.566567476177805340e-01
-9.328743112421766792e-01
8.624083416541536984e-01
8.786816834186252922e-01
-6.559364049285594245e-01
-1.806097938559552141e+00
1.962381525690181316e+00
-7.398561297793568858e-01
-2.681593858913426054e+00
-1.026560267498226597e-01
-1.968848379173728125e+00
-1.429936758487142301e+00
-1.429243862993431868e+00
6.064667273270090142e-01
1.935976676320607659e+00
2.051933476470177986e+00
-6.583382822726520089e-01
-7.364506107888686426e-01
4.748290776424024529e-03
9.820982241853911665e-01
5.285473795192249469e+00
1.761755046305674810e+00
-1.355026205216373070e-01
2.730791364112294395e-01
-9.778718010902547331e-01
2.239199539373196157e-02
-9.541523205117891093e-01
-9.591344974320544781e-01
-1.022405574763718406e+00
-6.621127469827577938e-01
-1.389869226513827938e-01
-5.866318131048735562e-01
1.030721819420889362e+00
7.268534809870040858e-01
-1.465401812992607855e+00
1.334121681130167048e+00
1.344925974312022321e+00
5.805522081623960551e-01
2.215998440127425972e+00
-1.074754668866533258e-01
3.121225517707073016e-01
-2.536861976801358498e+00
-6.541461711355678332e-02
2.409133261398503922e-01
3.598278893262727429e-01
-1.744591932095063136e+00
6.094969386389994526e-01
8.780179051045226002e-01
7.836608568353197191e-01
-8.450756470506697315e-01
4.261533781109634322e-01
-1.259703013074473521e+00
2.088832299964417660e-01
2.388041967345057248e+00
-4.330868983064371847e+00
-1.206370463123759285e+00
2.021789304620440486e-01
5.608106199928770685e-01
1.626438202235176878e+00
6.467785793910925118e-01
-3.057089979602329866e+00
1.215320209040742450e+00
-2.354336753200348964e-01
-1.404603131729454502e+00
-2.845355463065033508e+00
1.071647546218642555e-01
1.120665337157468855e+00
