3.281805698170254804e-01
9.657305619589040546e-01
7.784930090567225847e-01
-5.926227240967012477e-01
2.458878880274337764e-01
-6.855234416499786931e-01
-6.644718830345786031e-02
-6.479234853535797978e-01
-1.912391443452301498e-01
9.976242950980558355e-01
5.985136777475548175e-01
-2.111806050896380960e-02
1.784250737634123229e-01
-5.276220647864531266e-01
-8.491106885569879026e-01
9.380559606276066553e-01
5.762669834925264745e-01
5.018598543431695980e-02
-4.242504633621166921e-01
2.570329500000445577e-02
6.231714783897850385e-01
8.134916228095181445e-01
-3.846030518332201886e-01
-2.500292020668086757e-01
-4.830101956074570602e-01
-8.493873047009847799e-01
5.521736037089670646e-01
8.380021563088702052e-03
9.868151727028071640e-01
-7.970106644997838607e-01
-7.122085890391240959e-01
4.223323215400420771e-01
-2.807800647723177612e-01
-2.236884487209078731e-01
-8.417694729531939313e-01
1.687326725667273042e-01
7.947490055250721053e-01
1.246839247472584233e-01
-4.784027376121775532e-01
5.651611477533806660e-01
-6.638322751883034556e-01
8.656540804083077134e-01
-2.119229706534275781e-01
-8.237220972833514399e-01
3.640224788807144840e-01
-9.461668601454471528e-01
-2.850457724006427718e-01
-1.181441302659358428e-01
7.556029026607824495e-01
1.976419071364783342e-01
5.175859512198104362e-01
-6.853928588210964623e-01
5.682412891486676720e-01
-7.632915734481253711e-01
3.145858215880685815e-01
-1.450872157258698003e-02
8.071300541022523589e-01
-8.229263443912442355e-01
9.551847852760817492e-01
1.667270357061485520e-01
5.142078690941611629e-01
4.116236933556391975e-01
-5.946930280269246971e-02
5.682412891486676720e-01
5.793314791677026676e-01
-1.334648258764175033e-01
7.371355175568476970e-01
-8.773087963960859437e-01
-6.303783569446150814e-01
8.353446887149498234e-01
2.493728317893273427e-01
-9.731483869287971267e-02
1.829113437983527213e-01
9.800478440575872696e-01
5.150049348096559232e-01
-2.707142898584191659e-01
7.417369275319700694e-01
-1.189966539446816185e-01
-4.970601720458105444e-01
8.114896780192439874e-01
-8.177795729297399063e-01
-8.223519232327913819e-01
3.067425608792218039e-01
-5.632174215735008538e-01
-6.895032782669630045e-02
5.892434716937846595e-01
1.188516306224201013e-01
-5.832707599054385295e-01
8.401997387549100527e-01
-4.409218322079839769e-01
8.860169517672447093e-01
9.113693330125074432e-01
-4.497135367352500523e-01
-4.323988047453943828e-01
-8.037752163919400505e-01
-4.816609843779984246e-01
6.602121129687918977e-01
-2.963115194366137128e-01
-3.325339604620780598e-02
-9.230634681661391561e-01
-4.410161439638935477e-01
2.813172409369426585e-01
-5.210299168715581963e-01
3.136346495689554814e-01
6.112864271347127065e-01
-3.359766801675090342e-02
-2.254963095201019119e-01
4.423092504787438095e-01
-6.878480072608323947e-01
7.430282965696395348e-01
1.966070206222489958e-01
3.280866341415105136e-01
4.319805938307312854e-01
-1.718358302235492019e-01
-1.439982959193220058e-01
7.587851837084795825e-01
-3.812022690550875836e-02
-4.784027376121775532e-01
-8.160160202565056586e-01
4.040334520992923117e-01
2.480904120314630923e-02
7.242102821613218833e-01
-8.551322736623978571e-02
-2.234752262228718589e-01
-4.438271607884098913e-01
2.719503123570048420e-01
6.102304179019408803e-01
8.727796281975188641e-01
1.904703973831360919e-01
2.449880467229048620e-01
2.970232443462064165e-01
-9.451527641214712006e-01
1.809191826554057414e-02
-3.946768176456127986e-01
1.324132566411000411e-01
2.100342537908272966e-01
-8.850015574646199479e-01
5.925447744126954852e-02
4.233174430330239879e-01
-5.639133684463892848e-03
2.404085530200728016e-01
-4.817733688343022180e-01
1.837076122027478942e-01
7.523652810355967446e-01
1.637345002652823567e-01
3.735885847692008710e-01
7.638860573081485139e-01
6.207755830878589620e-01
-8.007693970390947769e-01
7.856341699719024962e-01
-6.162126704496715401e-01
8.786761323540848156e-01
-3.773883109594535767e-01
-1.985045891494476855e-01
-6.713916232816343754e-01
1.689424726907553520e-01
7.328819968541089303e-01
2.080881276173447425e-01
8.700465908381465052e-01
-3.576057115009343423e-01
-5.335152912627472155e-02
7.756589189822213903e-01
4.936910908362528438e-01
3.741341755873690555e-01
7.106099417908429139e-02
2.840595574491431297e-01
9.995599560456569499e-02
9.684106424197369556e-01
3.771893842486486736e-01
7.755436985374135617e-01
-5.065384933605365791e-01
-4.358757175637748560e-01
2.017215414973552168e-01
1.261195871309355176e-01
1.458560480404664794e-01
-8.669996283411742777e-01
-3.854128042478799365e-01
7.677283860195676102e-01
-6.841355435194869106e-01
5.276733265449102817e-01
2.057010106150496398e-01
2.716358506814398055e-02
6.634606244128249397e-01
-5.060353531593395626e-01
-6.958828056286399111e-01
-4.801766077472577887e-01
3.502534900734268764e-01
-5.403362515445975234e-02
-8.673329323306968597e-01
9.113693330125074432e-01
-3.446272925284479260e-01
-4.438271607884098913e-01
1.380472923027962207e-01
1.531156785135765475e-01
7.810021078713320630e-01
-6.283525901263362634e-01
4.342570891349362139e-01
-4.140744407287171303e-01
2.122420187901752353e-01
4.465678114502167340e-01
1.723724080111543877e-01
7.942657750177990472e-01
-4.444237308080825066e-01
-3.929145468188417478e-01
-2.871448948065025153e-01
-1.820507327470792802e-01
-7.805924625636568859e-01
4.995485737863294418e-01
3.145858215880685815e-01
7.553796760528097565e-01
-2.294952354969164166e-01
-1.638282876828940360e-01
2.972477401739128666e-01
-3.976146729227607590e-01
3.343984777105162287e-01
9.869797447835015891e-01
-4.062324143077584715e-01
3.117649867555369880e-01
5.746760694837542705e-01
8.421491648176493428e-02
-6.177637730263314531e-01
9.245198492808766044e-01
5.557805413689915763e-01
9.871805332279537382e-01
9.800478440575872696e-01
5.634410245670302686e-01
-1.740187843547393864e-01
-1.170527061449857520e-01
2.537794545937945845e-01
1.271493758484907310e-01
-4.487624436018446961e-01
1.844438290886067922e-01
6.220743901719860691e-01
2.738769035629631254e-01
7.209468468660080731e-01
-5.832707599054385295e-01
-5.617779519537042798e-01
6.916083791290867921e-01
6.794446939210834202e-01
4.040334520992923117e-01
5.569734688831831093e-01
-4.344123359913678595e-01
8.722895983901250982e-01
8.488547924917875243e-01
8.832784067592969190e-01
-9.532857659331288591e-01
4.429258288011974631e-01
-6.449052586915318130e-01
2.145999599614585307e-01
5.655992801574840634e-01
-8.451204655537307708e-01
5.342605171808658682e-01
2.660523018057545652e-01
-1.898766608604440798e-02
-2.096971350377074828e-01
-3.871524826227967786e-01
-4.840609052397066847e-01
-8.948141874784765193e-02
-1.440368062450156916e-01
-6.024828946148113040e-01
-7.916196073907744157e-02
-9.399688263164014401e-01
-8.264320031810228340e-01
6.055890489510022956e-01
-6.615813991614323264e-01
