2.336291175096760764e-01
4.157776511774817774e-01
-7.434987477230767805e-01
2.351122644965606412e-01
1.108980940449295627e-01
-1.612831780792527425e-01
-2.975507673534152353e-01
-2.509236440928006573e-01
8.877717575209715939e-01
-1.812918096967297554e-01
9.984613740488790246e-01
-5.548487925515721564e-02
-5.989425957056702110e-01
-4.659138406701093249e-01
4.956001106595735450e-01
5.804446088446175711e-01
2.101093527513364645e-01
-4.968922431897799807e-01
-3.595712365065348859e-01
8.019129091759578110e-01
-1.323433445894837135e-01
-9.905662617274273440e-01
-1.698659389513326179e-01
3.248229114234488790e-01
-9.027791695368039271e-01
-9.944779356785451441e-01
-2.757064355418046286e-01
-7.807047944367977443e-01
-2.668741844994999557e-01
5.463014328982371826e-01
4.000691515056724601e-01
-4.999864898817203418e-01
5.922141247670125175e-01
-5.258050507586558009e-01
6.036296636319193887e-01
-2.988166663611619978e-01
9.506609978140942996e-01
8.371245447807480478e-01
-5.787833854259243349e-01
-6.310367540046835089e-01
1.222762639584982214e-01
3.767839699009307708e-01
6.516713455456455417e-01
-5.914641498982375900e-01
-5.584079313476442152e-01
2.387005162146316195e-02
-6.571733859616504247e-01
7.971484332011302687e-01
5.864073549400354857e-01
-2.715312409152517148e-01
5.188229894512972340e-01
-5.318663209644449719e-01
-8.980819795530026184e-01
-9.280215955396977634e-01
-5.197201202997254743e-01
-3.960398585002300464e-03
-1.904904839570391584e-01
-2.426845445417686875e-01
-1.132333959811615554e-01
-9.107991049307258002e-01
-2.435675540760122715e-01
3.380244277180308732e-01
3.609739895424834977e-02
8.272047344289361614e-01
-1.391176991208689095e-01
-7.740602783000192222e-01
5.296450501779990105e-01
-9.543159132050438309e-01
-3.600458388260938669e-01
2.291992965308262686e-01
5.694260728309572528e-01
9.761554677176458306e-01
9.455806925635490412e-01
-1.163044486286599621e-01
8.364015340174693058e-01
3.098036340983072456e-01
-5.791179035483744464e-01
-4.961880584495659274e-01
-4.073959137410518849e-01
1.067342274130136381e-01
-5.664925301730283635e-02
2.486617786962201926e-01
-2.906366555095452053e-01
2.509519965427100541e-01
-3.080143757343392075e-01
-5.307558078581919858e-01
5.935337976412982108e-01
-3.265319959556653995e-01
8.715413065813024662e-01
9.669515022509200808e-01
6.382580327872111603e-02
-7.683007784117166228e-01
-1.242408844227638198e-02
7.233835385851803412e-01
8.449308425738686346e-01
-1.786870958369193296e-01
9.610242529324490857e-01
9.669994434644626491e-01
5.640105190694921777e-01
2.352013157766794649e-01
3.948254751969784149e-01
-1.761179750683210532e-01
-5.055960012381242041e-01
-2.942729805133741383e-01
-4.875660813786393266e-01
-2.097578636549797260e-01
6.658093048163173933e-01
-9.162368233838245057e-01
-6.968866544223129011e-03
2.682279026237308628e-01
1.897486649307722484e-01
-2.695535291188253524e-01
7.253500649974340408e-01
-1.359862559286797445e-01
-3.570862206454528121e-03
-1.112364051607654947e-01
-2.906366555095452053e-01
-9.593878890942475479e-02
3.841470876761565734e-02
-3.975740019777429524e-01
-8.247065614946915701e-01
1.898832999703352620e-01
-7.523809963961487490e-01
-5.536971301734483486e-01
1.185531539395583422e-01
-6.476019271524198206e-01
3.491467414776980860e-01
-2.091207672850243782e-01
6.954243171618648134e-01
4.933713788087883412e-01
5.658113702842084702e-01
4.141535494319903421e-02
-2.490210106045338545e-01
6.927790390606631821e-01
1.237639240976369237e-01
4.443682937764381613e-02
1.103990816003168618e-01
-8.506708549200190372e-01
-8.480269451321131857e-01
-8.512091678936297701e-01
-4.162984313029538530e-01
7.228819362828471373e-01
-6.526567066993393951e-04
2.855745636978856972e-02
-1.668541450057148268e-01
-3.130229874884449259e-02
-7.076190573226617264e-01
-1.175888484476554918e-01
2.387065853282954730e-01
-1.027610664859137657e-01
1.332340698117193689e-01
6.125370233829883215e-01
-2.800169005058146254e-01
-9.874391623876617174e-01
5.119999142208768728e-01
5.525062414800767652e-01
-1.613430821373909030e-01
-3.253829302141182378e-01
8.865465963904635149e-01
6.282894272721064599e-01
-1.419095553486646732e-01
-9.608186041511312947e-01
-2.285150313477002371e-01
-3.576939270160963691e-01
-4.880309292747702088e-01
-4.646423565838513348e-01
6.167536377424855942e-01
1.406552807181693510e-01
9.112222490327948066e-01
-3.110105491538053268e-01
6.224730935663327358e-01
-3.757678790749505726e-01
8.808096958183557756e-01
-4.821446174696246700e-01
3.736737756095349638e-01
-1.974162838153556976e-01
-6.664851359463912495e-01
-1.639749525892366666e-01
4.297241123717538969e-01
-5.583341543755275804e-01
-9.392853384237520586e-02
1.406552807181693510e-01
-3.799280559370885602e-01
7.542556838695091415e-03
4.520142843444667768e-01
-9.594448645130861930e-01
-7.039527819586957058e-01
-6.847694470419056767e-01
-9.656833371349771156e-02
-4.414284712685474510e-01
-9.995492899772961959e-01
5.313242994782603201e-01
-8.235255694601251175e-01
-3.373190172445359458e-01
-2.692477766322205479e-01
8.297333450345480976e-01
1.908966656562802733e-01
-3.877606895149900978e-01
-5.962038662951831824e-01
6.986749238171687804e-01
6.658093048163173933e-01
-7.322421602745965430e-01
3.360640663868637024e-01
8.786053440265482184e-01
-1.330110999998765919e-01
-6.986262569482528662e-01
-6.362042810453021335e-01
-9.805365269049797217e-01
-4.878764587669486286e-01
-4.217842367260118408e-01
7.171644041554880999e-02
-4.599891516760854504e-01
-3.883098065413237432e-01
4.153250536326109632e-01
9.906696575120288450e-02
-1.458634626067389917e-01
3.530356367422502473e-01
-8.928493020775609690e-01
9.363832455479434991e-01
1.932923837470412742e-01
-1.259105907354474141e-01
-6.064958012739853910e-01
-2.833635312651316962e-01
8.620914959980416903e-01
1.412761891057368047e-02
4.278913481446324774e-01
1.311779471172720424e-01
1.927931362035926188e-01
2.856205804894227374e-01
-8.657880900619574494e-01
-7.178987527703120097e-01
9.488298109403103808e-03
9.066334307699217554e-01
9.184994659699756703e-01
-6.859538097856896499e-01
-1.969778413710581155e-01
-7.931960425877759846e-02
9.943800396425408472e-01
3.113977729569492592e-01
6.693703236923778110e-01
2.274416608973544029e-01
-9.024754427845893545e-03
-1.552299289435510321e-01
2.895744082096913807e-01
4.495371816497064632e-01
-5.207224587217631484e-01
-2.883570570860019000e-01
1.398559263577743295e-01
1.698802649580279933e-01
1.249514052222093774e-01
2.173975972073778351e-01
-4.739537748543007911e-01
8.633698787371457684e-01
-6.934213969137719147e-01
8.931136241573713885e-01
4.416672973895146015e-01
-2.958793053383552696e-01
6.967691989043247602e-01
1.854633315636300406e-01
7.037059808609533729e-01
-3.106396301614144928e-01
-4.488590098533820072e-01
8.852723207842472242e-02
3.733574447003980001e-01
6.155687034326238205e-01
