-9.791267439674289363e-01
9.539124697957979127e-01
4.194317854465579032e-01
1.956429021030623439e-01
9.890120275420914986e-01
-4.506068405678576028e-03
-4.784857311836994143e-01
3.036785660927714403e-01
-7.254821214269095986e-01
-2.145164081801427258e-01
7.259742729222296020e-02
2.697560935990117592e-02
7.877174151428576465e-01
-5.936302245631444041e-01
6.165877167051803109e-01
8.648281523297995932e-04
3.764171849353914467e-02
-3.968210348733385295e-01
-9.410447468220413114e-01
-3.119123668030221452e-02
8.835049410637481060e-01
-3.327485826116742818e-01
-6.946706633183885593e-02
2.833842142435856193e-01
5.024318966745009440e-01
-5.198071800790211583e-01
2.061880194595899773e-02
4.206703930170632155e-01
9.640809234512925929e-01
7.311826069652682669e-02
-4.907770334659922185e-02
5.220502697459863395e-01
-9.498756625439774837e-01
-6.519818804487702568e-01
5.948372002428470307e-01
-6.238636828445620619e-01
-6.114042356897204655e-01
3.259059883715713646e-01
7.779360064694975652e-01
-5.281692985457897560e-01
-4.519907656146828767e-01
-8.885228951905510542e-02
-4.872765739755959835e-01
-4.396990321331246676e-01
-4.548294750396948416e-01
1.314289111561324219e-01
9.318042870272618128e-01
7.634058713584357392e-03
2.315459438790217206e-01
7.025402445475141811e-01
-1.434378626139929391e-01
-3.619682485213606693e-01
5.893136453498046823e-01
-5.354389349411905474e-01
9.672158092949789676e-02
-1.457892889887557608e-01
3.895184849958963635e-01
-1.691424635855780512e-01
-5.632199912483655257e-01
6.124759944599580397e-01
3.759455071539750115e-01
2.675679110624791246e-01
3.104706686801737003e-01
-3.308110023398691535e-01
-2.752878477813220925e-01
-7.977063431116637737e-01
-9.866156964876637847e-01
4.231102852326011909e-01
-6.700884632377452910e-01
8.422123643377521507e-01
9.416681289454524872e-01
8.491474915089927133e-01
-9.405564757822186817e-01
-9.978720824339963880e-01
-8.352106934443637165e-02
-7.432676643644926529e-01
-9.899218144413826082e-01
6.338477711900709632e-01
-6.049317834557768059e-01
-8.146351244740179798e-01
-9.374802722512982633e-01
4.211426828352571317e-01
2.588726337551132684e-01
-1.840073410307239143e-01
-6.713654876113808179e-01
1.903152488570352130e-01
6.499423491954403609e-01
-3.197134470798124184e-02
6.533769396712627575e-01
-6.608977233899580028e-01
-9.690296466080743354e-01
-1.783974182715923895e-01
-2.269237488118289736e-01
4.839753453064776778e-02
-5.026725938532916604e-01
7.128672631166790286e-01
9.905319376427814682e-01
4.789736427532798047e-01
3.278769360336346583e-01
3.197900537270701449e-01
2.025819976335472283e-01
1.899682358556151751e-01
6.815004023154012103e-01
-4.221367398268278670e-01
-1.641036133228945815e-02
7.869382189006177697e-01
2.950912318068861229e-01
-3.547367464695649897e-01
1.578302386573913196e-01
-2.166480279067892756e-01
-4.305955077974170653e-01
4.288439962734837962e-01
-1.961617424958175260e-01
-9.846882800042600081e-01
6.095122108276584960e-02
-5.091833913432024517e-01
-8.053958314413034447e-01
-8.788481900096334343e-02
-6.068942189440973412e-01
9.281309880648735966e-01
-2.423272385380181859e-02
4.889612155236984226e-01
9.596818864207583566e-01
-8.462572430592705253e-01
-9.183228043500779592e-02
-9.019861009368683735e-01
6.595245751810698831e-01
4.242677816895290555e-01
9.048954125739028242e-02
3.339582213610956529e-01
-5.795509596968051458e-01
-1.414146975048335975e-01
2.611812204450072450e-01
-9.218808588921745262e-01
7.795009172479878679e-01
-5.893918891021765472e-01
-5.723228601068903743e-01
2.478564379665511019e-01
7.077414289470804754e-01
-7.522955875410424209e-01
6.613373795437447189e-01
-5.683144035544263062e-02
8.239256942461792299e-01
-7.977063431116637737e-01
9.599784748136186430e-02
-7.570726224831196838e-01
1.814648499436324336e-01
-1.440809499678572525e-01
4.933127045172043257e-01
3.237137707405066678e-01
-9.202892246491911621e-02
-9.361365377740114013e-01
-6.097895471898235886e-01
1.916562415881555292e-01
7.215231835568760577e-01
1.208979030883123862e-01
4.556267539587479654e-01
-1.736123868837287088e-01
-8.586582755869418548e-01
-7.009935334609669333e-01
4.794157513390671088e-01
9.294788406046161633e-02
1.748347526580982247e-01
-3.387294539350902411e-01
-3.134177620583642465e-01
5.728316421992680763e-01
-1.015849731258628985e-01
-1.611686236606868494e-01
-7.418966038093803839e-01
5.814832628275599102e-01
7.854328551314126994e-01
7.954901574639117179e-02
9.735146733491362170e-01
-7.652172423640943855e-01
-2.540333952983491184e-01
-2.343516396736817775e-01
7.355607891305331325e-01
8.371675960540903016e-01
-6.747036944215671905e-01
-3.143280362131124495e-01
-2.563098793793543440e-01
9.091268470093838427e-01
7.541090551692701816e-01
-6.490100430595877601e-01
2.609227181055961964e-02
5.742571422710460727e-01
2.376562065302834093e-01
-6.632200653152611203e-01
3.995391275965201050e-01
1.934551133552762092e-01
-6.831322304950215862e-01
4.310404130881295703e-01
-9.698387502246397229e-01
-2.287170037062251637e-01
9.671613425884411086e-01
-2.888470184682234709e-02
1.994648406516272843e-01
9.786152766206024367e-01
-9.130124340989056453e-01
-7.622682955019608464e-01
5.104265288190892313e-01
5.160588246673250001e-01
-1.547300990739546300e-01
1.440591357683513873e-01
9.668875516413757421e-01
3.281232383191339252e-01
-9.383977381585661970e-01
8.361054755783334791e-01
9.417851903936493851e-01
-7.418230673614578663e-02
1.460887655040203903e-01
-3.065720318022031599e-01
-5.770281600610267514e-01
4.411914472267104426e-01
-2.175382166473394108e-01
2.156776635598458558e-01
6.334381016893593230e-01
8.356960186144906100e-01
-3.146054630138259700e-01
1.577724447872157487e-01
-1.929639203948831927e-01
-3.746914385047237506e-01
5.546067912145877798e-01
2.246891520700899925e-01
-7.104005780751054822e-01
-1.929189310251056000e-02
1.096466949299610416e-01
-3.784920946004315390e-01
1.056644261803263429e-01
-2.584685544400415758e-01
-7.576695625463016892e-01
3.816214468932150883e-01
-9.898181314363481142e-01
1.783600590531966290e-01
5.119490822044092670e-01
-5.202865737786794842e-01
8.712504250215729051e-01
-9.994272298832740375e-01
2.057388375762270183e-01
9.770285924959565271e-01
8.439754492443232170e-01
-5.233833842551638416e-01
3.237137707405066678e-01
2.099864259793295940e-01
6.261210619332489014e-01
2.359361324688675765e-01
-8.976157552220591640e-01
3.657522943062627707e-01
-1.827324573570356936e-01
4.952885895132497218e-02
1.974790783905695513e-01
1.508804100625227296e-01
8.515705311012697898e-01
9.342520369539044633e-01
-4.248021491309941222e-01
4.088352833582193924e-01
-3.293760242276166927e-02
-8.238903265692225641e-01
-9.692821963749989056e-01
-7.540445755995690558e-01
-6.675708630577703584e-01
7.238383393097487239e-01
4.083677161591507954e-01
-3.092410808160275248e-01
9.557564545439656278e-02
