-1.607809956992994338e-01
1.193620641008450445e+00
-4.595009858705775274e-01
-2.563401715136405912e+00
-4.676224930878187802e-01
-9.006640310256401882e-01
-5.816036551734855564e-01
-2.422482796738649746e-01
3.272618535010678453e-01
2.347615202165642123e-01
9.722182344290150047e-01
1.612111965886973697e-01
2.742446628393854224e-01
3.122798105203279384e-01
-3.316233084992693758e+00
2.437418166358640281e-01
-4.167660886652995167e-01
1.314197799605051120e+00
-7.060035429741120527e-01
-7.275818421596802477e-01
-1.365042682504230331e+00
-1.231168001872148254e-01
9.594555849275299142e-01
-7.941769114846746191e-01
2.170270387721398020e-01
-5.007673929930405166e-01
-2.746921246257773008e-01
-7.369559355325686623e-01
-1.196715438212684779e+00
6.274175423789556394e-01
5.597711872457920013e-01
7.190210796196118137e-01
-5.960039256819649189e-01
4.341860711128583961e-02
-1.776362041487862253e-01
1.456084590276689461e-01
6.866776557369737022e-01
4.992598884146398630e-01
-6.027517627483445217e-01
-6.334740729301823192e-01
4.016976609113851460e-01
-2.489589121368310565e+00
2.814071585677933030e+00
6.776201019225688293e-01
-1.828024908112111824e+00
-8.070300514551864701e-01
-5.028352906336213124e-01
-2.158248242503497671e+00
2.225061953258392844e+00
9.042493622465291869e-02
-1.038544992691768698e+00
-1.606178050248804778e+00
-1.398797165502165596e+00
-2.975788878718347297e-01
6.566200892103912778e-03
-1.680719184706588099e+00
-5.439402162745197167e-01
8.485786125426793003e-01
-7.248451639757790277e-01
2.100036863687674504e+00
-7.953886123849085443e-02
1.880254966746062406e+00
1.243157812215447411e+00
8.857673255781155497e-01
-1.089140468151923669e+00
-3.169042132457895455e-01
4.897843622418960319e-01
-2.419430671933860966e-01
-1.185312715391960037e+00
6.694003273228854578e-01
1.614947541707526746e+00
-1.751262148075886982e+00
-7.863666896426348141e-02
5.020299833500969200e+00
7.376448175088736736e-01
-9.326765343001708342e-01
2.174273873276717506e+00
5.588541125028052559e-01
2.385247236347008748e+00
3.318638867221961331e-01
-2.188303761945088688e+00
6.962128078652227714e-01
-2.141071401260770557e+00
-7.383179432186399715e-01
5.401720491588093420e-01
-2.630098484492971789e+00
-1.081116996638001315e-01
1.996347631952854362e+00
3.214339489529174365e-01
-1.616961152151545900e+00
2.944000932006947679e-01
3.322759639407259602e+00
6.004135416266171976e-01
3.320208236708992455e-01
-8.553200890505033849e-01
-7.218027876323913627e-01
2.214591438599267548e+00
9.825134199304115246e-01
-6.279948171145599556e-01
-2.038165217882764502e+00
-2.588760778590586398e+00
7.418717121976385886e-01
-1.842833715755163526e+00
-1.946380804422737532e+00
-1.675667201067423395e+00
7.743418107696597996e-01
-2.515368178794687992e-01
-9.622343827405452910e-01
-2.276286577285770996e-01
-6.890109732162517098e-01
1.440674814403934967e-01
7.141118828242433159e-01
-1.386295404644537488e+00
-1.356000252201106981e+00
1.381214742350252989e-01
-3.322217734687887836e-01
3.920534991996795782e-01
1.573202599506402510e-01
-2.112397208773361346e+00
-2.956218219457872110e+00
3.210022411149951460e-01
1.911989972131910021e-01
1.173517818686436787e+00
2.282352240475014948e+00
-1.143303528247171075e+00
1.996994988123915959e+00
2.541465572135384043e+00
3.795546801046716823e+00
6.774989820474781599e-01
5.297467216147120350e-01
-2.292211703439860582e+00
-1.862126473543136429e-01
1.629283025642067395e+00
1.144400663570073196e+00
1.517852726438282396e-01
-2.477780275189856773e+00
9.212091358608227587e-01
2.431205728294543622e+00
-1.389013848010471897e+00
1.656789279972224804e+00
5.162788202192233333e-01
-8.460507806576402778e-01
-1.644676233887510941e+00
5.120076827972850353e-01
1.781679955854178043e+00
-1.218792375819843343e+00
3.931619219113436925e-01
-9.885370470069225757e-01
5.191834954283890413e-01
1.993155029533987821e-01
4.073557862586096867e-01
2.450729258043811143e+00
2.385369235225951456e-01
-2.052436054652459596e+00
3.626393255822175227e-02
2.343935138684705155e-01
3.690566306142884390e+00
-8.797398882908653572e-01
6.017905266084069282e-01
-1.426204503093460474e+00
-1.099517788774925453e+00
5.321160748173089372e-01
2.755029747074291713e+00
1.757665415926421337e+00
7.873611515569449715e-01
3.289185048799994515e+00
-4.826633703653258056e-01
-2.451325168157755030e+00
-6.846347444391774895e-01
-1.245811879663208721e+00
-7.513199024804573245e-01
4.952598630621245501e-01
1.073922774075059872e+00
-1.374582876891444760e+00
1.310004447543850148e+00
1.301750477464302280e+00
6.853548144932632979e-01
-2.188056965795830422e+00
-1.239232901885408911e+00
-3.982877765857767982e-01
-1.157411910102616792e+00
9.155098010409286058e-01
-1.319219410853067265e+00
5.874424016379165003e-01
-1.214740288264976709e+00
4.405552972775376164e-01
-1.842092151839852532e-02
3.360426631501659323e+00
2.555574239592878216e-01
-1.279338844495609417e-01
-1.002572422445044076e+00
-1.682442267883229370e+00
9.594015891351483916e-01
-8.519473966226008832e-01
1.999849392413997728e+00
9.519430031421862726e-01
-1.075382509324072089e+00
1.689881448924679397e-02
7.040227168194886920e-01
-2.752506333951534323e-01
-1.374457141751598943e+00
5.005688834672821219e-01
-1.360267777843414017e+00
1.507561194169927954e-01
-2.298612757846958843e+00
6.489202395082447339e-01
3.983427622859636585e-02
5.054978536657530608e-01
-2.394871561683512007e-01
-1.106894765315382445e+00
1.060181394974619273e+00
4.884110891665143783e-01
1.312466431665608280e+00
4.362334629290202104e-01
-2.031069259904322521e+00
7.069199724524837247e-01
-1.835832668410231516e+00
-8.798302109847664365e-01
2.811189837834566774e-01
5.821546963976964584e-02
-1.703753411457734401e+00
-1.293112778769706539e+00
1.089229890394592726e+00
5.632601449438957575e-01
-4.528266066107408672e-01
-8.275351895803829683e-01
-1.135172588938052396e+00
-4.201600692144822347e+00
5.647570957691905313e-02
1.660435556603949703e-01
2.851701358967904110e-01
2.068989421846569865e-01
3.743358777296180051e+00
2.154167628447205107e+00
-1.990175261906882209e+00
-5.859865911386348547e-02
1.502149151255606219e-01
-4.935172189941220422e-01
3.885857532844594342e-01
-1.503696784589111379e+00
-2.309327485618670739e-01
8.672242521137065729e-01
8.578525975650572732e-01
1.520505079848036845e-01
-2.539321937092183790e-01
-5.090953360808376793e-01
2.081140661379723422e-01
8.329005757171135116e-01
3.975305590665554334e-01
-3.052550777735360210e+00
-9.285592676193814565e-01
1.108332267156854956e+00
1.775575820067268662e+00
-4.073087550340830365e-01
-2.579100654736878884e+00
-9.277079210054350877e-02
-9.794236470637952552e-01
2.558203654294535667e+00
1.731875221211267357e+00
-1.199504280039875193e+00
3.317762621656907829e-01
-5.227034282352343020e-01
-7.312586848519209148e-02
2.100245176203036301e+00
7.129923292719746453e-01
