-2.852014163952987236e-01
-2.463055132906470934e-01
-7.779172769031896806e-01
1.906769806630426167e-02
-8.684005016221492124e-01
-4.957171984689778821e-01
7.259858984668037252e-01
2.556719424901339188e-01
3.314741783112449269e-01
-3.387155012806486454e-02
-9.856048730170259287e-01
9.064013540976789685e-02
5.895455359271015716e-01
-1.821735645343836030e-01
-5.883249088804269888e-01
-4.385445477328044905e-01
-6.242921333799260619e-01
4.647722679251331535e-02
-5.867605617201487878e-01
-8.365408097319300129e-01
-9.622004475274754665e-01
-2.068615243740370424e-01
6.355071034639132588e-01
1.093285764959079920e-01
8.421246662804218186e-01
-7.733425974833916250e-01
-2.847229838551164072e-01
-5.060173283044615555e-01
6.116537202474936485e-01
1.134199376140341275e-01
7.712199518977134183e-01
8.257339870838658058e-01
8.275194975327977431e-01
-7.817937229551361611e-01
2.561874069106822027e-01
-1.377992649030943539e-01
1.470771713604572817e-01
8.286920321520641064e-01
8.500251735541670683e-01
-9.822790183734841918e-01
3.728270512164255646e-01
-4.718143356611321781e-01
4.297200506273977094e-01
9.513057591682800851e-01
1.875543354605369029e-01
5.360135216457690976e-01
-8.205422286103294383e-01
-3.155710840490253410e-01
7.018475248226858643e-01
8.484634043212231358e-01
6.548774376645871698e-01
-1.613279461459595776e-01
-6.627716061374544498e-01
3.413022648402246340e-01
-1.920569665461273612e-01
2.706278212645851777e-01
-8.093220178971025636e-01
-1.003211684942975079e-01
-6.361282207944243261e-01
-8.162637626379205535e-01
-4.942308891644302538e-01
7.786266403116688384e-01
8.689527358446051952e-01
-3.155645751272064814e-01
-9.966178372996479240e-01
-7.600719905122386155e-01
-4.550860614944987059e-01
-2.381706310456954689e-02
3.622739250455782045e-01
2.978157602783468860e-01
-2.948416263624034084e-01
7.978092209170308813e-01
1.779353545315780494e-01
9.981726155880916718e-01
9.128026661015724574e-01
-4.388640273387607316e-01
-1.490981490769114348e-01
2.449955835473340837e-01
-5.049932452160699192e-02
-8.427507760472050524e-01
2.134839714000871247e-01
2.536758540274075546e-01
-5.685415706368379674e-02
-7.145937070168912886e-01
2.287401180305863591e-01
3.216091622830774543e-01
-9.915777619974723844e-01
5.589549469437291584e-01
7.587020566022890655e-01
-3.170084489842666109e-01
4.750874093566477274e-01
3.677622619885430044e-01
1.009300007854678771e-01
-6.956594782658840348e-01
9.314503023736842025e-01
-8.458195303762439110e-02
4.868806441270943086e-01
-1.509833031985545748e-01
2.431836927365824685e-01
-9.063239318795532906e-01
-6.565449353631898077e-01
-4.247251612225451112e-01
4.050011212277815353e-01
-1.116495182972627731e-01
9.790307550746071286e-01
2.790484289538868179e-01
6.350536846874437202e-01
-8.513529239230572809e-01
8.098338793091706123e-01
3.838406340245426041e-01
8.843009328363331534e-01
7.926067544201527149e-01
-5.292556315622976015e-01
4.981862162294801166e-01
1.901755222528518363e-01
-9.955244075417970517e-01
7.888136428142542567e-01
6.326940672856482539e-01
-3.615698331952761357e-01
4.909907943973550459e-01
7.188843948327787725e-01
-4.041177085746439079e-01
-1.390620316432096271e-01
-5.091787178438942352e-01
8.915902297378552888e-02
4.853860013231627857e-01
-4.829163212932858773e-01
6.763380971413457399e-01
-5.194022306477990014e-01
3.047188922057570970e-01
5.899891352773236619e-01
5.643110584710684385e-01
-6.867075321807178945e-01
-2.031719804939746687e-01
1.498446208724288908e-01
-1.690877468664457872e-01
-2.036739010150836471e-01
-8.368386603647126609e-01
-3.042844815558010119e-01
6.515404176548258430e-01
8.734209348477752766e-01
9.836306400184844367e-01
2.341837551658869643e-01
8.097052512442859395e-03
2.893549134276467427e-01
3.680861766518428446e-02
-5.877496178541510297e-01
2.467627764710764726e-01
3.671490176589378152e-01
5.614271011128288968e-01
7.269650567756420489e-01
-7.791203840902427569e-01
-1.896387704146240694e-03
-8.905801437185869585e-01
-1.024329546126430124e-01
-6.314384495908267336e-01
-7.167942343674698069e-01
7.885577096681251064e-01
7.388574624180945793e-01
6.855215633647926410e-01
8.279799845652944246e-01
7.730482043421997851e-01
3.609102607383749550e-01
-4.988796289231998138e-01
2.313042766102688663e-01
6.101235485256004676e-01
7.596623461410854095e-01
-6.286090067367693379e-01
9.120314431703286928e-01
-2.553999306621232979e-01
1.055020277433480480e-01
3.059527968058668446e-01
9.891717104074526645e-02
2.001948792498444707e-01
6.379524461324679319e-01
2.706231591865977393e-01
9.197331581165015812e-01
7.129590601914437276e-01
-2.658805395305094965e-01
-6.133975603850685410e-01
1.410458797967071298e-01
3.567072934533319639e-01
-2.286081866523212991e-01
7.090020882080825260e-01
-6.055458901010351003e-01
5.517636161818739726e-01
2.807909622728392840e-01
-5.676771006345486814e-01
4.717544458931399731e-01
4.450927462533880163e-01
-1.287523560128986944e-01
5.308587846535171018e-01
-2.519326370268057946e-01
3.312802100426908147e-01
-5.540680151897710015e-01
6.197666372988714922e-01
-4.311809753886743923e-01
5.241606135143417333e-01
-2.306639512760926269e-01
6.178700279684423702e-01
1.204053198370711453e-01
4.528538406859630161e-01
-3.325882858931994424e-01
3.368495919121516913e-01
-1.225658116530479180e-01
-2.478223310798801649e-01
-9.752650694228839345e-01
-5.677117562169844422e-01
8.416409098337129802e-01
-1.176224727611385745e-01
9.267566535265165939e-01
-2.091222898134459385e-03
-5.966471950591178963e-01
2.207594434615016699e-01
-3.474788206272547697e-01
-9.205744157559556662e-01
-9.475633197078043857e-01
1.213876356345877650e-01
3.104584022671084131e-01
6.473950586033661025e-01
8.465289312983623748e-01
9.641633834692158178e-01
6.728884878138976511e-01
4.473949822264928766e-01
1.216008398985866101e-01
-7.869029409996430857e-01
8.129470164882037775e-01
4.572302589074368484e-01
-1.131217508750752554e-01
-4.336464250613325522e-01
8.098338793091706123e-01
8.236503910017083374e-01
6.844152306962953958e-01
-9.742459171315258626e-01
-7.838809090940270785e-01
-7.321534085602612318e-01
5.216612675584049175e-01
-4.253264574104842488e-02
-9.204729473851174237e-01
-6.283037292417203989e-01
-3.838926047996837898e-01
4.822611639504605918e-01
-6.622529935318113292e-01
4.980148427045241188e-01
-7.646966427473502748e-01
6.402048133595334978e-01
-8.513529239230572809e-01
4.087552360143833496e-01
-2.552323371291587151e-02
5.049098911569924741e-01
5.060941061428401166e-01
2.123050117257181402e-01
-4.796133722805655530e-01
-7.507269307453576790e-01
7.683217910743500578e-01
-9.709903138966760050e-01
-6.605732425957002718e-01
-6.672674632803743400e-02
7.926067544201527149e-01
7.538645832442125716e-02
-6.502783825951747865e-01
-3.110133306316265056e-01
6.637262622114592503e-02
9.942909183926862404e-01
-2.795168928357294469e-02
