-9.425407085953607655e-01
7.832915193303757739e-02
-8.979015608131279969e-01
7.989380565705870296e-01
-3.998588083627607759e-01
1.352020564190796748e-01
-2.833646054552414473e-01
-8.607887290344524711e-01
-7.802156966580875430e-01
6.405575526869196068e-01
9.911084815218338395e-01
-6.012936351925768363e-02
2.342987917683891919e-01
3.558592892842180611e-01
-7.498437124455132885e-01
6.270476043945696354e-01
-5.128331763739348848e-01
4.364426122404270192e-01
-4.335511501180300264e-02
-3.106405612927964910e-02
-9.890603325314608618e-01
-5.120520692112939809e-01
-1.861288873540318800e-01
8.019764355667213795e-01
-1.126934844581268802e-01
2.587899090391809764e-03
-7.478670695306843808e-01
1.766088524771671775e-01
1.941402027528877916e-01
-6.981293996785271627e-01
1.098300888105110396e-01
-5.507386015537742985e-01
1.729657106109283582e-02
2.538699003028519474e-01
7.508808124531467509e-01
5.294494742797686282e-01
9.137127734218761788e-01
8.019764355667213795e-01
3.289151954044493564e-01
6.154456079661636547e-01
-4.230922930346754374e-01
-2.069975805244939071e-01
-1.042607652778828609e-01
-6.686681993549439262e-01
-4.950533065061086813e-01
8.738733214582028452e-02
6.661826141643996113e-01
6.341498582046745103e-01
-7.306423229616147985e-01
-3.883606548020985816e-01
-8.241628002261109920e-01
3.461420410765692068e-02
-5.858928059533048405e-01
-9.926231951164075085e-01
6.939978651292224576e-01
7.011234943201212211e-01
-3.527665540635722685e-01
2.744692992583626090e-01
-8.536411579860214704e-01
-3.645776551233110840e-01
-7.667175507588708250e-02
9.539493399943532737e-02
-8.445970099618327342e-01
-2.727771385855823905e-01
-7.800494387029597299e-01
6.341498582046745103e-01
2.254576490959143698e-01
8.706091929146830832e-01
-7.970142354710385568e-02
-6.896553949921382376e-01
-3.148910210095112738e-02
9.504082616817837170e-01
4.674604055997313434e-01
1.766088524771671775e-01
-9.372858505369499049e-01
-4.893213887063896372e-01
-5.390635188621428764e-01
-9.331611367283065839e-01
-6.784207685022161094e-01
-2.255167020250961052e-01
9.504082616817837170e-01
7.828938064388202278e-02
-9.208969349640283575e-01
-8.319113727178744089e-01
-6.183492222642579250e-01
8.842382449297803149e-03
-3.800584303449929813e-01
-5.526997296566469320e-01
9.713113155144650346e-01
5.415489901337051659e-01
-2.824795867106384417e-01
-2.501645945958430595e-02
9.854278562074487713e-01
-3.622307377057998323e-02
-1.051009834269303056e-01
-8.641181283783681000e-01
1.390014781842652258e-01
1.145935418578005738e-01
-4.365441250619148672e-01
-7.213685391646946776e-01
-1.369223648996993337e-01
-6.753328306307802009e-01
1.756718642794932173e-01
-4.950533065061086813e-01
-9.764017156037732015e-01
-7.802156966580875430e-01
-5.429047392963071150e-01
-3.645776551233110840e-01
-1.604216510993938805e-02
4.783651577436396352e-01
-7.543983080691856191e-01
4.963634206316624997e-03
7.496287457138426369e-01
-7.762389933231685912e-01
-8.849994508289291684e-01
9.265649020076880404e-01
-2.036999056683430620e-01
-5.063808558333871002e-01
-7.498437124455132885e-01
-5.120520692112939809e-01
-4.637031420583821451e-01
5.731259769054273256e-01
-2.398364587932826364e-01
8.968755353531123742e-01
-6.121818096875577542e-01
4.936556794058597486e-01
-8.607887290344524711e-01
-9.641179058388011924e-01
2.469336193210147634e-01
9.137127734218761788e-01
4.182468644115087120e-01
1.740513329718462732e-01
5.982091986304365339e-01
-1.968749553753066373e-01
1.451661605264480404e-01
-4.824843724189518124e-01
5.270922349352833436e-01
-2.674486569552327886e-01
2.770431312052450412e-01
-6.576592489119563734e-01
-6.753328306307802009e-01
-3.354065895950069098e-01
9.588798039033723519e-01
-8.641181283783681000e-01
8.322152192156662132e-02
-4.390897642741009577e-01
7.095755529605507483e-01
4.313037794864371666e-01
7.666398714973954309e-01
3.064008201565164846e-01
-7.285929978994425404e-01
-9.740087692542465092e-01
6.739624422455525732e-01
-6.189363176329658600e-01
8.165317080571399266e-01
-1.604216510993938805e-02
2.595413014785037387e-01
3.234811771259054058e-01
-2.888292322748411411e-01
-7.057283691950593241e-01
-6.377238802958564712e-01
-5.573889578653472565e-01
-5.655930026684123924e-01
4.284164749254393278e-02
-1.942134964593320579e-01
-6.031625393427704207e-01
-6.060129883769771464e-01
-1.367648197588049452e-01
9.996691878312271573e-01
-5.464087540326501014e-02
-8.652589550241758243e-01
8.634631145764237736e-01
-9.364566408482093429e-01
-6.551473534827612077e-01
4.422222828152058138e-01
-2.541526972398671091e-01
8.842382449297803149e-03
-8.849994508289291684e-01
8.253224626970621092e-01
-1.771656618151142837e-01
-7.302354633504126724e-02
-7.781343127466542331e-01
-6.010698500089530771e-01
5.294494742797686282e-01
-1.887061471394886336e-01
-7.484277441740496695e-01
-3.458721525694974375e-01
1.740513329718462732e-01
1.825928392580982162e-01
6.174157841431870963e-01
-8.988178196720140178e-01
5.268520598880144234e-02
6.603404183275891626e-01
6.441634684679702350e-01
6.341498582046745103e-01
8.331058759665777025e-02
-1.126934844581268802e-01
-5.504177814323432116e-01
3.822623881493072417e-01
5.982091986304365339e-01
2.852778202983488054e-01
4.248540283634780756e-01
9.712081214441103949e-01
-3.908038034899687929e-01
-4.653860012682999869e-01
1.151832123550780018e-01
6.365396074116125291e-02
3.289151954044493564e-01
6.911933728565413659e-01
-5.152935603491457517e-01
2.331731161930774565e-01
-5.559137106827354291e-01
8.608107606539909806e-01
8.067648736050334612e-01
-9.831452043346258218e-01
-8.319113727178744089e-01
3.931193368616421324e-01
8.847491904956839015e-02
3.822623881493072417e-01
-7.157097379362380440e-01
4.131597393809285368e-01
-4.893213887063896372e-01
7.496287457138426369e-01
9.911084815218338395e-01
3.289151954044493564e-01
-9.372858505369499049e-01
-9.359021773365567842e-01
-2.755216645361024952e-01
-5.917223221397804878e-01
9.504489616727862522e-01
-3.836613924348131199e-01
3.055211341630852395e-01
-7.676275499912601497e-01
9.205943946847647830e-01
3.217460383624042297e-01
-9.372858505369499049e-01
-8.727014628195983725e-02
-9.104622058739075818e-01
8.710272253897228811e-01
-4.653860012682999869e-01
6.951288578772096827e-01
-2.553875158426002212e-01
-4.493672992106323427e-02
8.861148530181999217e-01
-8.213273554779980667e-01
-9.331611367283065839e-01
9.713113155144650346e-01
-1.954393683632105194e-02
-6.698262188233052861e-01
7.944872592946023993e-01
-7.306423229616147985e-01
-5.756992343687354907e-01
3.064008201565164846e-01
-4.335511501180300264e-02
5.257792278365784888e-01
-8.271583101280226558e-01
-1.139819200374672103e-01
3.731741008113398372e-01
2.732311362504533658e-01
-9.604881467893540137e-01
7.229171522265620542e-01
-6.576592489119563734e-01
3.874267129022102019e-02
9.664223316190854174e-01
-2.817799405504644028e-01
