-9.628363787315761257e-01
7.281098356015645034e-01
-9.595124698262844642e-01
-1.562243624570731626e-01
-7.565335993027992867e-01
-8.651445825903647524e-01
-3.793553786586434384e-01
-7.499183316121618148e-01
5.154295651171165726e-01
-9.926848523767812793e-01
4.790912884928315574e-01
2.309008799764276088e-01
-1.107796529237561334e-01
2.183528199389601632e-01
4.337246437412338729e-01
-7.850697005133404627e-01
-5.339797829577510591e-01
-8.165089481194198751e-01
1.980707605135876292e-01
-6.613522258482809058e-01
2.279357152307690537e-01
3.166261750027787869e-01
7.633201769922621782e-01
-4.060463303956707293e-01
-1.852057011805376963e-01
7.057464478143717912e-01
-2.640670755114127299e-01
9.710790879285768895e-02
-4.380086760957146996e-01
8.191155759743584674e-02
1.715441101541090863e-01
8.425250187719361961e-01
-8.768940704150638421e-01
-5.727538270164300727e-02
5.260396451550430896e-02
9.877903888238419583e-01
-1.883218618542659151e-02
-2.564376906525915878e-01
7.717515209919731944e-01
-7.457477046085887462e-01
7.640007554730954276e-01
9.607983847918266651e-01
3.079684536020772523e-01
-5.229751918323211068e-01
-1.533090803348031717e-01
-2.323711158113717090e-02
-8.734331954185332592e-01
-1.384141279167590000e-01
-1.493921903061259382e-01
-8.629562380710664726e-01
7.792353213290961200e-01
2.023190088682158549e-01
9.337864520051510908e-01
9.084016839211448424e-01
9.817701810847860866e-01
2.943565229381179815e-01
-1.331595229378834677e-01
-2.192546425096029150e-01
-5.878682159052257550e-01
4.155241900772599362e-01
6.439990714707020114e-01
2.359327267754041113e-01
-2.636139900743419417e-01
-4.349228209273696688e-01
5.283825630441649768e-01
-4.299071182024327697e-02
-1.638126604326457514e-01
-9.050886514701856900e-01
2.702883684174015588e-01
-8.153319897614310641e-01
-9.987101959544018026e-01
9.373481479222509627e-01
-4.595684185452098003e-01
3.205281044325185569e-01
-2.866673712192648882e-01
-9.313034247298257462e-02
1.835787581416830072e-01
7.133311613404331730e-01
8.242767406256441554e-01
8.257458724863380173e-01
-4.607251765159177115e-01
2.713481847069616482e-01
4.799291600620865239e-01
-9.208643430914351669e-01
5.273622433034130808e-02
-5.494260160976114360e-01
-7.576600035070653050e-01
1.670878240742610377e-01
5.485872872739607775e-01
-5.328793936279698773e-01
-2.673151327472855776e-01
-4.601407542927278271e-01
-5.256207889399582278e-01
2.014562504336925297e-01
7.244125216972661097e-01
1.648456012359345024e-02
9.983571089594218684e-01
-1.091479109106829881e-02
7.269036770150760773e-01
-1.707591406555775126e-01
9.851138385846647250e-01
-1.810812594631083794e-01
2.222173934925073535e-01
9.171468307408590093e-01
3.648556053818186040e-01
-5.236373559791385190e-01
-4.661073631364363035e-01
-1.296914802451250015e-01
3.916345791302855428e-01
9.015627084017634463e-01
-8.628083044719498940e-01
8.158082172832259449e-01
-5.831646811668405039e-01
8.572490036160047566e-01
-9.096472497245255973e-01
3.912229004695224610e-01
-6.237027704330171396e-01
-3.369343231073300693e-01
-7.683112805943719259e-01
-6.649308816894614615e-01
-5.192932763891289216e-01
-3.877379003578897976e-01
3.224941349498133825e-02
-4.273314469277398331e-01
-3.240614755558941518e-01
-6.106976462834665664e-01
1.991104959707548083e-01
5.259768580933257276e-01
-4.357643894629457115e-01
-9.300703687043483381e-01
4.317446383192229398e-01
-7.565867970853381586e-01
-6.982607266715801231e-01
8.666261650891260437e-01
5.674117623110228603e-01
2.988147354071113426e-01
4.664730988586536231e-01
6.230686594052798899e-01
-1.435269271665038371e-01
-7.254505303652087900e-01
-7.971920494070701135e-01
-3.203499977865063020e-01
5.245757720992012541e-01
-2.293319348543045866e-01
-2.389337752176239338e-01
7.747640341362049821e-01
8.094351486688176056e-01
4.128930155793062440e-01
5.209512057434666499e-01
8.099680074366357729e-01
2.544934031309185052e-01
1.513091823229339994e-03
5.117045895041303361e-01
8.343860405030152361e-01
2.159523671253174015e-01
7.708721984686306428e-02
-2.364544632342289177e-01
-1.512226007904455827e-01
-5.752340214175635236e-01
1.600505501043230083e-01
3.183351707846895362e-01
6.660490596743902092e-01
-5.807152588287851636e-01
7.577032844952535928e-01
6.651807247588610306e-01
1.456051531612057026e-02
-4.022122845482969389e-01
-1.693222716865510069e-01
9.487893205897526272e-01
5.167150381678424775e-01
-7.603745964214507769e-01
-4.179322506688190053e-01
-4.235576931749960305e-01
-4.295419121188286393e-01
-6.757706493656590041e-01
9.564481037459158230e-01
9.397366149487649256e-01
4.002124490056100381e-01
8.323000289500523952e-01
-3.031560090232343629e-01
9.285966470029305420e-01
1.975234110446222324e-01
2.501953676605050969e-01
-8.482470522242575584e-01
8.129090026839222993e-01
7.258552073390256432e-01
-5.787298343063351780e-01
-1.431296085840516596e-02
-9.073320294365503358e-01
4.883756577264386500e-02
-2.594801272929709857e-01
9.369687879314059220e-01
-6.028536759609994800e-01
1.561730464846717847e-01
-4.099867194497552880e-01
-4.490265315175450134e-01
9.469075195309408777e-01
2.533529345673701805e-01
4.514869037041120414e-01
7.769548795256209228e-01
-7.045292859003293717e-01
-2.548638331144847946e-02
9.421782201698922776e-01
8.985594419159967927e-01
-2.361616840083331503e-01
-7.309979397935160161e-01
6.699694305249794812e-01
9.729601000387044785e-01
-5.949618069707032220e-01
-1.817231115503530336e-01
-9.458163768394256543e-01
5.048673270394279378e-01
-4.297886790184255457e-01
-3.921446428312733712e-01
-9.460019312665610691e-01
7.286644666870101261e-01
4.973889624290506184e-02
-3.457872395735142046e-01
9.064560227574884888e-01
-7.598093730012918101e-01
-1.423380358667558632e-01
6.406736912365804670e-01
9.222948695232005001e-01
-9.759634318639212047e-01
-2.911339603021916300e-01
3.520826687436000579e-01
2.352240226602742013e-01
-2.481746117180105848e-01
1.085316565860880988e-01
1.179136603129136152e-01
8.095411001342307511e-01
8.703920102675823944e-01
-5.956294370565140550e-01
9.045216588285647230e-01
-4.800431382294652050e-01
2.500598318536395581e-02
-2.074404028862391058e-01
-7.545449911485380134e-01
8.511930651484500565e-01
4.481757717235583804e-01
1.505849960756853179e-01
-4.800391378996955449e-01
4.945102490137722739e-01
-3.243975277424098191e-01
5.032805760980856302e-01
3.898891886714170862e-01
-7.610774013602155108e-01
-5.356822033042798470e-01
3.912229004695224610e-01
8.158082172832259449e-01
-6.236959306363627498e-01
-1.810812594631083794e-01
8.620941131536445923e-01
-1.686076199847506008e-01
7.786526326719620528e-01
-6.305966545316721295e-02
-7.834121452513771455e-01
-2.812616623338279886e-01
7.639669018940384859e-01
-3.160018123404657597e-01
-3.297090098448256512e-01
-1.883218618542659151e-02
-2.220319361168692218e-01
2.421647335840204640e-02
2.579140870449918577e-01
