-6.970567963697893443e-01
-4.850905791155024627e-01
4.882822126791503958e-01
3.021027271776681733e-01
3.712753159020696359e-01
9.255473335021502379e-02
-1.293634587868091046e-01
-6.113027024788724173e-01
-3.279354147593389612e-01
-2.431447624080296244e-02
2.531865874300309738e-01
-6.058457934518537424e-01
3.511624807117854630e-01
9.449566374748370468e-01
-2.048459541757023938e-01
2.443157158473463486e-01
-5.572266770436946626e-01
-2.238159967537016737e-01
9.165531862519471495e-01
-9.795720874824562774e-01
6.770337225245568469e-01
-2.239415913889124532e-01
-6.462739492424018906e-02
9.416492871956900768e-01
-7.321092033371794372e-01
-7.895404752281431904e-01
2.086869385841196856e-01
-3.334863291469991609e-02
-5.304031976595773301e-01
9.912378426789334451e-01
-4.706623194485670680e-02
-3.485627136030666762e-02
-7.959015748452222816e-01
7.484408746654080957e-02
1.846452034825045718e-01
4.978981563607653982e-01
2.242994611889757017e-01
3.923969176039954210e-01
3.076807606952598473e-01
-7.276592235369170325e-01
2.938876248223092347e-01
-5.739688729485803442e-02
-8.390610194856871207e-01
-4.611711152383777268e-01
-2.226858431642932956e-01
-1.226046988643061386e-01
5.877536036131880692e-02
-9.625957112872669530e-01
-7.545769207689052571e-01
4.131827975701896083e-01
-8.427259500906880696e-02
8.400821089989018997e-01
2.763286627118206606e-01
-3.753322334764825907e-01
-9.296813097792615554e-01
2.296311533049739673e-01
-8.606504508379342333e-02
-7.924363909429206210e-01
3.544533127952833595e-01
-7.386392203303249193e-01
2.267467760478159011e-01
2.617508125588430268e-01
-7.315677256846266907e-01
-6.800147219413503752e-01
3.405492808468491006e-01
-3.725661599995797602e-01
8.579174936283802122e-01
3.066901926801459677e-01
9.040713409070306739e-01
2.040422183949353041e-01
3.848597500383243997e-02
-8.070466354482006555e-01
-5.506017373367950718e-01
-1.420432481270095249e-01
6.475950013302014252e-01
-4.235000022272792375e-01
5.129408396409451676e-02
4.605455321097682297e-01
-5.486710896402215987e-01
3.645391093736840560e-01
5.526580856670022524e-01
1.950318207893986244e-01
9.775914854723324332e-01
6.167161032203993809e-01
-4.757213351697135995e-01
1.926642685336443783e-02
6.956915122098819015e-01
9.893313544825674821e-01
-7.249201989019016246e-01
9.648926527209029658e-01
-1.787612121982025126e-01
-6.478513884852632465e-01
-3.761299800764901224e-01
9.108105242191293360e-01
-8.526408291119775829e-01
-1.792144457004269942e-01
2.936026773267101930e-01
2.420261139395787353e-01
9.187038241764660107e-01
-2.802025131063397012e-01
8.573085993211457811e-01
-3.544213328716463440e-01
-3.561387364547297096e-01
7.699611727053568000e-01
2.837883432466574707e-01
-9.005025680720692982e-01
-1.601780218057822225e-01
9.004438934191483224e-01
2.069632853521368165e-01
-3.345653009150297841e-01
5.496537773804721638e-02
-4.488136197511176650e-01
-6.990271666826042285e-01
-8.131034671301569094e-01
-6.232691601551987315e-01
6.552725592155890233e-01
8.896366957490575711e-01
6.361032208526651299e-01
-2.030635560599574063e-01
-9.049817302303171385e-01
7.873137540732579875e-01
-7.984101009175561536e-01
-9.442605640205699036e-01
4.642413231806550300e-01
5.382573789369613504e-01
7.642430640117261476e-01
5.371864536672119605e-01
-9.191321550772071358e-01
-7.420082780650889553e-01
-2.775419357067021586e-02
7.761630097577205678e-01
-6.104392620117540247e-01
8.572423291804798229e-01
-4.385538367505046331e-01
7.326487120635467587e-01
2.098681529898873688e-01
-8.006157957720156926e-01
8.701604850805910729e-02
8.219716661389804280e-01
6.069218629344552696e-02
-6.800116543783600864e-01
9.945616541814892297e-01
-9.383820718620010659e-01
-5.167886596537998312e-01
5.395332913930852570e-01
9.948283054913038548e-01
5.190929391461089892e-01
5.610282095883114550e-01
7.389671582878569733e-01
-6.801728182692645674e-03
-5.283282275891618696e-01
-3.118552582726985545e-01
-5.123290435270753118e-01
-8.670472159681106294e-01
6.252605956887253846e-01
-7.000777793176111707e-01
4.682401452795041941e-01
9.567839020139181638e-01
-2.468541038810707633e-01
5.594745549066288959e-01
-2.529495516827633406e-01
-2.847054432696387583e-01
-9.780882396205772267e-01
-2.533541422485878769e-01
5.398441765320460828e-01
-3.802968001961806177e-01
-6.467267199783721665e-01
2.414712140910173499e-01
-4.715301090264187867e-01
-8.595566524410622744e-01
-1.798624654467828599e-02
-3.962271119329883184e-01
6.672071935721988201e-01
1.045209343748376707e-01
-6.456767763891002598e-01
-3.175219825252606487e-01
-1.901307731790395916e-01
-5.517706734022305159e-01
-6.417656820524999528e-01
-6.876698054089362966e-01
2.720431130275349219e-01
3.860958990210106023e-01
-2.881325249130834987e-01
4.948135697355182661e-01
1.576381411709881775e-01
6.044085534297747309e-01
-5.939019795704214566e-01
7.575120798618053541e-01
4.748383266614164544e-01
9.064765832236254539e-02
8.791446851252049388e-01
-9.773472047239173399e-02
-2.090520527910646464e-01
2.390260511464581406e-02
-7.473396405900276651e-01
-8.581595241992592271e-01
5.053372560496476318e-01
-9.593733404845883328e-01
-4.831806237972480211e-02
-7.503491103449557720e-01
8.354255219701851587e-01
5.992768424275720651e-01
4.940333133035292867e-01
3.762717432571067722e-01
8.375267413100611069e-01
-1.565909725847869360e-02
5.885197873580960692e-01
-5.659114531042648277e-01
-3.769022945004938396e-01
7.368005128253261038e-01
1.530444882767112436e-01
-1.876785517593662078e-01
-7.458968633942841819e-01
2.854982253026694394e-01
-7.103146871036389864e-01
-3.578265648066412119e-01
-9.054247690326502340e-01
5.043878194723161457e-01
1.286289602058063863e-01
-2.013902427204039558e-01
3.548303862308799239e-02
-2.089766147094200832e-01
-6.262547100988102855e-02
-5.896127407168405554e-02
7.244932627253426460e-01
-6.336193786346666634e-02
-8.547325399548373337e-01
6.622283232744219372e-01
1.732061145777590294e-01
-4.177898740529717436e-02
-6.072022349392176555e-01
-4.124482370139368470e-01
4.094491852971484658e-01
8.074874309620829749e-01
-6.653673335128118538e-03
-8.592785492212957621e-01
-7.713042770576237217e-01
-7.316095965081825803e-02
-8.105936957459811687e-01
8.863848985475186737e-01
-9.807889679980519304e-02
-9.852573670211739465e-01
6.037172507820769418e-01
-5.683250171225529002e-01
-1.755797937689742572e-01
-9.601812291928533138e-01
7.057121878412775384e-01
3.863480606577052168e-01
3.725523092164959582e-01
3.444375950784703821e-01
-2.095287874168509923e-01
-8.301505033165295089e-01
6.409613647199650099e-01
-6.604646865701511160e-01
5.978483032495121030e-01
-9.837267992344029821e-01
-6.748983220541613370e-01
6.180705801324792859e-03
-6.196866974511827664e-01
-9.803112804571856298e-01
3.122200035823730069e-01
9.255700229289609560e-02
-4.245188816770610885e-01
5.801483149301782660e-01
-4.653620027420464211e-01
