-2.667799233960598926e+00
-1.683634554633683944e+00
-2.568475411878087478e+00
3.554643526307456280e+00
2.452066266322661114e-01
-8.456536630099733554e-01
2.192984069859241214e-02
1.882786980976099089e+00
-2.119755818287458737e+00
-1.939087381926112741e+00
1.499553572055931205e+00
-3.835939386645679239e+00
-8.840800117917959611e-01
-4.689268077158859072e+00
1.663639071256719504e+00
-1.076814754534068941e+00
9.995736543256166229e-01
-1.131297864537589293e+00
-8.217861048954722136e-04
-9.261956669543149889e-01
-2.552042535907661946e+00
9.338249725984497651e-01
9.194677138664008043e-01
1.367387870375425862e+00
-7.610424648255769142e-01
6.761226998080058781e-01
-1.020136622142246541e+00
9.601198789878551132e-02
1.274084375735492491e-01
2.927634898383690398e+00
1.566801590319732762e+00
-2.498793059306677389e+00
3.909532898268617274e+00
-6.939001721653086374e-01
4.681414040446250091e-01
2.806206404433758461e+00
-1.186155247784245415e+00
1.860375858893747125e+00
1.730336946109907403e+00
2.120165715327024525e-01
-1.737500488398086684e+00
-1.647113869444073675e+00
1.534176896811455748e+00
1.338086299727072603e+00
9.332742900966444211e-01
8.220029016496586127e-01
4.473561596279722608e+00
3.745507578644291513e-02
-8.006033832703666198e-01
4.032042326414350675e-02
-2.402518814616453557e+00
3.010041693700507892e+00
-1.111389462374734238e+00
-1.836237726008722149e+00
-1.691177603904185645e-01
-4.300134319763355251e+00
3.578963627763549482e-01
-1.375794682302613481e+00
-6.605178894767068654e-01
8.237127293316208743e-01
-2.842378109259126262e+00
3.240916670015241419e-01
-3.554864913505936808e-02
-2.365133405505743358e+00
4.192364073693891413e+00
6.290588377647974294e-01
-1.260658767936825519e+00
1.388625332139907798e+00
1.315514566310479916e+00
-9.173335933877623916e+00
-2.523731792092533066e+00
6.488711086587928278e-01
-2.259122294561635158e-01
9.520034519017246677e-02
-2.061592713547214739e+00
1.129470606820652590e+00
-4.578616987785227299e-01
-2.611799856608900683e+00
4.537696045741338224e+00
2.014724538195313830e+00
-2.472794263399456516e-01
-2.460797119373882236e+00
-1.287427385607609942e+00
2.312324912747532740e-02
-3.113578475646559429e+00
-2.235544750291817984e-02
-9.853170582501753483e-01
-9.640155877719855937e-01
1.825670406214191077e+00
-1.482138275607050248e+00
3.702234767165285767e+00
1.947752360832250451e+00
7.870369171571049982e-01
4.830597559434908206e-01
4.553418321161648574e-01
-9.136607480802756420e-01
-1.743252839218244032e+00
-7.176604320393017433e-01
6.437807723882108535e-01
-4.473937809417608547e-01
2.172074993188662262e+00
5.740431568817552233e-01
-5.188344376451594631e-01
2.544609527518986170e+00
9.010840942967976996e-01
-1.221953267551464606e+00
-1.216363788878453089e+00
2.013201124586872837e+00
-2.462958580684712739e+00
3.120021309472047033e+00
1.394702809529252407e+00
9.330074959737865159e-01
-3.120876420042980381e+00
3.806743653107572900e+00
-2.792708160373460480e+00
5.909131468803257015e-01
-7.332594200842861287e-01
-1.667886905265338060e-01
4.585719192534446487e-01
-1.083637893511114392e+00
-1.890492483610044960e+00
1.096714756890334819e+00
2.376074442945722565e-01
1.173049567873260202e+00
2.270384146059413411e+00
1.506640455194174555e+00
2.116380253362365682e+00
-1.442850130165736378e+00
1.274226036303497178e+00
5.872300369072327442e-01
1.889039649352433070e+00
-2.452638642379375344e+00
-6.079960147746353849e-01
1.834270376369171673e+00
-5.791194041651721580e-01
3.203584787760045405e+00
1.073804557571270024e+00
9.868149630754525781e-01
1.525093729416419519e+00
-3.296060353137741039e+00
-1.528481706411023211e+00
-3.485888835333458280e-01
-1.394542377396261301e+00
2.837670067611619107e+00
-1.340386371632671825e+00
-1.347440148647586433e+00
-4.034121723868419274e+00
1.158076381443835956e+00
-1.966506470053597244e+00
-1.889558499198385366e+00
3.600168221535852364e+00
1.668555229934238993e+00
2.232161595140520038e+00
1.655568683460633572e+00
-1.986293152979341059e+00
-7.967898514785201058e-01
-3.132546192018044739e-01
2.647031229798516794e+00
-2.775501925079852050e+00
-1.840028067559384084e+00
-2.045312530766190573e+00
2.188079975589727333e+00
2.019239458383689900e+00
-2.016424269507263833e+00
-3.384776999079877946e+00
-2.942786942981242326e+00
-1.711542962003272716e+00
8.697706129030080557e-01
1.347449708171589045e+00
2.670596872205194927e+00
2.194215318492463318e+00
1.953409956442097251e+00
-2.384501826911336053e-01
-3.678905350391583617e-01
7.957162324440123502e-01
1.774960418690642250e+00
3.233637600430267600e+00
1.359632563873318212e+00
4.177232805538259042e-01
-6.628325745946490599e-01
4.555626698978770150e+00
-4.347189670536841355e+00
3.657999616526922404e-01
-8.983339219111310392e-01
-1.952058204920933404e-01
-1.861252198107727240e+00
1.348929520372391444e+00
-1.170401600194572289e+00
4.306167908634892960e+00
-1.558676549921623078e+00
-7.097485963435142819e-01
-5.998299687660818558e-01
3.335989786785140687e+00
2.524117827251832202e-01
-1.442805068121543410e+00
-1.329757647486520256e-01
2.992725322771428775e+00
-2.420316923395463782e+00
4.111589733893676879e+00
7.390336241301616038e-01
-1.177413668235478550e+00
1.170457182089658987e+00
-4.872903339275609369e-01
-3.172187235634801539e+00
3.246854188442470646e-01
-6.716764706110933680e-01
4.957841768358218104e+00
1.397911784646777011e+00
-1.557271931524484287e-02
-3.213313660682198258e-01
-1.771147361465482684e+00
-2.154004904556133138e+00
9.935081308665760780e-01
2.468609277361667242e+00
3.135446552589197911e+00
3.153579315133789862e-01
-3.351762558946655424e-01
-2.740752287449782498e-01
-1.345649489837505319e+00
-2.324411747105529780e-01
-2.269895024210801804e-01
-3.480263401610485197e+00
-1.571600888599959278e+00
1.343979859231994922e+00
-1.268078499179838836e+00
-3.948759488197409739e-01
4.640431210356644520e+00
1.735070677620168311e+00
2.566655055176659816e-01
1.235876289377199067e-01
-4.543869763018280605e-01
-1.205777596786282269e+00
2.231938192274186772e+00
7.878129873803559891e-01
-5.928353904751050507e+00
3.220142537023207741e+00
1.508112873800004916e-01
4.295879479036599946e+00
2.154333713948614060e-01
-2.470492635266685166e+00
-3.484491160638492069e+00
6.321840836427070620e-01
7.995320955169349375e-01
-5.714519940782657459e-01
2.053631678585054576e+00
-3.423557366446338346e+00
3.370664725436219311e-01
-8.860163724889489334e-01
1.464595359219101889e+00
3.168813232785395728e-01
2.970684764779512932e+00
2.764241636888664644e-01
4.467576451858203512e+00
1.819817318818397478e+00
1.824935886862494971e+00
4.347473559965573386e-01
-6.738593277557386463e-01
8.575600459421153232e-01
2.264334322317336223e+00
3.134672680503201914e+00
9.431975987748327794e-01
2.611182749611206666e-01
2.568654059806958045e+00
1.403631836587209136e+00
-5.020082338383418108e-01
