-5.965270987814275117e-02
-1.521072901614395567e+00
1.094987783838530460e+00
3.366678670450555244e-01
9.339362148711978229e-01
-6.970211866503305265e-01
-2.462956305366348353e-01
-1.149504995235988147e-01
-6.400024297026398745e-01
-1.500614333048979177e+00
2.018278307355122259e+00
7.821993077334876698e-02
-1.915910072071770109e+00
4.017447993203993484e+00
3.694814321047089622e-01
2.964216736356778403e-02
-4.435009037670112342e-01
3.299846872027565770e+00
-2.740212287431906812e-01
-2.566318120148418203e+00
-3.662061835636631346e-01
-2.108370382209142913e-01
-1.337325894914030699e-01
-5.657520303645178217e-01
-1.185754238547915396e+00
-5.841339143639203701e-01
8.564421804693016504e-01
-1.775865952080887045e+00
2.751189757792035451e+00
-1.002328559633225646e+00
4.290842209938236174e+00
1.171251859097515169e-01
-7.430855830843863252e-01
1.507799543305467171e+00
3.022920099769918156e+00
2.058004059445246892e+00
-1.414365097098086554e+00
2.525961771293263602e-01
-1.081033830833972864e-01
2.047022330245873434e-01
2.658820361131818188e+00
-6.268925048382854026e-01
2.537349381593725361e-01
8.065830514002436669e-01
3.404979997109254697e+00
6.600311419221044362e-01
5.957315690428350852e-01
-2.338521525389269939e-03
4.691648200449718420e-01
-9.725145621736381862e-01
-1.460070295694331888e+00
-1.511305756822698410e+00
2.513621257251653862e+00
5.752772496799971602e-01
-3.730416212501481255e+00
-8.780837732306072674e-01
1.607539305581857203e+00
2.637291532002715488e+00
4.399884385403571407e+00
4.144215580025936152e-01
-1.816458360322569465e+00
-1.738281509946371539e+00
-6.304691510217168560e-01
6.157491465849456169e-01
1.020964950714455810e-01
4.945905159409141882e-01
6.732097978206996736e-01
-2.066449086497797183e-01
1.238488556441498023e+00
-2.045092330330977148e+00
-3.818416507749297306e+00
-6.548532277689996794e-01
-2.600885142528922778e+00
-3.670613409542256012e-01
1.837976043636856183e+00
8.211494083948307487e-01
1.057899979793955003e+00
-5.387208366890652300e-01
-8.117404849298714975e-02
-6.344412573495918917e-01
2.947798357541534520e-01
1.074565927147903555e-01
-4.200997153482647906e-01
8.158619845678180549e-02
-1.646202597908172471e+00
-1.261867965668697300e+00
1.241553574471586208e+00
4.803905748596521086e+00
2.196899951785324490e+00
-1.238030023752735520e+00
3.040403440427812409e-01
1.876109368675553224e+00
8.588052114423883054e-02
2.063906885559378956e-01
-1.387801575515327901e+00
-3.482112478053520199e+00
3.258572730880695545e-01
-2.352439067069465928e+00
-6.468614319028676007e-01
-8.509880962792615300e-01
-1.274401185336598186e+00
4.796663035059192670e-01
8.098324164196040176e-01
-1.369293789615504631e+00
-9.864313297944711234e-01
-4.479821027374875086e-02
-5.339295857101138409e-01
1.897525054184192039e-01
1.485116495942552017e+00
-8.679161915757236390e-01
1.702607544687037677e+00
-1.259320045043530900e+00
-1.725861085577283793e+00
3.666688005541295370e-01
-2.138249684198234135e+00
-5.979440160246580760e-01
-9.074159763492800623e-01
-3.918259399737291648e-01
1.017760971864660968e+00
1.497040513061748346e+00
1.341152937867561734e+00
1.735708919910312398e+00
3.472980899858216786e-01
7.683240590465669761e-01
-2.602725090959364884e+00
1.413533097387335902e+00
8.728681513518314894e-01
4.765244381564731846e+00
4.481328997227020938e-01
-2.069189083255618122e-02
-2.227415324876941050e+00
1.267295478254051089e+00
-9.598356957674298862e-01
1.410861974159463017e+00
-8.162617138572458853e-01
-1.622891730088503737e-01
6.946412253935481118e-01
2.248787586811931138e-01
1.587213260457151609e+00
-1.288476884970740866e+00
-7.972427538963584581e-01
-3.183646589126395421e-01
1.202180267468729413e+00
-3.109719584099556844e+00
-2.389985553653761752e+00
-1.567821374877969021e-01
1.395338055807205047e+00
6.118430987698937784e+00
-1.526427353550612320e-01
-1.344174203043474236e+00
3.008894513112722047e-01
-1.307741687037382805e+00
3.620691236483297715e-02
8.385365180273697261e-01
7.068449578759474772e-01
1.013879040605474291e+00
1.741741880160658562e+00
-1.855013475281864332e+00
-1.289078343032564300e+00
1.047257784930494040e+00
-6.596790320963061838e-01
8.942117299258747209e-01
4.885374021266095657e-01
-4.635768190443541048e-01
-5.768306255045501096e-01
2.035317669441031319e-01
-1.060677525104385399e+00
6.975646989638956130e-01
6.072696564541328890e-01
3.096856031242702922e-01
2.902459721296566819e+00
-1.708927947478332099e+00
1.389786017221194214e+00
-1.330616517140521093e+00
-1.810095946008307921e+00
9.297943737190399460e-01
-3.681139466262746129e-01
4.469495994571311970e-01
7.800515501880649349e-01
1.008817698882301245e-01
1.019395578328618379e+00
-1.181881721356079051e+00
1.356698170121505065e+00
-9.604119004431204143e-01
-6.013380751677823710e-01
-8.259194659927457938e-01
2.039361376905767909e+00
6.617451587678184755e-01
1.102740832319827557e+00
6.839606128358882708e-02
-2.471036718331004245e+00
1.259327457900894176e+00
2.234715822309934374e+00
2.158174300405315549e+00
-4.128089907377760492e-01
-4.049671030297102625e+00
1.896161159883792413e+00
1.872765445898941783e+00
-3.362240639463630387e+00
-3.214317651064231840e-01
1.180206228424891535e-01
-1.831502595547759071e+00
-7.712806503988258733e-01
2.053253719214795492e+00
-1.242214053690417486e-01
-1.485138054188809953e+00
7.987860501538905922e-01
-7.850672692198641389e-01
7.105686530149792901e-01
-7.595202689755007341e-01
5.197921869044191956e-01
-2.955515912512529653e-02
3.889944675481824543e-01
3.542670070911333458e-01
-2.399495639608330011e-01
-8.257686456028652255e-01
-9.965817523831317359e-01
-7.340352080194949558e-01
2.040148733031549977e+00
5.210190652994368676e-01
4.524097871570003648e-01
-3.413464147872771637e+00
-1.486454491159463709e+00
-1.353298911550406602e+00
1.427024816012508746e+00
-1.817908425315162280e-02
-8.191277225189950162e-01
1.406364248573142295e-01
-9.271716076081897295e-01
2.305319697076205099e+00
-9.463019226993312216e-01
2.878299420857768354e-01
-7.932927127727105177e-01
2.113064109204162211e+00
-2.593486120548713636e-01
-1.740084761513068790e-01
-1.107919422108576413e+00
-3.486367122837979449e-01
1.108813798205799062e+00
1.464417402152332182e+00
1.567759946253945547e+00
1.826374044187473178e+00
-3.375003187023644102e-01
-1.682085279007805800e+00
-5.969753323780584431e-01
4.973470043583583244e-01
-6.232221560944191108e-01
-1.525207594873532191e+00
5.429556264983095293e-01
-4.853047389644002951e-01
-9.832855208892438137e-02
-2.898175087645649128e+00
4.369590863970949535e+00
-2.109927831551177579e+00
-1.243813308897047776e+00
-4.136186094290944526e-01
-2.149721480477169600e+00
3.439427660767560013e-01
1.356399971571820462e+00
-1.552410472048704193e-01
1.286042486704005006e+00
2.055215009400042092e+00
-1.223129786743084590e+00
3.656395303700028521e-01
-2.522020889556223278e+00
