-4.332279607355398188e-01
-8.620609182773286694e-01
-8.499477113886877433e-02
6.637845692337074333e-02
-4.035885482035639349e-01
-1.188893555154195703e-01
3.061742018293560630e-01
8.946941004552722010e-01
-4.256546449274640764e-01
9.668568810234063893e-01
2.475253506764383271e-01
-1.323995485447015952e-02
-5.855002251496559396e-01
-5.594858811345959637e-02
-7.225702255727504131e-01
4.319625524105319414e-02
-2.578435303974082604e-01
3.036462422621237778e-01
-9.388821353410954362e-01
-5.423556329285961208e-01
-6.807276358516958226e-01
1.432231872641460679e-01
2.667125134238483852e-01
-2.824731208302611041e-01
-3.811625069088544482e-01
-2.184720689897696744e-01
-2.409056124723867320e-01
-9.777390160500505356e-01
-3.422118653199062166e-01
-8.024839006490138704e-01
-3.257472498243938475e-01
-9.002572646963222791e-01
-7.103456558892606854e-01
6.599361727610153494e-02
-9.705361534234475673e-01
-6.490687213971586544e-01
-4.741123472291721708e-01
6.882317784443507946e-01
-3.657731002942519183e-01
-9.766635013226392381e-01
8.382138546164885629e-01
-3.957926271729561574e-01
4.223666513615120799e-01
7.646364998912480448e-01
9.162604708151758093e-01
7.721737570529618733e-01
-1.010390483633021308e-01
1.461875290029275298e-01
-8.436321363047527555e-01
-8.585703876955226299e-01
8.195451820745680571e-01
8.997566782089312376e-01
1.532882356329507978e-01
9.686172950864129216e-01
1.239391791011601462e-01
9.249657581094485881e-01
-4.138620518462645670e-01
2.946753187196968771e-01
-9.325823331201392730e-01
-4.226519803725348190e-02
-6.132765846949936872e-01
-5.342271709853956274e-01
-9.799226721939624518e-01
3.934515827642595109e-01
9.347368790730514743e-01
6.290595686794977492e-01
-8.622317032780928425e-01
4.161683211073636812e-01
-3.546957306877807081e-01
-5.851588640769822547e-02
-9.860021327895043264e-01
-5.671835984424478116e-01
4.210996177030703613e-01
-8.564320988168594440e-02
8.093650982100821789e-01
-4.676792349306366781e-01
-3.124110611463810638e-01
6.347238602653408890e-01
-1.790985776835838372e-01
-1.727466683402127945e-01
3.638047917238940165e-01
6.759514634637877606e-01
9.565208810959580088e-01
3.243227515151816398e-01
-6.511974843839760663e-01
6.292635846496426044e-01
-9.274146316191678174e-01
-3.622406632181360830e-01
3.476317257689887086e-01
-1.075431982610084436e-01
-6.660687276929422307e-01
-1.193164497088392562e-01
3.223341728088604530e-01
-2.647164614826214013e-02
-2.677325141786806029e-01
-4.402089517724010470e-01
8.783602571396733616e-01
1.232560703489740117e-01
1.518567185706944933e-01
3.443099781104359547e-01
2.919009428716123900e-02
7.124374147866174845e-01
5.512024559477606278e-01
-2.417162968180990301e-01
-2.382130550210759257e-01
9.589251043999835744e-01
-7.323729822898055186e-01
-2.699527736438087633e-01
-1.872735920423218570e-01
6.689531796211685144e-01
1.302537100450897878e-01
-5.365959929360415437e-01
-9.082003536069369609e-01
-3.596395447146449875e-02
-5.535005648803676959e-01
-2.368120331286829305e-01
7.642034782691990991e-01
3.891145215536158108e-01
5.165378020060504838e-01
9.412671437557622589e-01
3.066167674510866803e-02
7.124377125640268815e-02
2.387980278712349413e-01
-4.729507516235917919e-01
-8.513243161024537375e-01
6.841659923745038174e-01
9.967726936289980078e-01
-5.793063355762810840e-01
3.651294538833897985e-01
7.778117105083650618e-01
7.920080369557116473e-01
-4.025984631916899037e-01
-9.082003536069369609e-01
2.620963307054189340e-01
-5.166302126892832192e-01
8.272693705528932906e-01
4.682927856533753985e-01
-2.094782898754448119e-01
-3.209481657619057682e-01
-2.206123115067770701e-01
5.578257849083740894e-01
-9.454535592343149553e-01
7.293335275235084403e-01
-8.011913701923201181e-02
-2.417162968180990301e-01
3.689908842683480295e-01
8.677985122707887466e-01
-5.915769222124172000e-01
2.809377193839868170e-02
-1.767776413613240116e-01
3.476317257689887086e-01
4.210996177030703613e-01
-6.660687276929422307e-01
9.337785173972195096e-01
-5.845439417395177362e-01
1.561891380783217986e-01
7.134277591301576571e-01
-8.338722193505210267e-01
4.305351692633934135e-01
-4.561115809642415364e-01
4.937339928555015689e-01
9.810384443235318219e-01
9.906652758792824365e-01
-7.883123782173675487e-01
-7.665518367084023232e-01
8.762640493543563114e-01
-5.574003231711019968e-01
-3.307997979082388795e-01
7.830688536210355100e-01
-3.647347124834579013e-01
-5.317805061355445062e-01
8.915225192723030823e-01
-6.823224816699966500e-01
5.013596824792221351e-01
5.883332871483697435e-01
-6.231548977770533515e-01
3.430539875892109070e-01
-6.877791139172160229e-01
7.103722287399245605e-01
6.178763983017803163e-01
3.352731198815079861e-01
-9.142033807189779981e-01
5.478186147740315981e-01
6.632077710972910101e-01
7.054085200354067720e-01
9.523377330322266854e-01
-8.128470889929830800e-01
-8.447315190446103017e-01
-6.478077256727694522e-01
9.582828689352755891e-01
-9.152347839111798500e-01
-1.589659157075165030e-01
4.371461960427056592e-01
4.276000975591025544e-01
-5.803109529285197521e-01
8.986061178729278787e-01
-3.124110611463810638e-01
4.086765574376431953e-01
-9.980906624193572885e-01
-8.912319153424475004e-01
-5.819522520029600798e-01
4.161683211073636812e-01
6.636741321271359961e-01
5.992548586835269031e-01
-7.741759507869094836e-01
4.461164176951761817e-01
-7.390571735620090621e-01
-4.561295837328094294e-02
2.378749399635311512e-01
-2.149564656054869793e-02
8.711153445812815921e-01
-6.185275124950015968e-01
8.452683036790373805e-01
-8.983153104732435335e-01
7.129039308803299946e-01
-5.802385244776153694e-01
2.603471348526225082e-01
-4.658463238011947283e-01
-1.872735920423218570e-01
-7.794460466874155724e-01
-6.616881446630513697e-01
-8.382509383013028170e-01
-9.629629751045074570e-01
5.277694660452691977e-02
6.460010896376486844e-01
-5.843391903818804245e-01
-6.866762878157071093e-01
-1.408051551913642729e-01
-3.532196166570953366e-01
1.670898562976248503e-01
-5.362418182860972937e-01
9.329110616068372330e-01
2.807427167695204506e-01
9.202104755247766388e-01
-1.577460310125669007e-01
-7.800741118379601602e-01
-4.729507516235917919e-01
3.221837839472661003e-01
5.431168083823065817e-01
-8.666020805414038630e-01
2.349986671044297371e-01
2.984890866782101693e-01
3.685795849070183650e-01
5.326374833897478123e-01
3.734542779162071113e-01
4.482025043899868777e-01
5.902010470233762796e-01
4.950822245849455516e-01
1.765378929308207834e-01
7.778117105083650618e-01
-9.164072758350925163e-01
2.997978900642626066e-01
8.180281988370938784e-01
-2.382130550210759257e-01
-2.657724766209696998e-01
4.635270239101902945e-01
8.275784194338295929e-01
-8.300214719200846858e-01
-1.558899943228440055e-01
-3.063009049801892481e-01
-3.863267815919537718e-01
-4.676792349306366781e-01
-6.511974843839760663e-01
9.340810649483171080e-01
-1.520399185877416848e-01
