6.576859301670598956e-01
3.893815665141349136e-01
-4.410068297336044996e-01
8.369450625275500766e-01
-8.224933138976411318e-01
4.174550635083289496e-01
4.276281805953994208e-01
-4.083046013018278853e-01
-9.673764730640921350e-02
5.719232449971531906e-01
6.220444395157600503e-01
9.123528759914876218e-01
-8.932981195990314927e-01
9.789927771532804801e-01
-2.879924470502646106e-01
-3.849991443932943014e-02
9.852008710788142665e-01
3.737553021817638932e-01
-8.634680606331763819e-01
5.260124882465078144e-03
6.537187776704782571e-01
-7.958123209843082080e-02
-8.488707744702355118e-01
-3.543656926954374953e-02
-4.541436897693293950e-01
1.108364841344247065e-01
-5.722599309119431599e-01
6.338685681067040001e-01
-6.742625130343480322e-01
-2.581397853592715119e-01
-9.729086331431830992e-01
3.990787091234999640e-01
-3.516752524206856467e-01
-6.575021135739129718e-01
-8.376588108780378406e-01
-7.804034684510310349e-01
2.841561939999506237e-01
4.683084295353412418e-01
8.275824411820820181e-02
6.721236265472840810e-01
-4.965278350568200771e-01
6.174459691080886881e-01
6.502838758039883871e-01
3.577432071708563921e-01
7.998507578391453876e-01
-4.761850505275895262e-01
-5.303764203836005553e-01
4.904292462212664905e-01
1.331884781155645570e-03
7.253799213552063474e-01
9.438500282827610999e-01
3.339343146109612359e-01
-4.466707542984995616e-01
-9.482529415980740506e-01
-8.748040199711588638e-01
7.650901029434729050e-01
-5.821404221333299489e-01
6.447503183400273841e-01
-8.560799275590060819e-01
-6.309138481612173166e-01
1.560912343004514646e-01
7.114447311877858393e-01
6.436389813199658860e-01
2.481200615183474234e-01
-5.637161976043114642e-01
7.262453183781616417e-01
6.518288556752491747e-01
-9.305985875822029296e-01
-6.860120073324642576e-01
-4.581772382183830761e-01
-1.309211114766140049e-02
-7.831343098405163516e-02
1.017282303819841971e-01
1.143524112577365415e-02
6.441350067037945326e-01
5.245537676906806279e-01
6.585742283272943975e-01
4.981814748256441217e-01
5.945728651854929048e-01
8.316575448919130142e-01
1.502968385804399620e-01
8.138003931573938310e-01
6.814391563155266507e-01
7.033909343478157439e-01
-4.191532440109120294e-01
-1.618515949953571731e-01
-8.865868962684961829e-01
1.612606399617388941e-01
5.153277293460878372e-01
-5.501586435792480412e-01
8.850640983310624765e-01
3.019796218372943208e-01
5.632971205946664117e-01
4.002325274383700116e-01
-8.197826108642469745e-01
-9.048258656977528069e-01
-9.599885008890078897e-01
4.087747010588858032e-01
6.410691926652456463e-01
-8.835670865170137667e-01
1.299410103724796262e-01
-5.806647508244209277e-01
-1.505514626274049306e-01
7.423616139655324631e-01
3.892162654287241175e-01
-9.595604226847385121e-01
-1.880874038158744099e-01
-8.783315101068980280e-01
-1.649450522480433445e-01
-8.659372013867616680e-02
-8.077135705883426997e-01
-2.462160077410338044e-01
-3.336731109563200182e-01
-7.730295223242666935e-01
-1.529465993691043746e-01
8.339823434162776383e-01
1.131963371798849760e-01
-5.239645010227753641e-01
7.704927599276483186e-01
-5.017022719110220130e-01
8.450760054433645863e-01
-6.716428782552794630e-01
-2.322857188460702993e-02
-1.628474702320894529e-01
6.777615763805224791e-01
5.898367567375943921e-01
-5.722335862360201642e-01
-5.802142707228910012e-01
-1.430907775640652968e-01
5.741999590921003094e-01
-3.155141764105937607e-01
4.202452479115650341e-01
7.153527713237852748e-01
-7.998280818721892338e-02
-3.676154777759517156e-01
-8.581888101507448852e-01
-8.840202887563686218e-01
-3.671838311384854059e-01
2.147469261272985097e-01
-2.387969032181946893e-02
8.005465842741237292e-01
6.404624657938451371e-01
4.141304510515788628e-01
7.729529953328029279e-01
2.771659104413712882e-01
-9.674626580273359977e-02
-8.741848212770479964e-01
3.537306797421517768e-01
5.659969148575043629e-01
-2.016180731250387659e-01
-4.888972270317959445e-01
7.277970666055988413e-01
-9.022603767603434299e-01
6.391200697681389542e-01
-5.715005601838549776e-01
-7.046217365620592865e-01
-5.911471548016415944e-01
-3.101273235209514034e-01
7.142276426133624678e-01
7.150201320127766991e-01
-6.390069987763471460e-01
4.163711852447944395e-01
8.242028631341500322e-01
6.678259928255538824e-01
4.587354754187717987e-01
3.172171394411673617e-01
-5.996863379155767948e-01
-9.561736298989711447e-01
4.080986276457774231e-01
-7.784728640307219116e-01
-5.020388593695650492e-01
6.097008573603768244e-01
1.695137193169362622e-01
2.381230095793722690e-01
2.896122941392080818e-01
2.761031246278471407e-01
6.251086733133788265e-01
-8.215818502087108843e-01
5.329156317019978495e-02
8.333948758944516033e-01
6.576644703419602944e-01
3.192132313610316352e-01
2.058864783994933667e-01
2.981709583771798844e-01
-3.727388998948359955e-01
8.017679099436114676e-01
-6.084457683000994432e-01
4.413967381005914348e-01
-5.112424854705865940e-02
-7.983937350677043909e-01
6.140748687684418616e-01
1.681213423273550944e-01
1.271110509881510087e-01
7.212856975218078226e-01
4.607288668831004408e-01
-6.912365945673593082e-02
-6.493323278774782992e-01
-4.737796641157558941e-01
8.855063295978093940e-01
5.502919638171710481e-02
9.547516930653492384e-01
4.308496797378511545e-01
3.190550587632365875e-01
3.748813290119035191e-01
5.434809400217750497e-01
3.172823990800359706e-01
2.086207198084120140e-01
7.011432191381647971e-01
1.197058047499099942e-02
-8.555360554873083778e-01
-6.259618341055088742e-01
-8.049370867052216827e-01
-3.772811602300134570e-01
3.931481799969598345e-01
-7.785575712300141227e-02
-9.045848379947192264e-01
9.695111025494140833e-02
9.719604551012712701e-01
-2.118171289730597096e-01
7.312366056555914540e-01
-6.396771924415891597e-01
-6.344589157109437050e-01
-4.780177279004558244e-01
-5.373980819102848194e-01
-6.912349790212370948e-01
7.090906199268864896e-01
2.879566296073960974e-01
5.579816526434622226e-01
4.162407331941797572e-01
1.667878281943935281e-01
8.326370623778300839e-02
7.799311645694630979e-01
-5.294381381901434036e-01
2.685505802872867331e-01
-2.269981043055331327e-01
-7.497487500597348475e-01
-8.491324369538277850e-01
4.471731886865488725e-01
-5.903625981907059117e-01
1.123960768972753765e-01
5.276719993074996395e-01
-2.380363619022081156e-01
9.727747288701951156e-01
9.667554921247614175e-01
-7.521909258137984278e-01
7.132757684571666701e-03
-7.550136174177886073e-01
5.382945706830053467e-01
5.935166699940901402e-01
4.220745828654615117e-02
-5.015848952850632259e-01
-7.978328130099809901e-01
-3.040743228556379574e-01
2.994204009392933408e-01
5.038940363322765847e-01
-7.219781600014962830e-01
-6.455370400153224164e-01
5.563327846927612619e-01
1.264475052706917069e-01
3.522199220165720401e-01
-6.402490189340728222e-01
-9.090402463288071999e-01
-3.060661685319887582e-01
-5.090972313732640142e-01
5.408270950913147690e-01
