2.445265190936788180e+00
9.633193357860948547e-01
-4.124025606015018219e-01
-4.042287582089028053e-01
3.940014447032657019e-01
-7.813202817845471548e-01
1.234393284093610710e+00
-1.257579320899469888e+00
-6.304465929387819134e-01
2.651067399813650916e+00
-2.478589309113259809e+00
-1.091409824486872404e+00
2.649996720054041521e+00
-1.132750364260032505e+00
-9.761883927613954626e-01
1.051679777295188023e-01
-2.501644613792120442e+00
3.030044408178509396e-01
1.750280014557555219e+00
1.254343092189361686e+00
1.461153987479314686e+00
-1.314314629481457608e+00
-2.546500688933621692e-01
2.647144102892518447e+00
-6.859235073692340201e-01
-3.182425741054606405e-02
2.359179322798631517e+00
1.600325315079877131e-01
-2.539406389890077165e+00
-1.052663017344660945e+00
-1.164117194340581474e-01
-2.369004815427367294e+00
1.640061460720104725e+00
-1.759190857175643607e+00
9.218343882159324432e-02
-3.100820189373671987e-01
1.378937737123204332e+00
-3.794035381309374122e-01
2.679991532964490109e+00
-1.542739633648340547e+00
9.247035666577634316e-01
1.538541169056196312e+00
-2.303841263508057846e+00
-9.299352094440460625e-01
3.902982664963361437e-01
1.899772489195442837e+00
-1.231979570065727669e+00
-9.852477968159498722e-01
-6.921625441371215270e-01
1.278953802744176693e+00
-8.953955846760212056e-01
6.979947123481553550e-01
-2.125343971910479191e+00
3.895211209115518880e-01
-1.931152887483121194e+00
1.591700615349240344e+00
-2.999913145686638138e+00
1.128101589748118916e-01
-1.253439704902568064e-01
-7.009787746362191596e-01
-1.089578878592885935e+00
-8.490962872090418445e-01
-3.492884137135503497e-01
-1.783012890535086381e+00
1.381633430960007347e+00
-1.422583143472274214e+00
-9.711619859931014398e-02
5.498091635578586933e-01
7.016628139038822987e-01
4.584732473280529463e-01
-9.175638797403482538e-01
-4.255012319022039025e-01
-7.848699096322272473e-01
1.153637145566358102e+00
1.297963206370713829e+00
8.486924133481237309e-01
-1.759806168292229467e+00
7.869363378716016655e-01
9.508344507110442212e-01
-1.508076725017248432e+00
1.020381126473202560e+00
1.950514150927762147e+00
2.392895432171108006e+00
-7.596940145987749471e-01
-1.705922046359260369e+00
5.999035914669062497e-02
-9.993469500333749256e-01
1.476103888844446876e+00
3.689835132553274111e-01
-3.670785821270672322e-03
2.573985673481113956e+00
-1.017918159845973003e+00
-4.578959818839897777e-01
8.290753427402810516e-01
-1.500086651408115923e+00
-7.783226943166605682e-01
-4.484180328112703506e-01
-2.460210269605593858e-01
-5.004138349705777866e-01
-6.622546478368301903e-01
1.614028133309473034e-01
-1.322335513739951729e+00
-1.076981868192447012e+00
3.704907502101514316e-01
-1.212430619267717669e+00
1.709770084126065015e+00
6.738504338900992430e-01
-1.021744364029965713e+00
-1.354610719683976727e+00
-4.736525277111793275e-01
5.152699049070776083e-02
6.799642793146989384e-01
3.129407260633816357e-01
-2.350672290183071667e+00
8.158904491642623436e-01
1.507261733759542865e+00
-5.039793678842476865e-01
7.574411596544987635e-01
8.476983226129882754e-01
-5.745976173750855232e-01
-1.592750289018995291e+00
-1.816286031612784901e+00
2.167801552622664607e-01
-3.248274541678856098e-01
-9.092773913941206709e-01
-4.747545700962123583e-01
-2.954418991444700271e-02
-2.331911990993236206e+00
-6.928879740958580058e-01
1.648226035600145245e+00
-1.084773709802581587e+00
5.493672703318788209e-01
1.208748373299037171e+00
3.384102188070232664e-01
-2.412848103974835290e+00
3.989849593947841777e-02
6.944696592679081570e-01
-1.894019004695930652e+00
-2.377716356452150404e+00
-3.118051250622091430e-01
-1.594551263353269910e-01
1.225096662653959445e-01
6.137174481513087976e-01
-8.566839935477491563e-01
1.224389972317011743e+00
5.642157530193334658e-01
-4.354507477465773491e+00
4.518712840760019667e-02
6.260293946799266873e-01
5.267772621819092338e-01
1.880684090183279977e-01
-3.042144046962587112e-01
-1.162668719880251889e+00
-4.315825268562556438e-02
1.315405665114877110e+00
-8.305634347007400109e-01
2.094427783676455768e-02
3.244957381188113388e+00
1.496567217986345955e-01
-3.928178456067028534e-01
2.247330347983310661e-01
9.753379963982341527e-01
-7.470683754240072805e-01
-5.417913234092858188e-01
-1.821600889880431229e+00
1.970159587043803562e+00
2.261170998223021478e+00
5.946254700427491269e-01
-1.717061528546162119e-01
-6.338940452290127148e-01
7.694367709879782469e-01
1.217800562306723844e+00
-8.310741069892528810e-01
4.969963871037077485e-01
-8.186517920131428649e-01
1.362348897646682655e+00
-2.981211939059458249e-01
8.654318661024644754e-01
-5.977695806529497169e-01
7.495703877728683295e-01
7.018880517974133149e-01
1.230894376112777300e+00
6.142680324017535387e-01
1.867459251380884755e+00
6.533101647938573953e-01
6.680642986168366937e-01
-9.817600977309537402e-01
1.706750200796242067e-01
1.933799042466377571e-02
-2.017231449515929087e-01
-9.265987286905363884e-01
-6.947091882991363043e-02
-3.302376200699711634e-02
-6.302805695322788448e-02
-1.319066378282518492e+00
7.225235124275439791e-01
-8.540586046844272916e-01
3.394961804762739455e-01
6.905124424363378033e-01
1.112797674574103723e+00
-2.724280962146889973e+00
-6.500722674204240104e-01
8.672035236194353125e-02
-6.734422939106328165e-01
-1.981609863799462579e+00
2.915402130535493797e-02
1.771595731021746278e+00
3.639133594403377581e-01
-1.587728167519280031e+00
9.298445014591034674e-01
2.599884071855127488e-01
1.034778421377182900e+00
-9.716112618832257741e-01
2.639706884599709813e+00
2.655307078292524992e+00
-1.313799678547351357e+00
7.651579770978631512e-01
-4.068731040183636849e-01
3.607562433635902899e+00
7.526681878973363604e-01
-1.821706663645904722e+00
2.161894285359398094e-01
-2.254693680373178299e+00
-5.093898165496517638e-01
-1.140416348495838506e-01
7.201392847422443122e-01
6.483079568327654307e-01
3.716047920414302652e-01
6.638293296355114448e-01
3.839325221573266500e-01
-9.165649946177558682e-01
-7.045169071648942349e-01
-2.171650346380029351e-01
-5.317483821464273896e-01
3.313843290243776885e+00
-4.784655232077561493e-01
2.306305832287375290e-02
-1.487382989180006665e-01
-6.159811226700033782e-01
4.604901974737336534e-01
1.358800148324270651e+00
-5.270093823771166974e-01
1.063088718974455338e-01
-1.760633148511565160e+00
-9.846373159150956234e-01
-6.884182142064803056e-01
4.985495042265570831e-01
1.914106783479264440e+00
2.187077742394127888e+00
4.193575930596025181e+00
-1.759230842533152650e-01
-2.942339161763551481e+00
-1.989290792154390086e+00
4.173147994342305545e+00
-1.001155056542341937e+00
2.207016499494464323e+00
3.139147029560683144e+00
-1.941300545150709933e+00
5.518740647132226229e+00
1.502436733143211189e-01
-6.129020312682833538e-01
-1.171058986387076395e+00
-2.251966990446260808e-01
-9.276535812408761572e-01
-1.129442958958737142e+00
