-1.834260370927691675e-01
-9.182016548384552834e-02
-7.358467853825649829e-01
7.147034544735368922e-01
-7.894397727977977564e-01
-2.013374888991796841e-01
8.818973649992223329e-01
-7.857303235390253882e-01
-8.145569361006104181e-01
-7.828473086082217147e-01
-6.763858323928380045e-01
2.996598718325360622e-03
3.655349266138874231e-01
8.422143120789662429e-01
6.910870786102274455e-01
8.506183295142937251e-01
6.023523782470252552e-01
-5.283016405926022063e-01
6.480058839034004148e-01
-2.031266165243859056e-01
5.941604252477856729e-01
6.268804286889222421e-01
-5.523810722210957813e-01
-2.726061736312859196e-01
-3.050291042500301586e-01
7.513329244544733054e-01
6.466037402585360638e-01
-8.607310607816855974e-01
5.123504167641177443e-01
-3.529226761117620903e-02
-7.863285115769156342e-01
-5.575434598601185510e-01
3.196238690900834456e-01
-2.057056741959699675e-01
8.276411950859063893e-02
-8.967412613120615550e-01
-7.898596976291349936e-01
-9.899030177438790101e-01
-9.454301476957964745e-01
-7.036192250823214422e-02
-9.789652538786541847e-01
9.758962668701904875e-01
8.914968332877233337e-01
-9.461965203427358251e-01
-5.386649960470526466e-01
1.826647516994284182e-02
-7.223341817376505158e-01
5.610196473883104495e-01
-2.284088100454246817e-01
-1.368226825348273223e-02
5.817269707473160523e-02
3.821166543194598475e-01
-7.885373500483270348e-01
6.228822648282612562e-01
4.391094447164634040e-01
6.439678803764494752e-01
3.578133546523669661e-01
-4.333752652654321302e-02
-4.874500098581133756e-01
-7.713589006845451568e-01
-1.502629919802356273e-01
9.733984050310393599e-01
4.513340689121554394e-01
8.373752598633548150e-01
4.081078935942235031e-01
8.396516567998224545e-02
-9.897822191868330677e-01
3.008352915878063083e-01
4.785845271968898196e-01
2.876985972994114960e-01
-6.558906585151882407e-01
-8.037453965685765755e-01
-2.980049838665337347e-01
4.136910363024814963e-02
6.781242809651408798e-01
-8.851769508320848079e-01
3.019623008494249916e-01
-7.862269416035709835e-01
-8.344665372112856083e-01
7.609439645496245408e-01
6.797140706939974741e-01
-9.489455675406828217e-01
-3.843590011578283949e-01
8.452976046963434076e-01
8.945543459549891718e-01
2.457099442545338519e-01
8.884079552454879902e-01
5.418034417731902863e-01
9.985031224785276827e-01
-2.668538892692806641e-03
-8.309725984837741386e-01
-8.058787427891844768e-01
4.677838322450660336e-01
1.927114193856531710e-01
6.274096621617264447e-02
8.555153500042982362e-01
9.678584032920101166e-03
3.164210266332898591e-01
6.404166170918084156e-01
-3.836786114612251719e-01
9.150347668704930104e-01
7.019448962178695961e-01
-2.048319084135250545e-01
-4.888313405876119067e-01
1.295057498846023947e-01
8.861842982341272545e-02
-9.621838970117615464e-01
6.169747164906442816e-01
-4.307300570334482437e-02
-9.392078978965456848e-01
1.855288851125158622e-02
-6.041359919283544322e-01
8.669140920399902583e-01
-8.906676765791954331e-01
-4.623856906019938595e-01
-2.941711390815160421e-02
-4.028468715735822325e-01
5.349446037882115146e-01
4.194689119037142699e-01
1.815243372090555862e-01
-5.959480665816643263e-01
4.493200679619577809e-01
-1.468278102866631407e-01
-8.005293318176669448e-01
-6.954484168957602019e-01
4.123500306165432949e-01
1.300398803246693991e-01
-2.102127752130167337e-01
-3.094499350608759247e-01
-8.275832734311157068e-01
5.823728718279519434e-01
1.035745796501246208e-01
8.781292521843495624e-01
1.212996739476019936e-01
5.116652357478135293e-02
1.953156135241416180e-01
2.171100104276284526e-01
-7.218661463652968902e-01
-7.168086567154359212e-01
7.855660124108898579e-01
-9.219702632158408573e-01
-3.114445158507066491e-01
4.521550349217537956e-01
-2.805224957475016545e-02
-5.567830620179490264e-01
2.403850972004391018e-01
7.639729348937147613e-01
-5.379218803059695464e-01
8.591016491580005798e-01
2.776243627870822461e-01
1.186263036138155424e-01
5.827782538992045680e-01
-7.234018311870713536e-01
7.932749520949853306e-01
2.038166359770308134e-01
-9.377496945774252968e-01
3.596263757837236952e-01
4.914958546200061118e-01
9.026147766472805145e-01
7.604887298675404583e-01
-9.559484851370467773e-01
-8.388840425695245351e-01
-3.024343338333439490e-01
4.599319228403613291e-01
-8.905678175528572993e-01
-9.930432960321518010e-01
3.020858170547982002e-01
-8.945612186833191704e-01
8.686870604481189417e-02
1.236941436584220178e-01
4.781050492624419057e-01
2.510425084088907521e-01
-4.457685823250951973e-01
-7.572330011308647801e-01
3.090702357346286622e-01
-6.131047398767404122e-01
-5.318739514254307021e-01
5.302290912106764065e-01
9.596562404063477825e-01
-7.218170884577326252e-01
-1.502977668363705277e-01
7.510309291803929366e-01
-6.940296559705680934e-01
6.387271830858511912e-01
9.335932358196219472e-01
-1.163597389560575568e-01
-9.998421285764067523e-01
-8.571921301695144546e-01
-5.224251565690285481e-01
-4.300480984655707939e-01
9.355811308972969975e-01
-7.529958454844276616e-01
4.933614241359636221e-01
9.850563887502188365e-01
-9.839270154221912978e-01
6.960285326826385344e-01
3.250427865669713867e-02
5.187026064028530392e-01
4.449876385500051157e-02
-8.809201609494119456e-01
5.964551779049602764e-01
2.253277503755777289e-01
-4.223438860770931669e-01
-3.530358969034110839e-01
-8.561423720545158211e-02
9.605918558622068559e-01
-4.821341806051810952e-01
2.385322844153736632e-01
3.839542083909996961e-02
-2.429006547683667527e-01
-9.210975351593297944e-01
9.691117301173646226e-02
-2.950711807861952085e-01
4.609317471235394592e-01
-1.319562277014394436e-01
6.575546232312758921e-01
7.308334159180225331e-01
-5.386009249241812125e-01
9.158411367232965894e-02
3.540635731242203210e-01
-9.628125382089245399e-01
-4.954186205214810013e-01
3.206436763609810114e-02
-9.405641598271421433e-01
-9.297688943284321272e-01
-6.546387587403608155e-01
5.434644366898666590e-01
3.259820933671411236e-01
2.031363776919217212e-01
-2.533114884173548464e-01
3.273229647623578931e-01
1.620643448876113446e-01
4.430312608069661984e-01
5.931278208838941524e-02
2.123696585538681347e-01
-3.164432504288356984e-01
-7.247757129042831092e-01
1.545387182368571644e-01
-9.777994270809944322e-01
5.305598239767355118e-01
4.807117252852390887e-01
-4.611037920873390927e-01
8.057832384840419859e-01
4.525069379812314274e-01
-4.938705580689053409e-01
-4.241595953766186256e-02
-9.611596279597958148e-01
1.739273064090209875e-01
6.473896585047056451e-01
-8.351351980147325715e-01
9.905958171984390326e-01
-1.675964278400778884e-01
6.880466083142198208e-01
9.969952091566376406e-01
-3.978636951566252300e-01
-8.336761112273376462e-01
-7.040135864726249082e-02
-2.553095809072711830e-01
5.583058431382141862e-01
-1.825698506572008828e-01
4.600734716325340923e-01
-3.588528056720778903e-01
6.984287942564895157e-01
5.270791490383106570e-01
3.316202567769566123e-02
