5.814721420923127937e-01
-5.980211578427219177e-01
-6.519687425368918543e-01
-4.568954584680824382e-01
-2.300797704367683050e-01
1.269810937575543974e-01
6.326153586882676816e-01
-8.697158510874913873e-01
5.010573274928131760e-01
2.681957849555320905e-01
1.550808890460002587e-01
6.712903804442211797e-01
5.350708334783169651e-01
3.828358241734630685e-01
7.128292497103716485e-02
-2.853329106473219134e-01
1.193970961876744674e-02
1.958625673452125682e-01
8.590399098883803042e-01
-2.686904585929872358e-01
-2.225791871592848192e-01
9.875594747373011018e-01
-1.127525828923348072e-01
6.006390148946394447e-01
-2.375220944234335274e-01
-3.409813008965054681e-01
7.180030972660309541e-01
-8.142087725582980440e-01
-3.983593894981996009e-02
-2.450796761059013118e-01
6.768780126797278029e-01
-4.573601674189007316e-01
8.304327412651637541e-01
3.777817713614166628e-01
-7.607547765936655271e-01
7.162426176772425102e-01
2.315087280835999017e-01
2.922713654136606110e-01
-3.970935959094301637e-02
8.731598541715066553e-01
-3.541101980162162377e-01
8.063999995951038890e-01
-8.871588357824293780e-01
-9.040183750111758787e-01
3.970956708150723546e-01
5.500018913602717774e-01
7.143897913524988041e-03
3.103007265567483408e-01
-4.482442122319132416e-01
3.087548524471162015e-01
8.942111340118701346e-01
-2.051760185308504347e-01
8.621475181778825991e-01
2.958640514269847976e-01
-9.050631701542584118e-01
6.768780126797278029e-01
-6.020357911261191575e-01
-4.431317462171417976e-01
3.378058674305137732e-01
-2.873927681663981382e-01
8.651792265634943302e-01
-7.776805817825449552e-02
-1.248380348435187415e-01
7.162426176772425102e-01
-7.094619667226444992e-01
6.248358598996917035e-01
-6.104599598758322365e-01
1.677744700125816113e-01
1.686678651354607261e-01
5.010573274928131760e-01
3.538071408135579077e-02
-8.445378475596658774e-01
-1.108129728945830283e-01
-9.273769483919873657e-01
8.092827110336544560e-01
5.081101606250633118e-01
4.801305217978117934e-01
6.553789466792065976e-01
2.794853298717805412e-01
5.815957477284021682e-01
-6.960414031031185722e-01
7.507835771057802532e-01
-4.131216201573451041e-01
4.615390438571083109e-01
2.899377943488368192e-01
7.588867944584076763e-01
-3.514050993268869050e-02
8.063999995951038890e-01
-2.174232066561383458e-01
-8.697158510874913873e-01
-8.076930158405342119e-01
-2.441910107173268507e-01
-4.042187711413418594e-01
7.762641719394762774e-01
8.621475181778825991e-01
5.435538980671494880e-01
7.864345397950034400e-01
8.590399098883803042e-01
-5.492550006971042009e-01
-6.817062404671805353e-01
-1.424116584779775430e-01
-6.379285804178571606e-01
2.794853298717805412e-01
-7.094619667226444992e-01
-5.232480326991404418e-01
-3.232790183978972998e-01
3.324520992277832931e-01
7.143897913524988041e-03
-6.698864134363613498e-01
-4.443850549116450388e-01
-7.993839485350873186e-01
-3.970935959094301637e-02
-7.607547765936655271e-01
5.196357333496193220e-02
-4.197676416392859267e-01
6.583154424301902452e-01
-4.863476103591275468e-01
-4.197676416392859267e-01
2.504881240458598501e-01
-8.715164227472242953e-01
-5.322408243507594783e-01
5.435538980671494880e-01
6.326153586882676816e-01
-9.505756716535376238e-01
-2.412567770391031985e-01
3.446936679578218587e-01
-7.613328634148743834e-01
-8.624913439787778024e-01
6.510195838149297476e-01
6.078654528822162728e-01
-2.843344565642342836e-01
-5.971284919469561636e-01
-9.819194045690160522e-01
5.737842831586799086e-01
4.603953101818403226e-01
-3.671311074042837852e-02
8.654078479307554250e-01
9.360262321129086960e-01
-7.337710806179711387e-01
-2.055458774478273742e-01
-6.144730605796742129e-01
-7.709634837204335511e-01
-3.956898099295518278e-01
-1.772669410550831159e-02
5.705251033884493062e-01
2.140569257403694969e-01
-9.159406693896634533e-01
-3.947429900113244017e-01
-3.514050993268869050e-02
-1.312356021178266996e-01
-6.337990968023881067e-01
6.945723662483427319e-02
1.607352749319179708e-02
-5.492550006971042009e-01
-8.080038457428750931e-01
-1.258029625423551234e-01
-7.998373707144361688e-01
9.254157032014262985e-01
7.520464431436340025e-01
1.637667437457184239e-01
6.661736312737991383e-01
9.151699442055742928e-01
7.864345397950034400e-01
-5.208255295503203541e-01
4.789361059723085123e-01
5.015053887033027458e-01
-7.776805817825449552e-02
8.073469480969661660e-01
-4.579491394376991042e-01
-3.728504866363262504e-01
-4.535255579133323778e-01
5.196357333496193220e-02
-7.613328634148743834e-01
2.092832917431390882e-01
-9.230366407875474355e-01
-4.029589321818658476e-01
-2.434693455381309324e-01
-7.534584006306692672e-01
-8.255428220258029803e-01
6.633539285349332459e-02
7.053051267308392269e-01
-1.614017193174774878e-01
6.206579703615162646e-01
6.569005980736517536e-01
-7.970747101984005933e-01
8.717209911656853549e-01
-3.985315201719181744e-01
-4.987926366975536929e-02
8.427052195228896814e-01
7.922885506228325436e-01
-3.956898099295518278e-01
-6.977719274318763265e-01
-4.431317462171417976e-01
-8.745541664694171935e-01
-7.375600812179152754e-01
-3.556933485088520364e-02
1.772205669128295025e-01
-6.817062404671805353e-01
-8.436578070383726757e-01
8.653415108922262178e-01
2.504881240458598501e-01
-3.501850199845604195e-01
-8.445378475596658774e-01
8.157424721806083578e-01
5.287129973407915795e-01
2.938981345855664618e-01
-6.012950272771646620e-01
-5.466563728259390409e-01
-2.048974248717883029e-01
-3.439916830223443966e-01
-8.712374891845224845e-01
-9.586805308198065312e-01
-9.758795107036968286e-01
-2.826400840774780931e-01
3.098924658828969836e-01
4.659041137720669745e-01
-6.607512218567639373e-01
6.495331466268259302e-01
-8.227926526735545032e-01
-9.822027750130273294e-01
8.383857108505170519e-01
-5.148849070651937421e-01
7.588867944584076763e-01
4.615390438571083109e-01
-3.374059624450924666e-01
1.978483127791454965e-01
-8.062219156993712943e-01
9.098237390294681148e-01
8.918378033752150102e-02
3.500162183817279171e-02
-8.309334174741112022e-03
4.955393936766050444e-02
2.509808112414253500e-01
6.890682972681119178e-01
-6.002646919536622772e-01
-4.561708205673526972e-01
4.570185276353775361e-01
1.367053697274098756e-01
-5.241604460725795001e-01
-9.050631701542584118e-01
-1.968609195655197652e-01
7.627895363737955403e-01
6.728754922639867964e-01
7.367165670924220588e-01
-8.360506585270743862e-02
3.113002321059732402e-01
3.538071408135579077e-02
-2.320944821386305978e-01
4.932011936895641657e-01
-5.055453592881133940e-01
1.340366387408478133e-01
-4.257400890395202087e-01
4.599467321879613380e-01
1.481730901182012339e-01
-6.002646919536622772e-01
-3.313860790435096959e-02
-8.514819307890686417e-01
4.729306865008062744e-01
-4.163358134683874390e-01
-9.126395342637154684e-01
1.043329356899691529e-01
-4.008012612148190712e-01
-5.278490203878243303e-01
-1.108129728945830283e-01
-3.601244249627106875e-01
