3.408224500712768723e-01
-7.491080799093734477e-01
-7.929491127750143420e-01
-3.320799077613370009e-01
-6.807757682168207314e-01
1.876860459738889375e-01
1.359390061640686209e-01
8.578886989145191322e-01
-2.056516302708022437e-02
7.695375168130191845e-02
-3.497856397752696633e-01
-9.652784330853041439e-01
3.615613419732732758e-02
-9.431926626210818121e-01
2.337676317500148038e-02
7.377404353534258163e-01
-9.044870226772656618e-01
-8.772637839451218333e-01
5.665514979144565810e-01
4.824184494642806964e-01
3.481980999708653712e-01
2.277093635503395497e-01
2.634862051385544746e-02
-1.895509136210304924e-02
-4.051840437312175247e-01
-9.764393561239539387e-01
-2.549186152321045729e-01
9.973781272920234642e-01
8.416929243165700569e-01
1.576633779067426744e-01
-9.931060577701005254e-01
8.757724768215615629e-01
-5.707282903331623025e-01
4.234381331129994930e-01
-5.579848619725236158e-01
-8.347371408456332187e-01
-8.799094164256118233e-01
-2.648915409413135080e-01
1.291231504420176091e-01
-3.506481195571147236e-01
9.567776284081674909e-01
2.921842617867569381e-01
-1.205943690457664808e-01
6.389161594090140284e-01
-3.530751378859928735e-01
-1.447048046161691914e-02
8.767762519959674261e-01
6.662225856182777406e-01
-7.501617648045559861e-01
7.036076986439792069e-01
4.090965729097129078e-02
-5.917549431791173653e-01
2.410194044990334739e-01
5.925402125066689951e-01
-8.133165734717175965e-01
3.572866764905713310e-02
-5.125559785890383413e-01
-8.912914404668172974e-01
-6.905011096147120053e-01
5.565209085024203084e-02
-1.360851734213097686e-01
6.668286498174924581e-02
5.843895681952759880e-01
-6.989771033594862626e-01
-4.120236047207459507e-01
-2.058276555929001717e-01
-5.745611870231781548e-01
4.555028227823865183e-01
-4.290170062643579030e-01
3.929047681868946817e-02
6.597078112519063620e-01
9.699505344299748089e-01
1.166884527862994680e-01
-9.283059644941449307e-01
5.613745408551402694e-01
2.738196664552285942e-01
-5.824877687779728141e-02
-8.231590322459918507e-01
4.671322841341865040e-01
4.947596781068308580e-01
-7.104614528291535169e-01
1.424110348510567725e-01
4.028458148355589241e-01
-9.467607762326468723e-02
-3.018177561610224657e-01
7.342746473404493379e-02
-6.682734846988274136e-01
8.065106824524752582e-01
8.805463282829162353e-01
-8.885363893119428980e-01
-8.452356017785558340e-01
5.372333008556429146e-01
-9.336175240481736637e-02
-9.656679351221306717e-01
6.078519960472266170e-01
7.026680566743999101e-01
4.152658674515441461e-01
-9.774743238542835666e-01
-2.523426680856282189e-01
3.743356345415995712e-01
-9.390406705735321324e-01
7.149027161722747437e-01
-5.494255376618146780e-01
1.696824926201259132e-01
-1.107388460178970746e-02
3.467796851831219662e-01
-8.635638782778090050e-01
-7.602483909889248270e-01
9.466668145691408132e-01
4.717660392153548710e-01
-7.751591496519421032e-01
5.202138629157055938e-01
7.731446625885782797e-01
-1.649491355393459813e-01
2.970883462144691123e-01
1.744812110910742842e-01
6.674506832701503356e-01
4.743061754250441631e-01
8.138700382628025753e-01
-2.961472058041856315e-01
-8.074511736064069467e-01
9.339243787399633678e-01
7.714991243665745291e-01
-2.733724262390131443e-01
-3.130320441364207174e-01
-4.727680279045174405e-01
-4.430870340019854581e-02
-8.198097917602789053e-01
9.349172629381732325e-01
-8.277256794913554483e-01
-5.668465663602126892e-01
1.754164209033604038e-02
6.497707541101296336e-01
8.218228736134773893e-01
9.114273523336569038e-01
4.766981985780642805e-01
4.101598822939367395e-01
6.037315418470496908e-01
-3.292880638941360072e-01
-1.419496389905281486e-01
-8.100261115217608499e-01
-9.688723888704797726e-01
8.876417286086257796e-02
-1.455036598445680340e-02
9.121466268411138056e-01
-8.240560396845735269e-01
4.662973175633622347e-02
-6.452985120098984062e-01
4.909573323649460974e-01
7.125486850239792780e-01
-4.416576473144795401e-02
-6.558428185406175448e-01
1.340296576769477443e-01
7.490567069791358445e-01
-5.831697683497596429e-01
-2.475173150021208190e-01
8.005342344532651033e-02
3.581725668234760906e-01
-6.742948181327899082e-01
7.491794039633437041e-01
-9.939351962342535263e-01
-5.616637403639950232e-01
7.416163208972010867e-01
-7.269660240522910488e-01
-6.322881575612426808e-01
-8.840179747289274026e-01
-1.702967469303657833e-01
6.169014155317982251e-01
4.627335666026854977e-01
-2.480338065866083408e-01
-6.300332220785567205e-01
-5.479057083310747700e-01
-8.872951488907590001e-01
9.886589912292365057e-01
-9.231215594769834887e-01
-2.483618521497332754e-01
1.111220640888406219e-01
7.026855478052440596e-01
-3.824076953102366616e-01
-8.484408511151053656e-01
-4.409903047880254778e-01
-4.788451681198493404e-01
1.883514098313905372e-01
-7.317187354609770988e-01
-2.579060448398640126e-01
8.423431914100456552e-01
1.245671289269987270e-01
-8.512254026403831553e-01
-4.968314839553091833e-01
-8.142923189078676849e-02
3.271008806305899519e-01
-3.327658912433564264e-01
7.691302735377436584e-01
-6.719862635254099104e-01
-5.744097043565050686e-01
-5.604395175560030751e-01
8.450367981452726607e-01
6.528280151560632572e-01
3.668941526208358006e-02
2.944171112514506472e-01
4.852299368803123514e-01
2.324838213312572233e-01
-8.612620066301663879e-01
9.857993972330199028e-01
-9.741527405349181823e-01
5.365837969986921863e-01
9.423057518610493677e-01
-7.689427191026914077e-01
7.306222088920417690e-01
-7.948746974142157917e-01
-9.816730374877826737e-01
-8.680625259296967933e-01
3.255607706978893567e-01
-5.150529607725893300e-01
-2.947184515321197296e-01
-2.825113734407103117e-02
-9.953146086923700953e-01
1.623454539894819693e-01
-2.758408069651636652e-01
1.551712463316421431e-01
-1.402614042747549750e-01
-4.262937929258838743e-01
1.525672964035500456e-01
-3.147744008192077114e-01
9.712114018084223588e-01
-8.520643640299492283e-01
-4.887972490214445020e-01
-6.076827654237275667e-01
-4.555345225915856666e-01
-9.341610643032174366e-01
1.688075122166146080e-01
-7.417063390847082882e-01
-1.610705065241984091e-01
4.241758833218072233e-01
-6.184656318899970362e-01
3.169842499073685094e-01
7.167792268256536481e-01
-3.550051298551892831e-01
6.980543456762824395e-01
-8.567907274077053437e-01
-1.419496389905281486e-01
3.087324967409241783e-01
-3.596392035552398170e-03
7.247709959116777068e-01
9.424445341812266452e-01
6.479475276155266528e-02
-7.827816242748233400e-01
1.943394766986508149e-01
-9.262778402269291611e-01
-7.393500197615259228e-01
-8.061843801706216617e-01
9.163796251981985996e-01
-9.498424084483805263e-01
7.927119075871003062e-01
9.162413609206210285e-01
-1.638281348926431402e-01
-1.761479914234809208e-02
2.861666928561001910e-02
7.843409216722683208e-01
8.788770613667340470e-02
-3.067182190558321864e-01
-3.125501072843404060e-01
5.982572594733981397e-01
8.979215252986714191e-01
1.369391682802874044e-01
