9.203219234931645509e-01
3.022809307241682841e-01
2.025346082508483470e-02
-4.019835120218220315e-01
6.388764688431789462e-01
6.285795455083953431e-01
-1.913151482543302695e-01
9.563335848639684666e-01
-4.350403347413733801e-01
4.655574834110425275e-01
-7.595273219995712921e-02
7.477750992262619523e-01
-6.818775435365234117e-01
5.900773541881212392e-01
-3.332709953151562488e-01
-5.968421633980212082e-01
-3.037519053016917159e-01
-1.026335814415326730e-01
-4.596811129199147583e-01
6.490682824499161008e-02
-4.068922050193402029e-01
-9.845491608360759095e-01
3.730303182241996307e-01
-3.369119055626661474e-01
-2.271815416280549282e-01
8.110750360630754052e-01
-5.954341397196971641e-02
-7.319904657888280930e-01
-8.202880634455222975e-02
-8.000386111382771226e-01
9.586562755665435365e-01
7.008010432597566730e-01
8.201603295491417533e-01
2.620555419615679948e-01
-3.843921967895778113e-01
9.091520548171125871e-01
6.586215428137178751e-01
-7.619879114300269762e-01
-4.479674701518159274e-01
5.509157245080482657e-01
-7.313382860467245727e-01
-1.526202667269129787e-01
-9.526594707178779320e-01
-7.104050760541213982e-02
-9.761125139759858627e-01
-7.346396518148681221e-01
2.574282753893868403e-01
-2.620017826283889129e-01
1.440650747354179639e-01
3.636269617613747673e-01
1.040526482272572384e-01
-7.319904657888280930e-01
-6.760255482229682311e-01
-5.978427303919564562e-01
-5.897588669233619907e-01
9.563335848639684666e-01
3.325190074204480428e-01
3.016028270330579630e-01
-4.670729088099714321e-01
6.156414503772245084e-02
5.538232563927765195e-01
4.137493117283452815e-01
8.589013956514315318e-01
3.701442175694136250e-01
-3.003611727906447815e-01
7.751528479244913505e-01
-9.188174591029869553e-01
-4.281549902320240797e-01
6.760591895453089695e-01
-7.496121269291808886e-01
3.511350988754715630e-01
-1.169274244266049756e-02
5.230673775685883431e-01
3.003580146040230048e-02
4.141292015447139985e-01
-5.665500914869068261e-01
2.750729741328001854e-01
5.306220855502246092e-01
2.310999893195697652e-02
3.721798868375671976e-01
-4.708348690299910544e-01
8.222276241846251388e-01
3.628647581084647467e-01
6.631237162958973919e-01
-8.100611589192636686e-01
-7.320143499247904195e-01
1.819744339264259825e-01
-6.396983063043499840e-01
7.760441051196276252e-01
1.117951075433221142e-01
-3.553507967656188704e-01
-2.460593565313768938e-01
9.939784594402263362e-01
2.464613005328870621e-01
-2.212522952138553656e-01
-4.054098821696165977e-01
6.688918193314121741e-01
4.147465563723691240e-01
2.591566835930823043e-01
3.605535645811224210e-01
2.136443846831213023e-01
-2.195651611899915867e-01
6.924573089472756404e-01
1.436443410423038358e-02
-2.783362632865435948e-01
-3.144099681424905590e-01
-1.693269842153637406e-01
1.789372559842141719e-01
-1.661423405609041559e-01
-9.638378665816633717e-01
-4.326982921909594548e-01
-4.272877336615332755e-01
-6.563899304811002811e-01
5.653981458674570693e-01
5.887244441554335683e-01
4.784651012921499191e-01
9.913421124909285176e-01
4.096130410685108192e-01
-1.418788346309274306e-01
3.627782212188548350e-01
-8.653600439915003495e-01
5.068562910825542556e-01
-5.787146764174029290e-01
4.712732284177871822e-01
-4.410947501284476768e-01
-2.073302513593249241e-01
-5.112684848116866299e-01
-2.633533436974784259e-01
-7.156949334190796375e-01
7.543616434139692739e-01
9.759621497806179047e-01
6.950654075320388259e-01
7.550977551705773116e-02
-4.321800921763572223e-01
-9.475226640830767266e-01
3.275854923452248268e-01
-2.896156654490649185e-01
-2.611369339028022374e-01
3.721698806837443474e-01
7.213768197818981598e-01
1.848898958541760340e-01
-4.785258466872190919e-01
-4.819960876171374142e-01
-8.124008591658624656e-01
9.158527713961432948e-01
3.855676765156057506e-01
-7.314635003950322734e-01
7.251373639462832532e-01
-8.913881103762653080e-01
5.605305736624506263e-01
7.369814115710180413e-01
-2.578395977852101506e-01
-3.668157264592182276e-01
7.854299762664629370e-01
4.820156570026579157e-01
-9.935706164126916207e-01
-7.361092106473401397e-01
7.821417654544247089e-01
-3.313026884101974989e-01
5.641049775642004160e-01
7.157090570186770417e-01
8.383642353756290966e-01
-3.103609045736492877e-01
5.323243732470905876e-02
-1.867241524549521081e-01
6.128258171199238991e-01
-9.666942876225252945e-01
7.602444909718317767e-01
-3.729498437197031890e-01
-5.696475369019160517e-01
-8.634663218131075624e-01
-1.700362697132629108e-01
7.548580891614660171e-01
-9.576782371983882935e-01
-2.595757138114180851e-01
2.285872791461316389e-01
7.384492025423752271e-01
4.557634076826131420e-01
3.447595539053516234e-01
-5.725142155744666894e-02
-9.760457817343501929e-01
-4.224230184175001845e-01
5.762183700065011127e-01
4.464035970802542330e-01
-2.961784579881472368e-01
-9.375603780718060332e-01
-4.339455056638010788e-01
-1.661423405609041559e-01
-8.261082239501398305e-01
6.701961234731916850e-01
-6.923848857253984690e-01
-4.219799808907254146e-01
5.662042658485177959e-02
-9.730702594479891943e-01
8.301992887796030285e-01
8.103239944157067942e-01
6.840337956026312227e-01
-7.645849636679400430e-01
-9.835073109173002592e-01
8.995199325083784725e-01
-2.300911452219154274e-01
8.704466356732436516e-01
-8.299458243021942128e-01
2.900223173225051632e-01
-5.644735293548597266e-01
5.127048259360573734e-01
-5.085072137934225633e-01
4.171390727562809264e-01
-5.004688926598872545e-01
-3.664416159335981416e-01
8.679432914601614701e-01
4.041436710737680293e-01
9.350891775208070023e-01
7.522838521161934189e-01
9.053248811213696623e-01
4.625892561424673755e-01
-3.423292160721007615e-01
5.595291088495435439e-02
-1.869187379717522912e-01
7.636314287819099267e-01
-1.200596740109092231e-01
-7.467628635677352467e-01
-3.575999944993766277e-01
-8.943663876557947923e-01
5.697713411247451454e-02
4.974855986130626295e-01
-4.514468812463141578e-01
4.449967180634997188e-01
-9.316846166309740163e-01
7.070313014345483982e-01
7.463493412409183403e-01
-8.774546623155687897e-02
-1.882692599430155767e-01
-4.444869318943778236e-01
3.123467466714924257e-02
-5.706215023578991019e-01
3.594786380804755321e-01
1.196873868125187812e-01
9.021647216528021485e-01
-2.501062327762777482e-01
-8.038047447926666145e-01
6.907299387295393611e-01
7.281638480710501682e-01
4.836928957634016868e-01
8.298843106413891224e-01
-8.822451640619755064e-01
9.774999358351132983e-01
3.275342065831869931e-01
2.524890320366959262e-01
-3.808047109417689313e-02
-7.768347100864898547e-01
-3.471561949128130209e-01
7.534897632033765724e-02
7.926155464344799562e-01
7.350784653818447367e-01
-1.035213964582308854e-01
3.551873773988569738e-01
8.235422204404139190e-01
8.035513624174333014e-01
9.356448954382956540e-01
-8.529356523044104854e-01
1.704269492691308230e-01
-4.004279071663345846e-01
6.683035716090255374e-01
4.652044640103734086e-01
