5.733498719360570206e-01
9.076376121741818181e-01
-3.225726260846368820e-01
3.716883431881143895e-01
4.570882809603535879e-01
-8.125575106879590059e-01
2.538457163945828654e-01
-6.490518004344858483e-02
-3.511178301653976597e-01
1.323649200806595871e-01
-6.732217946744327719e-01
6.483160052177299182e-01
-3.547767928550213945e-01
1.006005394699382993e-01
8.265822683524475245e-01
1.350943165169651294e-01
-6.450431485351220129e-01
4.192499872310606612e-02
8.699371456726223695e-01
-8.690854862350112509e-01
-1.471414739953482709e-01
-2.784462632316719866e-01
-3.575617510174387004e-01
-4.170352267801422652e-01
3.771157713963773084e-01
-5.722978446552382525e-01
-6.913854436796351699e-02
8.261136247513878317e-01
4.103008244616739297e-01
8.195376240107949961e-01
-4.837733377061648188e-01
4.382701732943410367e-01
-7.902935416223240139e-01
-6.095362302362361540e-02
9.792590000181899956e-01
1.363970450257698808e-01
5.517204593763671561e-01
-4.557040327610022423e-01
4.977596928512941776e-01
-9.655985825482216178e-01
4.858203124170838993e-01
-4.556324505365538791e-01
-9.284459148241845927e-01
-3.177203279977538486e-01
4.346126709834290391e-01
1.113255326502664566e-01
9.737707930893095831e-01
6.941181371254863119e-01
-4.504493469625070468e-01
-7.435839707790123931e-01
2.841352963645724650e-01
7.880053372933029099e-01
-3.374226404700828574e-01
-3.103742037095811312e-01
-3.462763076049311106e-01
-2.561531152739682238e-01
-7.565060766516240598e-01
3.658059218137506008e-01
1.074239660822606801e-01
7.850783382603778726e-01
-2.888227592981198466e-01
4.233269444893901223e-01
-4.372375577758020881e-01
-1.758332520228018669e-01
-1.464753917105614534e-01
3.469807080973441593e-02
4.906838774500175138e-01
-8.382210700857997132e-01
5.332274521763533670e-01
-6.800092686071890213e-02
-7.161496359137535794e-01
9.380976394335744928e-01
3.937024346973310163e-01
2.857740238050390236e-01
-5.159733522382792259e-01
6.354512642569491998e-01
-7.702070137640391057e-01
3.673086638551001926e-01
2.454704805643832533e-01
4.739470618522532153e-01
-4.961073469209897890e-01
-1.236651242641555459e-01
9.173002455916583475e-01
-8.120915378742996626e-01
6.535036545299006683e-01
-8.236046432600518941e-02
-1.983591102979902487e-01
-2.353489321733230888e-01
9.472005053263465868e-02
3.725769891267485256e-01
5.677261504355139987e-01
-7.974809520890464576e-01
-8.018121627757184289e-01
8.650127122718567207e-01
-3.973918942115679531e-01
-8.436277982103410622e-01
9.073065043560013532e-01
-8.879899129389066115e-01
-2.555109423512251787e-01
9.117752002550505441e-01
9.703594370793759971e-01
4.151575575449892863e-01
-1.598863326292954135e-02
7.805085588772031624e-01
2.863910387516193090e-01
8.216067354080298646e-01
2.989925584859067786e-01
3.609220552740457499e-01
-1.166853937849119394e-01
6.469950219832465432e-01
4.139902545867819583e-01
-9.959853658351394134e-01
-8.294092541370594596e-01
1.946292208663411571e-01
-6.638343388546765755e-01
-6.785776542899399910e-01
5.264602794216566295e-02
-4.258858305324622062e-01
3.397134595165929305e-02
3.186480327235856613e-01
5.926762460760892637e-02
3.443754753712235939e-01
-5.439983650087376610e-02
-9.185982104249612590e-02
6.078066284597016811e-02
-7.102629312157684449e-01
-9.649137043982192186e-01
-9.436288777154564489e-01
7.067027567020389700e-01
-6.814681835889482286e-01
4.622695938530279047e-01
9.382738243793011801e-01
7.626235168907156137e-01
-4.376769676312874946e-01
-7.062129150545533030e-01
-5.287584445661785981e-01
2.398669848194647791e-01
-4.496060387163096639e-01
-6.259735664359020735e-01
9.786234355685243802e-01
5.686608778557751265e-01
-7.413944180151061936e-01
-6.777952496445940334e-01
4.406567897804716250e-01
7.002729317175027113e-01
-6.160348502426526984e-01
-9.525818418404807808e-01
2.871227842172630051e-01
2.036659707472181502e-01
-2.188477317221331209e-01
-6.331591114890335881e-01
-6.341358316042333687e-01
6.655988026604959806e-01
-5.886185898935853977e-01
9.843065165334294875e-01
-7.949559308002984714e-02
-7.543540282274749931e-01
-5.623538671852881254e-01
-5.049193108710872124e-01
-5.819065266972174300e-01
-7.890714128455271759e-01
-3.184445588860533860e-01
-4.913125468132926166e-01
1.179711393947031617e-01
-2.642713250940385006e-01
4.758120593443750934e-01
2.753856888538352976e-02
-2.919088521691626248e-02
-6.537277727955455031e-01
3.044427091664363427e-01
3.307342581696484096e-01
-2.722039337959440974e-01
-9.973692475277986524e-01
-7.645640959908730494e-01
-1.373928758698117480e-01
4.579938182941256652e-01
9.587906831820633968e-01
-9.214576570707706527e-01
-8.348363692450668783e-01
8.843781069324052613e-01
4.537361498260268355e-01
3.466116706300756967e-01
5.702201706703711181e-01
8.703595783852891010e-01
-3.609242525366209708e-01
6.062863709457451122e-01
-4.248176458971462122e-01
8.829835833175903037e-01
5.689072514672646186e-01
6.880914138717189044e-01
-7.532418161686165181e-01
4.669096874319460522e-01
-8.603937584206411415e-01
-3.946065577238799804e-01
-8.997839062795811582e-01
-7.186662853352079328e-01
-7.404708942062097066e-01
6.198111280936240419e-01
6.262692488766252730e-02
-2.692259847229714342e-01
-9.848066482178861047e-01
-3.675994456565561119e-01
-5.292648716788803664e-01
-4.505676535898837098e-01
-5.623538671852881254e-01
-4.893976673393709564e-01
-9.171857833073482347e-01
4.009986606632987005e-01
4.018710623860368703e-01
-1.345473956605427457e-01
2.845920229694851589e-01
5.108112806540232587e-01
-5.308397220643845671e-01
4.029179032001868332e-01
-2.659460100584543074e-01
-1.833093575726207902e-01
2.992415964053698474e-01
4.354809110096624636e-02
-3.117139424058237296e-01
4.106752819211483274e-01
4.649715429145762080e-01
9.158588921739119204e-01
5.179190183929138769e-02
-3.367959031996738961e-01
4.218686050389766073e-01
9.962285863283948384e-01
6.001291082053155090e-01
7.822853256490669427e-01
2.705169614117723942e-01
5.824430935699131950e-01
-2.762300580995644683e-01
-2.348787732421504515e-01
-3.744770980265468285e-01
1.472087586233603584e-01
-3.959983822409161025e-01
-2.490618819719696564e-01
-3.871238628068578436e-01
8.879914711930363413e-01
7.202575999639784232e-01
1.822439890819602670e-01
9.562765788628613262e-01
5.961872899313851448e-01
1.361706660961621296e-01
9.271688401515889577e-01
8.614709560986966164e-01
-7.300395279284654926e-01
7.672563517263344401e-01
5.307714072843421338e-01
-9.627380744834892479e-01
-2.412245588258878914e-01
-8.532245078477334044e-01
6.129485733501414124e-01
2.951357143659436577e-01
7.407804378099906994e-01
-2.080224301282045385e-01
3.391816314699347412e-01
-2.121217812777831391e-01
2.812914153782219984e-02
4.406567897804716250e-01
-1.401102400564118167e-01
-4.626937862215965147e-01
-1.043675996648050219e-01
3.193662957733807151e-01
3.727162937582069180e-01
-2.781347591060714386e-01
