-4.707226736517662324e-01
-4.260410653862269914e-01
-4.495252443154309496e-01
-3.336946927359925041e-01
-8.260858108038413583e-01
1.800978142565567985e-02
-5.230364761112953342e-01
9.727635803148926286e-01
-3.063597670534967676e-02
-7.728959865313815847e-01
9.778005271211469562e-01
-5.785529114085095070e-01
-5.004215845495976200e-01
-5.957961404254752402e-02
6.565225618975758515e-01
9.017916642651373493e-01
7.224658386370741425e-01
2.044798388316566573e-01
-6.592354783278140395e-01
5.432923692346738331e-01
-2.530727703284911811e-01
5.010099842682467219e-01
7.719333074261447436e-02
-1.577137013787734965e-01
-2.469964624130192021e-01
-4.077973389615894284e-01
-4.852399347571245691e-02
-3.652043200325170158e-01
8.710279669720253359e-01
6.888044937030435300e-01
4.865375433069152322e-02
3.948834834215073641e-01
3.233755267072888628e-01
7.082661752849515047e-01
5.048724134598909785e-01
4.077077916793581114e-01
6.288340125554598981e-01
-6.754785181278479822e-01
-6.536475477519347876e-01
-8.142274900836101725e-01
-7.130894969229852887e-01
-4.164044984792067972e-01
-5.053503551587925635e-01
2.780484515943286716e-01
-3.479931234740916146e-01
-9.264702775365445397e-01
3.460793653938172287e-01
-2.115455221863788982e-01
4.587221504216631995e-01
2.140272795490214541e-01
8.339321835765916013e-01
3.866242765978173956e-01
9.284163872222772618e-01
5.984109296245625487e-01
7.952686908988471082e-02
-4.414889738315699308e-01
5.830821378619122086e-02
-8.451042887929904879e-01
1.246837396303772660e-01
6.005062523047486334e-01
2.366056538733882775e-01
7.202728014727333150e-01
2.614276348121200577e-01
-1.929900564346784808e-01
-4.586708321164585378e-01
5.807855688137621986e-01
-5.308884962286013476e-01
-8.453971189840092659e-01
-3.857901656775042376e-02
-5.053310441225526972e-01
3.227936744768853394e-01
-2.071956659874800710e-01
2.388060171230534934e-01
-1.786942856792350653e-01
-1.677359429219253961e-01
2.788271747592123706e-01
1.508444611172030658e-01
-3.012711794508882157e-02
6.251922269844272240e-01
-8.470048184168981198e-01
-9.410605869761854425e-01
-1.777468745280066376e-01
-5.506922482097762472e-01
4.196082811909993548e-01
-1.174853905344253047e-01
-1.090085409651986303e-01
3.204516531027734594e-02
7.375736104848229502e-01
6.214051327040885919e-01
-4.129885045936179111e-01
-7.555661209980801818e-01
-8.463647442449673264e-02
8.668022186951906960e-01
-9.100143890473675334e-01
-2.212803341924858280e-01
-9.888923799366442502e-01
-8.064779168627231876e-01
-4.391837385084202960e-01
7.956193143054062222e-01
3.241329354015662911e-01
-5.316012259849627331e-01
-7.152621267780256975e-01
-7.807783553588074632e-01
-8.617139200209120720e-01
2.880752314381036516e-01
7.202728014727333150e-01
8.618954783780725659e-01
2.886522675114466807e-02
-4.847299083618754612e-01
5.520083729760345559e-01
-9.449063777322370683e-01
-6.271846908250664487e-01
7.160445243366766466e-01
2.489113983557689203e-01
2.380922812442500813e-01
-5.101405213818788198e-01
3.174586330725330807e-01
8.125291352331860395e-01
-1.117320767864342645e-01
-2.839160451132016760e-01
-1.077223387807839661e-01
3.589054133761659937e-01
-4.274401056429666390e-01
9.441368803118523889e-01
2.354043292903851281e-01
7.661311590510198055e-01
5.065387450630496335e-01
-3.108297365665613210e-01
-5.297843220635385375e-01
6.536869352085390439e-01
5.881596986771837621e-01
5.658667053342969488e-01
-6.705982267224661619e-01
-8.215460182729421579e-01
9.918794173689002847e-01
4.875459298560538279e-01
-5.097445391489967559e-01
-4.652096462664001564e-02
1.480692701251884458e-02
5.736500978604923695e-01
8.397495281678015733e-01
7.030918699852524156e-01
3.776289193466155769e-01
-9.297003267135821591e-01
-8.239618902779461962e-01
2.462843683655979721e-01
-1.991339260891116236e-01
-9.797560677562247022e-01
-9.266106489495538057e-01
-8.303313691774538707e-01
5.889183720786466125e-01
9.961376500439729220e-01
-9.848737431452454505e-01
-6.455716559098203522e-01
-5.405259786583562764e-01
8.320892664301060559e-01
-3.908358262868394384e-02
-1.670781510058088060e-01
-9.313124145625901740e-01
2.527933979334451298e-01
2.513245983424148289e-01
-5.718703527361763683e-01
2.251256254125839629e-01
-7.365046686849097135e-02
4.402063737365868867e-02
6.313564296473350712e-01
-4.328980558585102667e-01
-4.781023273904350113e-02
6.677869902351576403e-01
9.184633634270067404e-02
-4.166096511984642703e-01
-5.827676764869442749e-01
7.179333043153128813e-01
7.588502348037047263e-01
-4.064956375308992342e-02
7.300723499653067883e-01
-4.366891357110760374e-01
8.195116800276425195e-01
-1.286336774786305259e-01
-6.418063973369503294e-02
-5.808861194374199677e-01
9.395216599694564685e-01
6.054358849401098031e-01
-9.834218577464124422e-01
-5.566107942260289931e-01
-8.266444992518318102e-02
-8.025312313948540499e-01
-5.807784314186830166e-01
-7.255469502248899083e-01
-6.793384214954421019e-01
-4.977921947752437237e-01
2.099965186587129384e-01
3.602106017277253436e-01
8.461367264870045535e-01
-5.658482687961288171e-01
-2.542139914491043928e-01
-5.444181662791391929e-01
6.289243891204387982e-01
1.645553670226755916e-01
-7.684921647527602762e-01
5.018701833844232407e-01
4.353392608925599205e-01
9.583098891087238336e-01
-5.078424538108545772e-01
-8.634459812207067042e-01
-8.580711512817289499e-01
-9.639447205991424905e-01
-2.261941297916503224e-02
3.808259412662129417e-01
-6.418063973369503294e-02
3.520550873513517143e-01
-1.127181022710534997e-01
-4.316080873357683867e-01
2.841073145455301763e-01
8.159147638554404836e-01
-5.556927688479218475e-02
-1.785181976663221537e-01
6.837391526418477028e-01
-6.813283330015253991e-01
4.432211984548057870e-01
-3.863475149745871917e-01
-8.178275390916089904e-03
3.483408072105078634e-01
9.129515944484933865e-01
5.532217695329715301e-01
-6.453952809072902586e-01
-3.065613839587282285e-01
-6.869828466682201817e-01
2.717584770177077225e-01
-4.675820053499308848e-01
5.824155618658646283e-01
1.352853962259732423e-01
-5.933892098103394908e-01
-2.512666429898526843e-01
7.206371347768061320e-01
-6.788145343801432752e-01
4.398732882285172341e-01
-5.309441942789154822e-01
-7.446056776939606880e-01
3.609456211763766298e-01
3.460793653938172287e-01
-1.109758637339153253e-01
1.803889280891526337e-01
5.630314212153468834e-01
5.706507596741605681e-02
6.217239602137869525e-02
3.241329354015662911e-01
4.139797464212326972e-01
-3.336946927359925041e-01
8.663751463864923785e-01
-9.639447205991424905e-01
-9.427467166206244809e-01
-3.479931234740916146e-01
4.546281316965639085e-02
-9.784243354716439800e-01
-7.152621267780256975e-01
9.441671877276314184e-02
9.618652209287152921e-01
-1.051856912676385480e-01
8.704555654479366744e-01
3.272743619681206528e-01
7.688434232612653130e-01
6.095482973148169670e-01
4.472203247622141831e-01
9.010918215647656382e-02
