-3.444935218399187704e-01
9.120231316470406302e-01
-9.275358323034514907e-01
-6.815226467580872693e-01
-4.848299292539499650e-01
2.035942343179231173e-01
-1.230168616085955957e-01
5.588845207538657434e-01
-3.508550663400498149e-01
6.825580517196760955e-01
1.481990154584391650e-01
8.644041982500916266e-01
6.652752050037742393e-01
-9.727594735539524251e-01
-7.853194521054795985e-01
-9.850736515749272115e-01
1.228577611147019244e-01
3.201979058670454403e-01
-6.305585902005241827e-01
-7.977652913604829088e-01
2.772686364920848856e-01
1.230915101245506627e-01
7.267401123532066798e-01
5.473775959462983121e-01
3.705662178865232192e-01
2.890326109897356499e-01
-3.237545066630960200e-01
6.421311284216875137e-01
2.928614946815177866e-02
-3.085275407953944615e-01
-8.463270072849231607e-01
-6.975728175766218175e-01
-8.426363861553536339e-01
-4.630752931114991977e-01
-4.353368359994023162e-01
3.580657005083420774e-01
1.224921533984637545e-01
-3.569647848651225086e-01
5.520337732977895762e-01
-5.430808142885592549e-01
-1.050167658974594520e-01
-6.502004504385041628e-01
-5.452653961543936223e-01
-2.841954157844026607e-01
-4.566399853337985704e-01
3.499829313290783173e-01
2.590354859674273147e-01
-7.264116465800052325e-03
7.087920643339067350e-01
5.825519380506707368e-01
7.378009469245894181e-02
7.127479960447478113e-01
7.354916292170845526e-01
-8.190653631009447988e-01
-8.490096175564503245e-01
1.863328266881607576e-01
2.436501646980337998e-01
8.873627914711490483e-01
1.705624299577832570e-01
7.951872394549677203e-01
4.085796669775183521e-01
-4.355735256664630128e-01
-2.277151303086357714e-01
5.324864704371825574e-01
-6.395839027543164246e-01
-6.254447497462729544e-01
2.242433753567725230e-01
-2.428336040018708175e-01
5.360952002463532651e-01
-4.661645590710341569e-01
6.824679630437877620e-01
2.576235280055252375e-01
1.879785845226324970e-01
-9.059729272175012227e-01
-8.201961941093811603e-01
3.624134976853408130e-01
4.516238149178490868e-01
4.268796636681826406e-01
-3.210351772763300193e-01
-1.403531754723041924e-01
4.198515669435898268e-02
9.124817058650691592e-01
8.500514408477404249e-01
5.576892360563705520e-01
-3.447960978775757024e-01
6.484336304128894835e-01
5.741931634696362252e-02
9.149977795340680231e-02
-1.899499694347617229e-02
-5.300403041723802389e-01
6.330905571384835007e-01
3.666698302551327782e-01
7.223236493604627828e-01
5.961098163572522424e-01
8.481929030539876457e-01
-6.709492097752791651e-01
-9.547022347823614918e-01
6.408193769826731057e-01
6.827791068901201132e-01
5.060368972577580227e-01
4.121117050700000561e-01
-2.229786353462137605e-01
-1.383570894798811235e-01
8.881535660649366726e-01
5.886791285528836237e-01
-6.693057442781156219e-01
-1.949264751110735272e-01
2.314441354325997846e-01
9.373228991926287890e-01
-3.190926715993269713e-01
-3.800695326051577450e-01
-4.349096896676600821e-01
6.174098114772306189e-01
-8.402967757136843296e-01
8.536637590456441771e-01
2.064898757505642113e-01
1.043729458575690661e-01
1.650090182290588903e-01
2.208534498826844050e-01
-8.234704837058315352e-01
-9.498185590648493548e-01
2.303199417585140019e-01
6.988646937207687593e-02
-6.980586001190398626e-01
-1.390473702768393327e-01
8.598540060952295505e-01
5.199815049455784877e-01
-7.316445638727073764e-01
3.906238292107730992e-01
5.370367110182454606e-01
7.762430050071789100e-01
8.357536873927813303e-01
-1.871675400145396129e-01
-6.940670576968277494e-01
2.998192792866622991e-01
7.668036966124411880e-01
-8.532090360054598310e-01
5.154444574576575455e-01
-8.898158349610774120e-01
1.401278917970896210e-01
-4.229657059416132014e-01
-5.564293063453527033e-01
9.266118191298025053e-01
-6.945929235600336593e-01
3.111977046468887842e-01
3.563162953871763516e-01
4.878513908233441665e-01
-1.782970387340543361e-02
5.689230904573334691e-01
-3.372744368998128461e-01
-2.492520477989055294e-01
-3.568215504994749487e-01
-1.447727849478370743e-01
1.806327258736328822e-01
8.856023744214649440e-01
-3.500415052518859316e-01
-2.436389139283181571e-01
3.234517728720152085e-01
-7.980085175249749252e-01
-3.469760589552595142e-02
-4.149827998142547880e-01
-5.312001593162576363e-01
2.740929852044882153e-02
7.035821641820039218e-03
6.459584063483458927e-02
7.731147941164011606e-01
-1.275906518018610214e-01
5.568597472912713009e-01
-5.502056512065280902e-01
-7.426415008721551914e-01
8.777094619981780088e-01
3.647691844934877192e-01
-6.319936576644114012e-01
5.747680176058360679e-01
-9.402830345651875810e-01
-2.235384097873336362e-01
-4.488220797245880966e-01
2.880658505708020289e-01
-9.023375466015035595e-01
6.745749200423256653e-03
-9.629360629482677236e-01
6.438831077817883664e-01
-1.143065634717999046e-03
8.260297283552455738e-01
-2.495461640761087452e-03
9.515018727084127992e-01
2.868287479329585388e-01
9.917506850470207969e-01
-7.853334961856031082e-01
-7.013865736525408678e-01
-1.170219093449171854e-01
6.847670791113367184e-01
4.313008037238070802e-01
2.407623046667655142e-01
5.880954957667354766e-01
2.472144892851464437e-01
5.088535662974091878e-01
-9.088851941885025543e-01
-5.912466395460069801e-01
-8.752069800209103523e-01
-9.304548728280566117e-01
4.302154180119610594e-01
-4.220593661043481326e-02
-7.085989926028135599e-01
3.270514528945693833e-01
-2.146574037125481560e-02
4.027065541573582319e-01
-3.864643380172734233e-01
-5.619219076070403052e-01
9.850150042020651142e-01
8.032714680038355315e-01
-6.845937255380716291e-01
-2.407070065425727101e-01
6.023285359470091915e-01
-1.385696537664153905e-01
5.397365264723208433e-01
-7.948678437607870073e-02
9.220398949607120365e-01
6.988013010927505153e-01
3.236458535271757864e-01
-4.126333789883700476e-01
-8.718407293811805125e-01
3.043263054761677910e-01
-3.138525761094541622e-01
-5.837942367106070396e-01
-8.444957958149874599e-01
6.518768184055556691e-01
7.788060428545171554e-01
-3.685815199557684885e-02
1.538981431557655544e-01
3.838226973159124533e-01
-8.623554810593780928e-02
-2.810441801492942204e-01
3.972570790961600373e-01
1.529900881870587259e-01
-9.275850356802695096e-01
-1.909780923405983710e-01
9.981806857107384801e-01
1.405559352098051384e-02
-5.409540287048566487e-01
-3.109239986194309857e-01
-6.902652726166536024e-01
-5.095896576233605035e-01
9.040509989222134113e-01
7.362994061206675767e-01
-7.577074900326081774e-01
3.831992880695123116e-01
-2.593498192135523794e-02
-7.244786151469368995e-01
-3.256458631062364439e-02
-3.454491504495036391e-01
7.864542963848868418e-01
2.606229501422756556e-01
2.145723489699113973e-01
-4.084209556349811532e-01
5.836955051898886637e-01
2.967098418290623485e-01
2.080794256974680678e-01
8.236088458490622433e-01
-2.679468274078102841e-01
-3.245676888283344219e-01
3.125244295082345580e-01
7.772087129336626710e-01
-2.910954715061848663e-01
6.820585472313973607e-01
