-9.730008280969328904e-01
-2.119858330074479991e-01
9.776808091414361801e-01
-1.003121491882612570e-01
2.683640099820314706e-01
9.326846331178526572e-01
6.256777561135207222e-01
3.712292731813238156e-01
8.772590169812577443e-03
9.629254009576948548e-01
4.245448018528608092e-01
-9.858172996658649545e-01
3.490362882613751161e-02
3.803446417075619923e-01
6.919464742775913724e-01
1.304369428364315908e-01
-1.684402299366321021e-01
-4.821998422484772284e-01
7.085396119463420739e-01
-1.651024941681324965e-01
1.528379531518417878e-01
-8.884218858883761172e-01
-8.415151654999386555e-01
1.681306000937043965e-01
9.664951467107889549e-01
7.228836820067978675e-01
-4.920406729152884129e-01
8.616297392854632697e-01
-2.643285596243578617e-01
-7.566120149364223835e-01
-9.162436974066876516e-01
2.754242879606463301e-01
-8.008652898786723373e-01
-7.312145018609936820e-01
9.469021856747659172e-01
8.107052375595187321e-01
-9.308012033858923395e-01
2.295527019604419738e-01
3.545778491968283319e-01
-9.477505767208871390e-01
9.800691739878137909e-01
8.497082521897025842e-02
-4.394808645677925618e-01
1.324851686181283128e-01
4.238668062301156336e-01
-8.376426821697664504e-01
4.929403192017380864e-01
6.946330428301690230e-01
3.603028636394611794e-02
9.623453040807994352e-01
-2.385084476790377828e-02
-5.670992553010181236e-01
6.898290258483021908e-01
-3.670179675065532443e-02
-1.415268028024934122e-01
-2.876988147956196507e-01
4.824692738466049846e-01
-7.596959744233253709e-01
8.592399149378688872e-01
7.366927240549616673e-01
7.919736685330525106e-03
-2.009157314120346705e-02
-1.086705892925998729e-01
-6.257391748271687870e-01
4.641760304119735281e-02
3.781171545641748288e-02
3.484340473117693016e-01
-7.375018972456941491e-01
-9.471866542649574061e-01
8.928761315695106227e-01
4.023274149504725283e-01
-9.026061468881667604e-01
-4.451285481863909155e-01
-1.298037613601132900e-01
-8.192858703435315082e-01
-8.952620860709874506e-01
-7.815889834291323002e-01
6.162766808320916390e-01
-4.058950245541270707e-01
6.107425871875604706e-01
-5.358272161315988935e-01
2.757371995117063879e-01
8.075627598521153416e-01
6.106699281295910886e-01
-1.027148595258120523e-02
-3.230532751826538096e-01
8.504860491783539089e-01
-1.951921830205749497e-01
-7.394843162385245083e-01
-2.914714172584582652e-01
-6.117630492677079701e-01
-8.884306449908816461e-01
9.694491233163127220e-03
8.933446458765408327e-01
-5.334888806116118154e-01
-8.103767224394604618e-01
-3.950876176348621094e-01
-6.983986542859492719e-01
6.732510142734546843e-01
7.197816144206878874e-01
-9.268570356188998716e-03
6.276119986216330826e-01
-6.364067015026091401e-01
8.809951912082696346e-01
-8.146993071444510459e-01
-8.118205714322934696e-02
-4.171104656104418495e-01
-1.753307285164278362e-01
-6.638478110063168458e-01
7.047252563882517862e-01
-7.236333972618880228e-01
-3.817856527374350328e-01
-3.487615936318488874e-01
-3.346776409068830116e-01
3.584912834835689566e-01
8.580321099126397844e-01
9.058170766755240244e-01
-9.984327485450776862e-01
-4.199711588774539539e-01
3.435204116603782776e-01
8.381227425361756911e-01
-1.046040227825371094e-01
-8.737095558429746056e-01
-8.303231604442509184e-01
-4.920406729152884129e-01
-1.624991592624971393e-01
-7.242300854694962986e-01
-6.150149595946989844e-01
5.899499885847674374e-01
5.599055337908744878e-01
-1.574227504098701935e-01
1.597634499512732287e-01
1.011566922189421902e-02
5.599055337908744878e-01
-8.610272254785533708e-01
-5.854449558035705881e-01
5.994613999894837786e-01
-4.712514090998916050e-01
4.245448018528608092e-01
1.080556815496636069e-02
3.262708301800105737e-01
3.237111005708503964e-01
5.267223189859904231e-02
-7.935911755897355757e-01
7.176894846006938167e-01
-2.597154017907223889e-01
2.295527019604419738e-01
-2.846798473005331953e-01
6.963477758910556759e-01
-7.145557374155808716e-02
6.353102199241056347e-01
-8.447636539136929024e-01
7.340350869022038705e-01
9.621259405688293853e-01
6.285400730786159240e-01
4.929403192017380864e-01
-4.183216288251272452e-01
9.738053155773087610e-01
7.755419427809562283e-01
-6.063376312675139435e-01
5.143196952571100766e-01
7.050335726379881596e-01
2.317222206717004518e-01
8.241551964689022292e-01
5.226631934242189637e-01
-6.531933590221661312e-02
-2.752645770311545892e-01
7.156992459975610732e-01
9.039043145075611463e-01
7.553343284202858054e-01
8.944482984979214013e-01
-1.601931154062787854e-01
-7.480871474592201142e-01
8.754990609611823515e-02
7.166812216240951994e-01
-8.053357945417438657e-02
-5.486461503909432214e-01
-2.239982878113988551e-01
4.626970717361411634e-01
-2.119858330074479991e-01
-6.548053761900654024e-01
4.849066848967686916e-01
3.508069258411381508e-01
2.424529829819366267e-01
3.364677652782799289e-01
8.873396876112276122e-01
7.344023028579682588e-01
-2.388949023222617374e-01
-4.964077670153748123e-01
-3.154300724560969993e-01
-8.439634585011608348e-01
-6.587185590234163612e-01
2.174647976326431476e-01
-7.635817257869754737e-01
-1.614759696618233153e-01
-4.625373490382183039e-01
1.145017510038586206e-01
-5.959538968127906511e-01
3.691764312850609464e-01
-8.936319261119582968e-01
5.993326905580009800e-02
-1.350608557447465774e-01
-3.760469718942660577e-02
-1.957414425877066488e-01
6.942781252898673205e-01
-9.322481117242455984e-01
-9.056189722273801923e-01
-2.362302835800784706e-01
-6.416474332803432379e-01
-5.147437889714765458e-01
-7.743169856327996037e-01
-9.371145918547019171e-02
1.417752036628667778e-01
6.616754796543335981e-01
3.225215992427781231e-01
4.596094566985058361e-01
-1.376205447828673378e-01
-8.718491045825846886e-01
1.878654276803102263e-01
2.954050388297266849e-01
-8.490372840177788927e-01
8.684443619553812166e-01
3.807377092538077878e-01
-8.737095558429746056e-01
-4.183216288251272452e-01
-3.976880289314705941e-01
-6.364067015026091401e-01
2.754242879606463301e-01
-5.212898856281897864e-01
5.074782028834043945e-01
2.511310501519055105e-01
-8.883350108761189912e-01
-2.286982183352626041e-01
-2.344042740761060895e-01
-8.848231290190282650e-01
1.048548962566986376e-01
-7.786026934329723925e-01
9.213105267905838947e-01
5.599055337908744878e-01
9.590649504148600624e-01
-9.482978509221955399e-01
5.895949747439654942e-02
4.771413654347793631e-01
-5.147437889714765458e-01
-4.986208034685732926e-01
7.747625535738451585e-01
-7.766982520355210085e-01
-3.758341621901488683e-01
1.446016360866411166e-01
-5.233317632843355049e-01
-5.027964803668354410e-01
-3.346776409068830116e-01
5.339527960610230828e-01
4.760864377530475977e-01
6.661212095370281361e-01
-1.794043528144699806e-01
9.488463356774952118e-01
-2.308753593214993849e-01
-1.254982442606831228e-01
-3.240116487429958170e-01
-6.829346048196642815e-01
-8.214426808603805252e-01
7.177924512911033617e-01
7.340350869022038705e-01
-3.214863871076121260e-01
