2.545113202870521452e-01
-8.478562634145991872e-01
5.249821347464089794e-01
1.109320004315803576e-01
5.069547705697656781e-01
-8.789392127084878492e-01
9.666396679421984661e-01
8.971055440880366660e-01
-6.029532970147848392e-01
-5.947257233128673271e-01
-1.814071225286146838e-01
7.675558390907832873e-03
-9.043588148686010353e-01
7.083207325461575721e-01
-4.319416358606784634e-01
-2.598065989329683134e-01
-1.754011290696990688e-01
-8.080433166642999598e-01
7.413560392087350515e-01
1.627042379060075206e-01
7.545237267123385827e-01
9.311062873078641555e-01
-6.601172875471672530e-01
9.434485538399415283e-01
-8.584562635379782147e-01
7.978497636448680375e-01
8.135028247761180165e-01
2.086176801874031206e-01
-2.516906272656125321e-01
-9.502116433331182499e-01
-9.546660157168009864e-01
-2.617496007257094082e-01
-3.829378052975376256e-01
-2.438443571664783427e-01
7.324618273417640157e-01
8.598008033222117596e-01
-1.636318153190918778e-01
-5.982227460887112880e-01
-8.284803104165527898e-02
4.614378239172773899e-01
-4.495648065653234937e-02
3.412110471955889235e-01
3.965380508875977483e-01
-3.120902522425783587e-01
-2.570725693899127418e-01
-4.841784812474771993e-01
1.778136983275728777e-01
4.507670122080422725e-01
4.788725197428456148e-01
-9.676667361589286198e-01
-8.006719469207725925e-01
1.469173012519093824e-01
-9.006049244128235820e-01
-5.772830339318473225e-01
5.056257165087356675e-01
2.949434981049876559e-01
-6.018731095413707433e-01
-2.519902844835841815e-01
-4.124428603803067528e-01
-1.717347928270149815e-01
2.585075044715330339e-01
2.685749528033534173e-01
6.434418766292895331e-01
-6.549128177858980493e-01
-8.434608831480838731e-03
-5.588906361430194814e-01
-6.872770711220859141e-01
6.671332513843615253e-01
-9.016422395292875702e-01
-3.907123047239235980e-02
7.451536680639505583e-01
-5.080913170498124742e-02
-3.199706182691464118e-01
7.142538869661967382e-01
-2.728017834042693046e-01
9.950811474055691885e-01
8.540053859155840588e-01
-9.218911094614434809e-01
-5.348523685869788213e-01
-9.222844484251573327e-01
-5.795859338049405007e-01
-6.408780009009900080e-01
-9.816869357742317170e-01
7.842353671526334224e-01
7.912649333419530251e-02
2.156105328730542059e-01
5.007293703119619632e-01
-8.960810249354800305e-01
7.989027627364193584e-01
7.408986589616164409e-01
-3.116208556311146349e-01
-2.802093913416465742e-01
-2.135741231580345900e-01
-5.173010274266369724e-01
1.741521894972408724e-01
5.396023253856618851e-02
-6.729539427548447694e-01
3.543910165680852487e-02
7.298040095504976232e-01
5.374209361608115465e-01
8.179883318248828417e-01
-9.649532694621507645e-01
6.754796795398079201e-01
-7.155010865684197086e-01
3.323181498114649024e-01
-1.490800767966551366e-01
3.259658863445122901e-01
6.443569875793098145e-01
4.928676856678697593e-01
6.821622925685717487e-01
-7.615916223630461168e-01
2.028593474203896907e-01
-9.495221940326121768e-01
2.388268553965626761e-01
-5.376189090692893302e-01
-7.933544671071466325e-01
8.688198699890050669e-01
7.198662208933397366e-01
8.751919877339382481e-01
8.312975744020281166e-01
8.919614465795302483e-01
5.946977952676146817e-01
-2.025736544238874171e-01
-8.648177877833451710e-01
8.018574624858021416e-02
9.260308872273792513e-01
-9.559105986700489055e-01
-1.541678055352699861e-01
-9.125038049471243529e-01
-3.351477569184839744e-01
-2.847142855286977081e-02
9.385683788736629563e-01
-2.296498111749656346e-01
-1.620622527793120771e-01
4.167384209481899138e-01
-1.255708754483153555e-01
6.243265397630652913e-01
-1.905396178088301085e-01
-7.130079602999701560e-01
-1.568151871874201575e-02
7.355139502106737837e-01
9.936087060291698414e-01
-5.655730340791291777e-01
8.256557115521370172e-01
7.591850083803519667e-02
-4.281618294968847493e-01
6.966183484820587246e-01
-2.291338309469883594e-01
5.662308943737552891e-01
-1.242983376372339688e-01
2.668502927598386254e-01
1.436219046484477069e-01
-5.721704359135528772e-01
-4.734496807091743698e-01
3.234087244804804140e-01
6.814508468670661401e-01
-7.396131506638385922e-01
6.893279256467452765e-01
-4.038913202830198834e-01
2.171390698623958393e-01
-8.239296733890140167e-01
-6.899466948710890613e-01
-2.567681558520529261e-01
-7.233544705443868406e-01
-5.101499535825118059e-01
-9.297712579576551395e-01
3.639438399075511921e-01
-1.818209233497602995e-01
-2.405781826992687833e-01
-5.798013794565106682e-01
-6.098003377440033290e-01
-4.971958257040864915e-01
3.242508045921588256e-01
1.560188099998527367e-01
-7.392939463408694234e-01
-4.704890231129816858e-01
5.784799542900009861e-01
5.808429392440430661e-01
-7.528547029286727366e-01
4.067697891163797319e-01
7.351893238778162143e-01
3.338365871980748523e-01
-8.504619703916915796e-02
9.005797824070858049e-01
9.243803155186287590e-01
5.096956257154796610e-01
-6.292500902459499112e-01
5.444736541020820386e-01
-5.138209541991858309e-01
8.408142664481372819e-01
-3.552522594350460139e-01
7.657617851894591432e-01
-5.147007839373431981e-01
-7.323534837388980812e-01
9.031920617022757281e-01
6.122418984761384131e-01
-3.677661829465972421e-01
4.428383737710230861e-01
-9.991064681745402964e-01
8.389808818235260368e-01
-4.977036687172888829e-01
-8.732763678064672241e-01
-4.387595780101241072e-01
-1.841364089896297962e-01
-6.804115321725556775e-01
-5.182594480906805856e-01
-7.052968180420431388e-01
4.378350356447573422e-01
7.706267471253596124e-01
2.854409714998535907e-01
-4.289895080852823561e-02
-7.422688347674917253e-01
2.869251926678015874e-01
1.298523160166000778e-01
9.919783168704707776e-01
1.053052282236481840e-01
-6.560122701641555309e-01
7.060255404892750164e-01
-5.338192643502930324e-01
2.301457762163281462e-01
-1.112315144897395580e-01
-6.966064159762022090e-01
3.178652833130968247e-02
2.354118984661244252e-01
4.072384923212366559e-01
-3.141034779521738596e-01
-1.349289291071114061e-01
5.793193539338890030e-01
-7.521607738312046099e-01
8.768694200809235006e-01
-8.850103317913842194e-01
-9.914066271123234131e-03
-5.855494817801125684e-01
6.761485025969564688e-01
6.052085715528265908e-02
-7.600842430535568184e-01
4.705944693411832080e-01
-4.139310320420142020e-01
-7.826718436696711301e-01
9.951728407657820519e-01
-7.819602331726833722e-01
-5.563015356653575605e-01
-8.789356733713193925e-01
-6.406783749842670517e-02
6.074359929778294642e-02
-1.127277651991061003e-01
-3.791601416682552905e-01
-5.598875855586247230e-01
6.741453428579713414e-01
8.999463631796074115e-01
-9.019034980263478385e-01
6.919477811700474046e-01
5.799539384310796741e-01
-8.938324714251777436e-02
-8.414969352139405334e-01
7.413362475884153202e-01
-1.843259768870919579e-01
6.265875340812758765e-01
2.489652602182306218e-01
-8.281070585863161693e-01
-8.838114574459436934e-01
-1.014553703491847259e-01
4.409002716909422581e-01
1.966083729782208689e-01
4.680826832499835888e-01
