-1.831962195003896232e+00
-2.035184457679560133e+00
-9.764550184047717796e-01
-3.078331806481572563e+00
-4.665373850960354840e-01
1.679079351203217607e+00
-1.034745589513519581e+00
-3.904549772263881113e+00
8.644465920215328447e-01
1.096915801892885955e-01
-9.717803588771930512e-01
-3.880964385170783348e+00
-2.223667869467748304e+00
1.874479460290492838e+00
-9.288093987014548469e-01
3.458044242749986452e+00
-4.083384998052692616e-01
2.075418565282638017e+00
-1.818771344608510532e+00
-6.915043134617562259e-01
-1.001389030722013018e+00
-9.876475156258205379e-01
1.328223860170421045e+00
7.472022949297237870e-01
1.184099068003101607e+00
3.333060082872095542e+00
1.756406437161176504e-01
-8.667450749908939267e-02
1.784643429723901331e+00
1.208091574248318700e+00
-1.942918851919764878e+00
-1.540429585462806950e+00
-5.344288495211151346e-01
2.477555471851558888e+00
-7.588228036039692537e-01
-7.271397743042882222e-01
8.944890090998973697e-01
1.570077083241591120e+00
-1.131032578288560408e+00
-4.102446710076639746e+00
1.175161262608614976e+00
-5.833977768459492896e-01
1.813286243693651434e+00
-2.679640665199777061e+00
-7.217232785798259886e-01
-9.232965495252071220e-01
-9.705449069023515118e-01
-4.952913284966005136e-01
1.381185839264421844e+00
-1.429828453359989648e+00
-3.982327710703524870e-01
6.290173286157685340e-02
1.535246695954870733e+00
-1.832269341556722830e+00
9.499379767592464052e-01
1.203927980632699235e+00
-2.480379978487721182e+00
-3.367193911799283956e+00
3.703361989384290620e-02
1.906166903628542464e+00
-7.764819290798499196e-01
-1.403334510031736482e+00
8.206537427534277285e-02
-5.020943832527577921e-01
4.264450059605102705e-01
-1.338093024916476637e+00
-1.345999363305280472e+00
8.180721676432010092e-01
2.152763074717816583e+00
-3.432714097210379789e-01
1.112489377396092660e+00
8.246742256101071700e-01
-7.962293067330397101e-01
9.018447107896784276e-01
-1.662581329745191905e+00
-2.304846287261805848e+00
2.021696445619644233e+00
4.004796000221834129e-01
-6.402739949246483153e-01
-1.675394741488434036e+00
-3.485782632385703295e-01
-2.004587151735855777e+00
-1.949799096118360442e+00
2.970774944114662475e-01
-1.717339245807463777e-01
1.012889333561152183e-01
-6.595890058265978517e-01
-9.420270195546969205e-01
-2.251958823907003748e-01
-1.203560754164044511e+00
-4.951226122429794874e-01
1.364147503925706495e+00
-1.958652974688338322e+00
1.380616403903178746e-01
-1.951911895669721453e+00
-7.719365482655184962e-01
-2.128469293591206402e-02
-1.155711721742995746e-01
2.587867283535625340e-01
-6.452142512430836252e-01
-1.027779672804741917e+00
-1.629953394941767275e+00
-4.227873834527533514e-01
2.247641241822617708e-02
-1.685183261063668336e+00
3.059259859945584026e+00
-2.994037237424587605e+00
-1.107981178172843695e+00
5.451167100278584421e-01
1.244234678018597329e+00
1.270985499875228131e+00
4.698651238821394127e-01
2.026956625121648869e+00
3.727784596833588759e-01
2.506173587158316174e+00
1.913061319483591038e-01
1.487409838702713927e+00
1.152541427056777090e+00
1.785608329545831374e+00
-1.440817646208571778e+00
-6.679410307387834145e-02
-1.677414196642756261e+00
2.298683111974014981e+00
1.087307301263696235e+00
1.216296360297473456e+00
-1.668807534795526015e+00
6.409322979157835443e-01
-1.740368768134087141e+00
-9.332216254103631314e-01
5.143957180316883537e+00
6.640113946598086292e-01
2.297271453581809730e+00
-1.879384026084735204e+00
5.645320171479141225e-01
4.579113417442609801e+00
3.320734481544276306e+00
1.502746890012559788e+00
2.999067697089655926e+00
3.950273670152273375e+00
-2.296898944424338840e+00
7.134055802371909394e+00
-1.173113054224196317e+00
7.757846667872083657e-01
3.658030790437155400e+00
5.124666012264689208e-02
9.352328458719094684e-01
7.538411452885235287e-01
-2.556884165005549825e+00
-2.264463858145407293e+00
-3.973722444028647605e+00
6.134796143355840670e-01
-8.053647092357880677e-01
-8.800220476532839564e-01
3.475155443650992382e+00
-8.842837056568464416e-02
3.185720578606274334e+00
2.364234057415355306e+00
8.645699921213394479e-01
1.201495607625240991e+00
-2.159732523202986698e+00
2.197858001253162108e+00
-2.013942025194350727e+00
5.352583523290214140e-01
-4.047110268240574626e+00
-1.437422234137963883e-02
2.261531408749406502e-01
-4.955505592295777473e-01
9.268404937798564447e-01
8.532593053211043888e-01
3.856700179413752316e-01
4.646212826077374403e-01
1.489791777084468416e+00
-8.035984702504324062e-01
1.115195311612537266e+00
9.494710836421128564e-01
-2.528628355184779242e+00
-4.660318565089174747e+00
-1.253446783873463310e+00
1.644331348893513400e+00
1.268940130132397481e+00
-1.758560379606235902e+00
-1.899791731810094086e+00
-7.004876142531542005e-01
4.001238269264466574e+00
7.621457066934429481e-01
1.700135437422831686e+00
-3.515396455454047331e+00
-2.473806521625742327e+00
3.435119786370696371e+00
3.586791509640678832e-01
8.366937331130508415e-01
-2.286208216533449633e+00
-8.055189366979310650e-01
-2.073865830410485778e+00
7.549210445274801007e-01
7.581240005836957785e-01
-2.874378671212513559e-01
9.937840791372622995e-01
-1.843666371963157635e+00
2.162107470472136583e-01
-2.877256131238611903e-02
7.443685264229812359e-01
-1.611533456414462551e+00
1.931264762603577267e-01
1.403703271223434079e+00
9.486850637538718489e-01
3.624986688422198178e-01
-2.608923148480995380e+00
6.849592742347893060e-02
8.442107614614797750e-01
4.009388873457374380e+00
3.868330202273640994e-01
3.819392154097363545e-01
2.157014497843060319e+00
-1.500862123716060204e+00
-2.891423045230994582e+00
-2.602838827590284732e-01
8.576728680016184603e-01
9.436609656096942578e-01
-9.234728698308719563e-01
-3.676597040021089224e+00
1.054688839894686592e-01
2.060380932868756787e+00
-7.445325742673092329e-03
1.545978107364646137e+00
-1.186445581811461869e+00
1.232248910959060195e+00
2.288003532998966971e+00
4.420583604276894785e-01
-1.678735511616312959e+00
-1.943805170354991674e+00
1.181577113010761515e+00
9.928311046054969502e-01
-3.392910544133611039e-01
2.676661529377410531e+00
1.553737806151744838e-01
1.181959621876854438e+00
8.442136352548379463e-02
2.015056236025611458e+00
-1.980115927472837933e+00
3.938507011787938383e-01
-1.239104004670685266e-01
-1.822177469893577761e-01
-1.365338444858205769e+00
-2.552960401522182288e+00
5.575179651958566129e-01
1.910786154680527149e-01
-9.385638976709058667e-01
-3.540073066829711124e+00
1.620174743368702153e+00
-2.144934684892735532e+00
6.638641032714422963e-01
-4.127769999259751188e+00
1.757834602266358459e+00
-9.372201478957001841e-01
-1.352340483746893529e+00
-3.286617561788574005e-01
-2.044893332644720729e+00
9.331242245140656255e-01
-1.518893660549910374e-01
1.490925871197468444e+00
-5.780520528006036773e-01
-7.122592617369492007e-01
1.946705311902067637e+00
-1.204133630944670130e-01
