6.227954599348568543e-01
-8.598236193879387201e-01
7.980894416743864461e-01
-4.538769839857779154e-01
8.305550713433340615e-01
5.388196156461100284e-01
-5.254774980934362461e-01
-3.224119480109894909e-01
2.796317142771242992e-01
7.160446591194613575e-02
2.391824428469391250e-01
-9.590983252867257836e-01
-9.541990568764342484e-01
-5.264690810502186125e-01
9.570363039101765779e-01
-9.106143303221629903e-01
9.323047624019193957e-01
-3.851243619620792202e-01
-5.869447545282975298e-01
8.533977852145904208e-01
-3.726865159054162380e-01
-4.057699865087822655e-01
-7.798462075780125957e-01
-1.562949037995993162e-01
-3.101439463306518984e-01
-3.485816921327293816e-01
3.769817650595630454e-01
9.885123242567881441e-01
4.209802479034550071e-01
-9.304294321784873922e-01
-8.844276861955868707e-01
3.315124893299767894e-01
3.773988040063591676e-01
2.300705757511434246e-01
-2.136613557440070199e-01
5.337969886808706654e-01
5.590369968492714392e-01
1.638033489147123767e-01
-2.658327717977446714e-01
8.432590259122996201e-02
-9.082576264023400903e-01
-1.738901738451723578e-01
-8.303425023307582364e-01
-3.688167926453704837e-01
2.450954493225445674e-01
-5.794656793472929834e-02
9.545954481826126603e-01
1.026739112393524334e-01
-4.773281072580224382e-01
-6.112497396450928822e-01
3.912870833486721267e-01
-2.876435002915889161e-01
6.516696222298408170e-01
3.570805471512286111e-01
-7.707891752066429181e-01
-3.104230882708420847e-01
9.871705910393879790e-03
8.634313137577300790e-01
-1.829512377050697136e-01
2.782360962939856019e-01
-6.403101702582483234e-01
7.520777991067524315e-01
-2.968978261852825984e-01
-3.949127473764639795e-01
5.645662985830759428e-01
-4.054155447902434428e-01
-9.890899777928265912e-01
4.901161358292409620e-01
8.103142551626185686e-01
-9.156178982818528045e-01
3.232552065147167308e-01
7.441282968032778555e-01
4.739207058830108288e-01
1.092224323920554241e-02
7.354558747482682346e-01
4.125456961523072952e-01
8.018532642459708093e-02
-5.932835048516205134e-02
6.769173696747048385e-01
-9.655156662134103396e-01
-8.545311165927302888e-01
-1.255861426971205397e-02
-5.745634983138068197e-01
4.839053235465187175e-01
-7.811389880297914257e-01
1.754365412288125814e-01
9.275806759617946096e-01
-7.859527194962221408e-01
-4.509576581303449405e-01
4.472298267328620458e-01
1.542918097726333482e-01
6.484791270046066369e-01
8.342452900512047353e-01
-8.459733477062707507e-01
8.476400859276240762e-01
-3.301292444027061901e-01
-4.530565634324723590e-01
9.462620396429450853e-01
-3.014645854549971027e-01
-3.830849381486125527e-01
-9.697754199193844293e-01
8.505102835701383590e-02
-9.675143839196966855e-01
-2.212073216227836703e-01
7.087998412446521179e-01
-6.347863954375245754e-01
-3.624538175984373112e-01
-7.362428012400943356e-01
5.717223826513593288e-01
4.121211652856850982e-01
-4.499608243590582646e-01
-8.118927691156785365e-02
-2.837656405448547581e-01
-3.565883851243545344e-01
4.962515489718581918e-01
3.992171710775278548e-01
8.903613110035208944e-01
-3.770324801505970935e-01
-6.226546410548248200e-01
3.554440652093477926e-01
-9.168465447133737900e-01
-8.683111708254453998e-01
1.154217323248583060e-01
-6.090021864686503417e-01
-1.296784622677460419e-02
-4.479106191738742027e-01
5.542019512057205777e-01
-3.392088544598848010e-02
1.675562300253095049e-01
-9.588890175604527499e-01
4.341592824376188098e-01
-1.938755623485102220e-01
-7.610234696898388052e-01
-9.476466816731834442e-01
5.634858669108475659e-01
-1.792040948359920893e-01
-7.042016537143531707e-01
5.119110243711084696e-01
-1.202465454203456297e-01
4.313402839619346896e-01
6.475558989218930250e-01
-6.751792624964370049e-02
-5.737205396335851582e-01
4.262090000722134064e-01
-4.749378811091837793e-01
-9.299058042261498791e-02
-2.216489247832189591e-01
-9.631065065769464084e-01
2.328264748593478206e-01
8.369739378374057015e-01
-6.517618605863642056e-01
-9.471769682311048655e-02
-2.234973082220841345e-01
-1.526585091354735191e-01
-8.929779444834196056e-01
9.736531029806931858e-01
4.539470088545916049e-02
-8.006096797665143150e-01
5.925448666048376278e-01
-6.625750264482026530e-01
1.104778372460673008e-01
5.728804538036857963e-02
1.074052121083157729e-02
-9.951865583682473204e-01
9.411654669648576998e-01
-5.786728957417741626e-02
8.993072031735929173e-01
6.325406659533170384e-01
7.124685555047527430e-03
3.271650601904703137e-01
4.880411816532050917e-01
3.216065743397011900e-02
-1.024678922372679324e-01
-4.270796267803926849e-01
-4.107845489761232649e-01
-2.958643390242527982e-01
7.033265758366804565e-01
6.264402055393902824e-01
6.790011003135369982e-01
-2.434507370258729431e-01
2.283684419402132182e-01
9.850891694825443246e-01
7.338151981161002979e-01
-3.741006364979415633e-01
-7.451862333987111509e-01
-8.533454948551233432e-01
5.137894021280975387e-02
6.221564289545957749e-01
-5.666364079130490339e-01
-8.130960857733264824e-01
-8.806142828101783948e-01
3.274625809418794109e-01
-7.788805643389733468e-01
-2.378407276710772233e-01
-7.439908472465146527e-01
-6.690914338151279228e-01
-1.518239472363056564e-01
6.451082669514101031e-01
2.860144156754107492e-01
4.120500487681222346e-01
3.393240184837487128e-02
-2.214212522164964447e-01
-1.585054240781098578e-01
-6.568394205615999404e-01
2.916994578912346370e-01
4.164370389832483532e-01
1.070156510304656194e-01
8.389151820107152435e-01
2.729914088680640560e-02
-3.564700164355238954e-02
-9.396108405356295989e-01
-6.259080552927840380e-01
4.662771424051073144e-01
-9.658894646742270940e-01
1.764104251699840642e-01
-8.944208002471820684e-02
-6.192367537058991456e-01
-5.156942561452222407e-01
-9.368651804587435628e-01
-6.293174358453161865e-01
2.830964678723411065e-01
2.824197748650081330e-01
7.295129342903710068e-01
-7.559341841170093002e-01
-5.708431942580545204e-01
-8.277697593120794117e-01
-1.097048453825986147e-01
4.497919048882246251e-01
8.927461030140753095e-01
-4.966896966002620761e-01
8.378933959407151022e-01
-9.433272290461269804e-01
-4.036791635509897613e-01
3.122007177093677477e-01
-2.885324812620373436e-01
-2.713082274022760032e-02
-8.669045155075618680e-01
2.221843615382754766e-01
5.739035088399082607e-01
-1.883032582801789090e-01
-8.568414555947250211e-01
-8.541058880961773792e-01
-4.454952761244324044e-01
4.269787779774207870e-01
8.105818802852344795e-01
-4.808928385604676059e-01
-7.158455483665981944e-01
-9.290853564572776335e-02
9.586294470646494759e-01
-6.799912108659409427e-01
-1.340872887019550763e-01
-5.730856698154385143e-02
1.570461552247182091e-01
1.670125713476262597e-01
-3.214534213799080664e-01
7.660434681876604479e-02
-4.043971540416084753e-01
2.027639134598988591e-01
1.435852006243099055e-01
-9.369823828931163057e-01
-8.070436510668557162e-01
4.981261340157241424e-01
8.254735261418373327e-01
-4.238639361411462581e-01
-5.199793150440186196e-01
