6.383011355462302472e-01
-8.556060381604431164e-01
-4.068775046125083783e-02
4.572071738678815667e-01
-4.915624450696098879e-01
-5.450178577273527836e-01
-2.961130509163534263e-01
6.841283646851741285e-01
9.750544650607873010e-01
8.522449535944007781e-01
1.203165478769034902e-01
2.302792508726756449e-01
-9.955677591967797557e-01
-6.242811961892267281e-01
8.750719115107876700e-01
-3.740199994819926044e-01
-7.106702194108018844e-01
-8.752135989810572170e-01
-3.173027028378785364e-01
1.185779430792579525e-01
-6.512076886726536618e-01
1.378419259101251182e-01
2.200143073110716330e-01
1.790580840982627375e-01
-9.132423232462110185e-01
6.669043988135416878e-01
6.010803962035491388e-01
-4.696310151671889699e-01
-4.566048489539333843e-01
-5.069737665793954129e-01
2.698779032315254955e-01
8.879133086956516596e-01
-4.958847338009551020e-01
-5.120081586512583716e-01
3.350958866402291569e-01
3.181876378944723527e-01
-7.983941310413338321e-01
-8.784641385236939826e-01
1.230688573616880443e-01
-2.469646654054837853e-01
7.841346831151436714e-01
3.026959828272133279e-01
-7.221612757374473723e-02
5.087744121274786480e-01
-7.466539269006873258e-01
-9.166212346869180294e-01
-4.226449940960674834e-01
-8.339592037444800710e-01
6.995226073033866676e-01
4.042798158953355703e-01
8.795245480882933897e-01
1.675811880439486146e-01
6.927356334990175668e-01
3.092446833859607835e-02
9.750544650607873010e-01
-3.173027028378785364e-01
4.002654993443630627e-01
-1.532784121618442352e-01
-2.465787729464530287e-02
3.590354129014430296e-01
-2.367584414159444872e-01
5.105310570851797625e-01
-5.884009100453209129e-01
-7.431320091172877174e-01
1.187803893871239858e-01
3.959527441326673447e-01
1.107051041323545704e-01
3.391751798286446462e-01
-1.866802597814964937e-01
-9.458064152887377674e-01
-6.512076886726536618e-01
-9.545582460166268657e-01
9.193939014287495493e-01
2.921957749595041065e-01
2.909793585078781497e-01
-3.186877342342093744e-01
-2.498018641710175736e-02
-4.153846936390004352e-01
6.125568807175763020e-02
9.671614393689196287e-01
-4.437108837307532916e-01
8.463834319507630433e-01
9.065526603268234673e-01
6.996561170421340403e-01
4.482476823390550980e-01
-9.533785921734334590e-01
6.016434567264408173e-01
-1.908007207345110423e-01
-5.957057690677940442e-01
1.760638170299966276e-02
-1.696216104881653752e-01
-5.120081586512583716e-01
-4.846811221594147234e-01
-6.849417497166476743e-02
1.338764060552977142e-02
1.893420984964793163e-01
9.447683819636698566e-02
7.139301070909476188e-02
-2.678934701440163213e-01
5.562774956147840122e-01
-3.120332401667798017e-01
-9.678047253168846620e-01
1.185838836551098563e-01
-7.761741580373746618e-01
-8.323397981867777240e-01
2.032048915438202652e-01
5.103483235078745128e-01
9.969243097885152061e-01
2.371605644662748702e-01
-2.989650962978309678e-01
-8.911111476455046976e-01
1.118112244977456093e-01
5.580067425108528045e-01
5.105310570851797625e-01
-2.290018193012401948e-01
-2.910637875757555726e-01
-5.346684425785830364e-02
-5.354714636763417968e-01
-2.343347544835616691e-01
4.231514326467682441e-01
-6.465768824537765358e-01
-3.810698115634392202e-02
9.738097619180254849e-01
-8.022241567615300273e-01
5.879509820814112775e-01
-6.175741438246595827e-01
-7.721902785572756223e-01
-7.373428159395014614e-01
-5.325828788912851941e-01
4.531369314880007160e-02
9.567276273818676735e-01
-5.884009100453209129e-01
9.568450781924053850e-01
-9.542139820555719520e-01
8.063412925729080971e-01
2.711696221791681793e-02
-1.837018408385717727e-01
-5.146088946903069061e-01
8.265951731218241783e-01
-5.805968869882935923e-01
8.050376510050731849e-01
5.044706020472518038e-01
8.645017984603224903e-01
-3.049595383961911654e-01
-7.213800059883526128e-01
-6.807571028284946646e-01
-3.388507048454958426e-01
8.397548241054193507e-01
3.365690616294862991e-01
4.714834820290443318e-01
2.094680446932131179e-01
-3.186877342342093744e-01
7.980566900153867049e-01
-4.446030277639978490e-01
6.285835782497906088e-02
-3.455167966684056235e-01
-7.032986874255504617e-01
-6.997261209703877771e-01
6.157821790573301257e-01
-3.795972432024721233e-01
7.061478082849479421e-01
-4.540740799144633577e-01
8.190625761587297937e-01
-1.542500431475677392e-01
-9.048680453975785909e-01
-7.227578147086757276e-01
8.993249711601509766e-01
-5.323415518948770853e-03
-6.888411656773580916e-01
2.228117145304442381e-02
-3.827002160699368716e-01
3.429958614651673621e-01
1.646506595129946238e-01
9.388159485998897047e-01
6.272709171720314281e-02
1.386422859211029479e-01
-2.727178564407366501e-01
-7.213800059883526128e-01
-4.376348384255446256e-02
-9.699428655940660615e-01
-2.570106219501844258e-01
-1.934185833659114451e-01
-7.211254007381280307e-01
3.183423295095790806e-01
-2.070172309972002633e-01
-7.455825019044959312e-02
4.212363769310267791e-01
-4.501783692611871501e-01
9.212438207657540623e-01
5.203309461907816846e-01
-2.945676924063616031e-01
-6.739414007631994163e-01
-2.782856923123018245e-01
5.258728723058725407e-01
-5.069737665793954129e-01
4.079457697294290863e-01
-3.033861722547330775e-01
-3.388507048454958426e-01
3.467747974651806953e-01
-9.550011216737697151e-01
3.707828831596966523e-01
1.107051041323545704e-01
4.633842588373704441e-01
2.122999802922749257e-01
-3.120332401667798017e-01
3.234159317105511633e-01
1.997162214812833181e-01
-3.600188769747374451e-01
-1.035236348478483226e-01
-6.828336802627987812e-01
3.683395281171866209e-01
2.254257583159071654e-01
4.371479567984799530e-01
9.351162769620062765e-01
2.921957749595041065e-01
9.031899685267674727e-02
4.429885637682193789e-01
-4.270408902180911070e-02
2.122999802922749257e-01
8.733290362858825429e-01
-3.740199994819926044e-01
-6.610180496708626396e-01
-7.731739947655882350e-01
2.698779032315254955e-01
-9.187737815951402265e-01
-4.998194630208130373e-01
-3.538649519567060864e-02
-8.849684163762099320e-01
2.832589747524594248e-01
2.160153995865732313e-02
-3.677165931452006653e-01
4.079457697294290863e-01
-7.367539529680502408e-01
-2.538825678657952167e-02
-8.633461879429147334e-01
1.086662965613032217e-01
-4.978619946768632065e-01
6.996561170421340403e-01
7.536732223591458002e-02
9.970005979754170689e-02
1.334690928514881136e-01
-8.618433691743967451e-01
-6.697454538973153237e-01
-6.653410818414677852e-01
7.979781795345992634e-01
6.264989556421307615e-01
-1.286928129822553224e-01
6.618787076436034589e-01
-7.129262231205344413e-01
4.948539177603250572e-01
2.878812639162466880e-01
-2.909370842731757723e-01
7.624035836280169676e-01
7.926965699565524659e-01
-9.998607129428902507e-01
-5.327842423174034003e-01
7.323883038223957254e-01
7.862408210684048715e-01
-2.340087687256022786e-01
4.720479622879418802e-01
-1.250038304771692310e-01
-9.402809412304180547e-01
3.149629235233342150e-02
4.042798158953355703e-01
-4.223951666518006576e-01
