2.059050929062570034e+00
1.209427767976778201e+00
-1.261366145373796543e+00
-1.650569256462619316e+00
-1.389390399529434106e+00
-1.030947476647662508e+00
1.790733251991796893e+00
1.548276510212369894e+00
9.739925550694733536e-01
-3.937353199504414203e+00
9.300999651832005943e-01
1.328106925242125813e+00
2.095337923246467504e+00
3.892745290150440240e+00
7.266331316095713255e-01
-2.426315578960602792e+00
3.667932178221041006e+00
-1.049971752936706970e+00
3.877900344941390465e+00
4.231661966617740189e-01
-2.074123814079718020e-01
-3.166072191824029214e-01
2.449088128879335358e+00
1.807005864565294495e-01
-1.412540236234928859e+00
3.194174467651083926e+00
-1.487647632824536048e+00
9.749993109632375532e-01
-4.527841509889858784e+00
-8.524829512752774008e-01
-1.156596678598394545e+00
-4.793789569806877204e-01
1.144803139955345550e+00
9.466843692542512567e-01
1.242223582588732889e+00
-8.027094310339109029e-01
-1.547715316616998793e+00
-1.910320783841337411e+00
-2.458987334197880958e+00
2.716665266935794687e+00
7.748591529513932930e-01
7.926683286817515217e-01
-6.440605322694598067e-01
1.671674921302060302e+00
2.758031874011450224e+00
1.973060148265099789e+00
-5.239172844220316705e+00
1.942869423690756436e+00
1.485518785720232326e+00
7.502299001193024619e-02
3.375944850607645598e-01
3.998675511809303695e-01
-3.521977705727528551e+00
-1.926587359915520992e+00
-2.239626895567807807e-01
4.008692186056343587e+00
-6.875271273104440750e-01
-1.322638839443281311e+00
-4.084223298826678006e-01
-1.477814148001718397e+00
1.001514101768042009e+00
-2.749627659636353361e+00
1.623835284089614195e+00
-3.457173580192753892e-01
1.546834038488089202e+00
3.337440755452288244e+00
-8.060541231337348123e-02
1.433570187165442711e+00
5.994684287799871836e-01
-7.444066363570160938e-01
-7.348573363396982971e-01
-1.067392258310941200e+00
-1.639337393392853448e-01
1.437009262899750617e+00
2.000871408288373843e+00
-3.244512698104839998e+00
3.251897513386871275e+00
2.086110997648753074e+00
7.676548568316254872e-01
-4.223352078011288757e-01
8.112929500929531024e-01
-1.661094796614180247e+00
2.036122335445216813e-01
1.583724502491436592e+00
-3.136029136849718846e+00
2.324040992607350198e+00
-2.331448775307909393e+00
-1.614554436062553000e+00
1.419981190878599309e+00
1.300896527031067063e+00
-1.248296447120373021e+00
-3.297242792356952723e+00
4.353480855083018852e+00
8.071814765270463043e-01
1.223406919998374809e+00
-6.687215675157894168e+00
8.244214616079498237e-01
-4.592303353457877768e-01
-7.437683457968224943e-02
2.313045673277765779e+00
-1.818966693808799384e+00
-1.622550701029451758e+00
-9.365481924455298923e-02
9.306881104560797979e-01
2.226386690702467641e-01
3.632750432113502459e+00
-1.160216495375628210e+00
1.207617554350584932e+00
7.725019836849378319e-01
1.439930793784163443e+00
-3.555337670811406170e+00
6.954028570278216748e+00
1.912570684719640202e+00
3.613690645727193118e+00
-1.004413167203451751e-01
2.346364203183521902e-01
-2.508336292697830761e+00
6.417581605525286559e-01
3.157410262387606581e-01
4.592829541120506120e-01
3.746350637841802111e-01
-3.733448561418184486e+00
-3.795358656446628842e+00
-3.186022086904488071e-01
7.609130828414243375e-01
2.271021894821147136e+00
-4.679458054767814956e-01
-8.902108348240518332e-01
-3.724666499411056542e+00
-4.388590027975787233e-01
-7.188982521203010068e-01
6.556077102644949361e-01
-7.849829148185154537e-01
7.157053333499379111e-01
-2.419661496603229267e-01
3.848946650553168869e+00
-2.394953295928285431e-01
-6.622809830225522276e-01
1.871111098079041302e-01
6.103424597665474405e-02
-6.318854798320922006e-01
2.171711215829625452e+00
-1.684467137667374104e+00
-5.296136634624476258e+00
-4.085334386915447369e-01
-2.881035460507475054e-02
5.630187206086640916e-01
-2.006096310528013293e-01
8.830065181040021027e-01
4.931166967158231884e+00
-2.006080003388638122e+00
1.209943995393731209e+00
-2.359563906381668907e+00
-3.004403991637298432e+00
-2.206668745817554900e+00
-1.056000920900579398e-02
-4.141146426583418583e-01
8.536460050218646067e-01
-1.102450133024391432e+00
-5.767234055261447612e-01
-2.283907016685731595e+00
-3.054152443308969733e+00
-6.179656544570927279e-01
-1.168198799426523937e+00
-5.338896119597369427e-02
-9.359656017538473538e-01
-3.790982515314371692e+00
-7.958156946126179743e-02
4.625287238516803789e+00
-6.262934192783149001e+00
1.967134568656313309e+00
-3.412683554244816175e+00
6.115528219796873000e-01
1.329736167051792872e+00
2.203831008700140259e+00
7.154571006269015987e-01
8.653513419487313119e-01
-6.699810574895783688e-01
-5.369001916529000384e-01
-1.279466579600233800e+00
3.931765775315985589e+00
-4.939313905869230359e-01
-8.442556672912642224e-01
5.261413342075468513e+00
5.221541014166050765e+00
-4.475748235331514557e+00
-1.551242629942144458e+00
-1.178991305506816190e+00
-1.255361194433712857e-01
-1.994097452775180912e+00
1.680134296753810652e+00
6.289833924724547165e-01
5.774898954059570766e-01
-2.757616730964344676e+00
-9.777327384595684290e-01
-2.326328904298189837e+00
-1.450166237514840528e+00
-2.846318487203534531e+00
2.811100439354423219e+00
2.407564928761510625e+00
2.111840678894520096e+00
-3.195098961225810719e+00
-1.627790822972987383e+00
-1.394172006564754263e+00
2.683233462481725784e+00
-4.975263483524068886e-01
3.195154084569730379e+00
1.499282517955513594e+00
4.579912818786698203e+00
-1.447362929793712283e+00
-1.617297193370534902e-01
2.213010795358230087e+00
1.182826265704975288e+00
1.430137992255442914e+00
1.329417935606567625e+00
1.192206040881421236e+00
-3.804381608204512877e-01
3.461057391386095361e+00
1.950214848752251262e+00
-2.318316425644600942e-01
-3.839917960325479829e+00
-1.661571098728535034e+00
-9.030686374272134387e-01
4.250610863759664682e+00
-1.654797592677243134e+00
1.011222252017258461e+00
2.384805388549755101e+00
-5.283620785380480633e-01
-8.007999540316063092e-01
3.292859250480946631e+00
2.766909027864743464e+00
-2.504857860596462871e+00
4.119868484373077067e-01
2.981931420737520266e+00
2.890101929808144288e+00
-6.568591223532345147e+00
6.305835364165425228e-01
6.005431211011686976e-01
2.172546331458586000e+00
-1.403745834206089338e-01
-4.972624098659069958e+00
8.486187031544774051e-01
8.696500785556121604e-02
2.890940514588979049e+00
9.815018187671029626e-01
2.950526736021262808e-01
-9.237811774812356713e-01
9.621368196912361004e-02
9.868788155368092285e-01
1.931738451435351056e+00
2.355945382624353712e-01
-3.342619185275333304e+00
-1.175686574630427916e+00
2.450777661405531216e+00
1.229101733776219341e+00
2.428560916878775622e+00
3.372341436066891962e+00
-6.714134321727622812e-01
8.716644583155559456e-01
-1.243310290276952168e-01
-1.652294752174493286e+00
-1.043118300633209872e+00
1.804982490621572122e+00
1.370533109846805431e+00
1.456161704049508510e+00
