-6.097164327843327403e-01
2.134750736889508005e-01
-1.449972892986108874e-01
-7.200228238827761640e-01
-8.554452922989603803e-01
3.753448815028783692e-01
-6.347636994466070437e-01
7.201475703250563853e-01
-8.426850465494162279e-02
-1.166413971686308670e-01
-1.381640078579469133e-01
5.771772681671478722e-01
1.429962742358990013e-01
6.815753730552598366e-01
-5.606634745029248634e-01
3.996274383690792131e-01
4.595605204074013628e-01
-1.955854933826837172e-01
-5.131846918083400322e-01
-7.112824613228316828e-01
-2.975543975689678433e-01
-7.357569290345395974e-01
3.864311815518026716e-01
3.468010137547716809e-02
3.511244605997916324e-01
4.120284941879788221e-01
-4.872037791807595219e-01
-3.857820812005474664e-04
4.494015590681033068e-02
-8.328689394509032340e-01
6.542709860682920375e-01
-9.576626126624994129e-01
-4.806690129309414417e-01
6.504140115717496062e-01
5.282988182461094695e-01
-7.545973120967275349e-03
8.285260143982389192e-01
-7.997964818993157365e-01
3.446082055036272518e-01
3.673719734771365708e-01
2.479202621954499364e-01
4.818130643215567943e-01
-9.176139639119051949e-02
3.041901729464635551e-01
-4.009519097337135296e-01
5.012692025950005181e-01
-5.430946999939931796e-01
2.995393305255953376e-01
-5.370635211465373260e-01
2.723012723105930899e-01
5.571570606182540963e-01
-6.790592450792898305e-02
5.508598611707125059e-01
8.109539771339526748e-01
-8.772667444655968261e-02
8.278311023811257829e-01
5.370793031888991820e-01
4.306621761976763274e-01
-7.304636690567178903e-01
-7.826743807985496737e-01
2.978365003454410687e-01
5.828412705232188795e-01
5.600527954002372244e-01
-3.788163500151471297e-01
-2.236294098719262546e-01
8.929644684572595192e-01
-1.580844131093350757e-01
-5.097227277581859450e-01
-4.390468032929579767e-01
-4.135268901898911942e-01
5.742045571291312100e-01
9.229537695405434228e-01
6.655908658622065044e-01
5.008727111836386303e-01
2.421846128184450553e-01
-2.958121929986017307e-01
-4.198080608512320122e-01
5.726281668815362824e-01
8.447027811026115440e-01
-6.760971661554251444e-01
-7.921971893899404371e-02
2.879147105048276423e-01
9.379971638071553652e-01
3.208181290964355892e-01
-1.685168095779594477e-01
5.331622060650789141e-01
4.808757673886494555e-01
-7.185306745540087636e-01
7.933367987928006126e-01
-7.210044502080821260e-01
2.341339783336859881e-01
7.420506604439804921e-01
9.002410247919880870e-01
-7.866410226400202266e-01
-7.381533962669044602e-01
6.329724093625259673e-01
3.161821417115389110e-01
-9.341481697715585675e-01
-5.888530722507359094e-01
-6.239608826471332303e-01
4.254483773814232705e-02
-5.251610597008464776e-01
7.263055485580618420e-01
-4.513539447632650692e-01
5.333476939282748575e-01
-7.794354028485623864e-01
4.573199251056390136e-01
-1.476576391399047061e-01
-8.038008987613562972e-01
8.473862512557566173e-01
-5.299253838020026031e-01
2.741663166195231760e-01
-2.110389053613352939e-01
1.839813786542503493e-01
-5.755862204408892513e-01
8.175576425271167125e-01
-1.156058428450992270e-01
9.371861611919272139e-01
-1.567180926982216782e-01
2.808917808545334793e-01
-8.131255869293272376e-01
5.372647604316633796e-01
6.478090466664887526e-01
8.040259449205837683e-01
-3.008084165228597229e-01
4.709473644425272720e-01
9.097412625629397454e-02
2.611155076571407552e-01
3.765815279749007427e-01
-4.560227810789199143e-01
-9.115334530676921787e-03
-7.096923789592497478e-01
4.793311605861294566e-01
4.930525263689620186e-01
-9.917238732440767368e-01
-9.894815863769301778e-02
-3.533773949466134656e-01
2.547517691177783039e-01
4.713912017223917950e-01
-1.832860849136317416e-01
3.845724484056756154e-01
5.899919529323154332e-01
8.335862634673421034e-01
8.129420455371807464e-01
2.105425008856713909e-01
-5.560565284749678927e-01
-9.617426619917881503e-01
-7.465650657701781157e-01
6.596829424551955423e-01
-2.983870879656083108e-01
4.021247642693355218e-01
1.754729082312214139e-01
8.687907557582248419e-01
-8.500132779033815478e-01
-2.829289381520903035e-01
8.880725143700842761e-01
3.129997699158335589e-01
-7.700256834664380712e-01
9.146229378464072468e-01
-6.849989869367445472e-01
1.439701104332387072e-01
-9.964170287501947776e-01
3.627961519844660199e-01
-9.617705919899588451e-01
-2.565124944282848318e-03
-5.365583028409748323e-02
6.004834286162399337e-01
-1.261461816994067231e-01
-1.514129147998310998e-03
4.622441488629556172e-01
-8.853372919058528634e-01
4.110607939782504605e-01
7.170403706789112430e-01
-8.461383843259979720e-01
-7.740332078834244456e-02
6.204655164728363204e-01
-2.409315992400093975e-01
3.020525948435595076e-01
3.720399021066200795e-02
-9.803629461359566477e-01
9.579764040915672574e-02
3.118008680525752307e-01
9.213887321540923381e-01
-6.830491911717357922e-01
1.510335859745020048e-01
-3.090850822544608523e-01
-5.360295635953860049e-01
-7.743622694225171799e-02
-5.314173089911711223e-02
5.904063429071100266e-01
-5.082142064809787030e-01
-9.602090658627047137e-01
-6.446103777945566549e-02
-4.125013294557946519e-01
7.517736851192307057e-01
-9.503452505331480005e-01
6.321752303817433916e-01
3.990951334567964803e-01
-4.541954744226872620e-02
2.072622935550727519e-02
-1.593157645732665717e-01
-4.885555694971914775e-01
4.946194443920732819e-01
-4.213774344506224789e-01
-1.577166029909471412e-02
4.812960565754389464e-01
9.047101668171915190e-01
-5.783433804440694104e-01
-1.340057434996861918e-01
3.070950010892481430e-02
-9.508372416392851800e-01
-1.602191806517168082e-01
-8.847787981433128390e-01
1.635388032717344231e-02
8.590884773388358653e-01
-4.923298093626113925e-01
4.836420526038076595e-02
7.825474593147490054e-01
2.935232539010164121e-01
3.247558357570494714e-01
-5.596600528180533107e-01
-4.331333551077543031e-01
-6.437994228824952536e-01
-4.830485288824726275e-01
2.049300631780068827e-01
-2.250398740571408762e-01
-3.268558436883504115e-01
2.331407072399109826e-01
9.115705569768395300e-02
5.531690634812560514e-01
-5.957143717430908314e-01
5.225244432105087267e-01
1.586924118091463942e-01
1.870246836808211466e-01
-5.138336163200274420e-01
6.167685864486822656e-01
3.000351337212525671e-02
3.470606197933689963e-02
5.121407014711738537e-01
8.334092027270687542e-01
3.869183054129563537e-01
-7.463030885218557842e-01
9.123919079975468804e-01
6.402635296650700525e-01
9.615075995473976178e-01
-7.765872652656957698e-02
9.448777250786681847e-01
2.018157854076223501e-01
3.815200280489985385e-01
-4.015288018274068005e-01
2.905858222891668508e-01
7.554361864152054906e-01
9.383523408966722990e-01
4.617718842162010784e-01
3.727480573127279762e-01
-5.990989114636691149e-02
-6.461899531389927454e-01
-5.366422842161548967e-01
-5.373312969969554764e-01
5.885214139759229468e-01
-8.519574758381789348e-01
5.025180588248445712e-01
-9.927562680012944618e-01
-2.068553039120453185e-01
-2.584186629621529896e-01
