9.650164383183477135e-01
-7.361885067829789797e-01
-9.001719072460077076e-01
5.571207143132550499e-01
9.499670964689168606e-01
-5.466805107821226528e-01
1.255988524603384171e-01
9.491902464910815240e-01
5.652623568244536933e-01
5.119286191494125671e-01
-1.684767801264075437e-01
5.554636485438722016e-01
7.719814206846244975e-01
2.539262194463203226e-01
-4.579473432645710940e-01
-8.587280542358259883e-01
2.257614914689995977e-01
-7.243924375221995060e-01
8.004163397128944979e-01
-4.737948977110686410e-01
-9.438494621300401732e-01
5.587406787589266344e-02
6.586939836800334014e-01
4.173723882546664932e-01
4.329104888575781018e-01
-5.718814287699431897e-01
6.418860405707176309e-01
7.016200940893781990e-01
-9.116691736190301043e-01
1.558465576930669894e-01
-1.014187726453676941e-01
8.249516940167778145e-02
-6.068225261955906280e-01
-8.712336412262040586e-01
2.353954887227756032e-01
2.246047812581464242e-02
8.328084154518566873e-01
7.367308309928470855e-01
5.066639611760925810e-01
-3.268291396755966804e-01
4.107978621638939121e-01
1.382410780601872613e-01
-9.067650424279551924e-01
8.622497248783449475e-01
3.843044346952981805e-01
8.604887589439114137e-01
-5.093158973291902480e-01
-3.399098089743421980e-01
-9.734493943658251158e-01
-5.839511309488838453e-01
-9.518342739314491485e-01
5.085750099285220038e-01
6.586939836800334014e-01
1.098888197269749512e-01
-9.759233354312628617e-01
-2.275830581300630762e-02
-6.745985472125040072e-01
-5.860563626698203077e-01
8.361656332124496327e-01
8.945245003804918049e-01
-8.275822159116965615e-01
7.163493011237749286e-01
8.945245003804918049e-01
-8.779359634099639376e-01
2.812045646048089154e-03
-4.471243182770019420e-01
4.329104888575781018e-01
-8.924768507832430142e-01
9.669097958010390848e-01
8.710624369902004727e-01
-5.860563626698203077e-01
-1.921851811403871846e-01
5.297865426840853154e-01
8.433236373114458839e-01
-5.734180103539281426e-01
-2.419946001737121044e-01
9.244261167074048213e-01
-2.064645603288122189e-01
-8.296425063621122309e-01
-1.741684791491386886e-01
5.562063492140336685e-01
4.956356902502434547e-01
9.930056486604008636e-01
-1.920941142664842616e-01
2.831920854371254848e-01
1.558465576930669894e-01
9.672682611319252111e-01
-3.603705835939321478e-01
2.657444111027331690e-01
-2.458631439809133568e-02
-9.698781072622082444e-01
-7.359898203618500112e-01
1.945665146689625757e-01
-7.469188152378460899e-01
-6.025500737521547467e-01
-7.890470661736048719e-01
-6.071488310296579982e-01
1.376992193360655481e-01
3.371588599388875007e-01
-3.268291396755966804e-01
1.525222134298354071e-02
4.953778987506958220e-01
5.941336235329013338e-01
-2.901935420265120413e-01
4.508488047785219610e-01
-6.993369930077295571e-01
7.260819829207039167e-01
-3.075166137427325364e-01
-1.849847064639547067e-01
-1.611003928834242593e-01
8.620377074734189016e-01
8.685164780730381118e-01
5.743713198446669388e-01
-3.413448094157478518e-01
1.364647760044308544e-01
4.056632780597653198e-01
8.809939430049089637e-01
6.899473080083540211e-03
3.875028665541284667e-01
7.204103478576113773e-01
-3.364763149188187974e-02
-6.996779707733646880e-02
-2.301292666823311350e-01
7.048619277959204954e-01
-9.800059877221518612e-01
8.516483377589882942e-01
-1.194193866156441075e-01
-6.955463248704136792e-01
5.219081029332361954e-01
-6.281304785597854323e-01
7.404074065574595132e-02
9.457874408777058317e-01
2.980505960470489768e-01
-2.256474813655628964e-02
4.754714711945298156e-01
-6.102137714490118992e-01
4.174287279043311649e-01
1.044866955993162261e-01
-5.264738334905414430e-01
-4.082451675038114569e-01
8.171313827376311956e-01
-5.356765680856465650e-01
-7.379223277226523159e-01
3.344380453514548268e-01
5.155866688819625843e-01
7.121466470457886722e-01
-7.341135590140912548e-02
3.299506139747627742e-01
-4.542972092133346074e-01
1.893828949853284538e-01
4.436755664408047473e-01
-5.342251522677776698e-02
3.001451514677084820e-01
2.119263186280788691e-01
2.374420883280852212e-01
6.618864707255733837e-01
2.693355766914307114e-01
9.569884004140716272e-03
9.762821429628294467e-01
-5.952980458311598611e-01
-4.114444959826284443e-01
-3.588603337527938031e-01
9.910018911317184376e-01
6.325094130510309220e-01
-7.128813050730757883e-01
9.160051815695009481e-01
-9.165412255034286471e-01
5.384934452910177249e-01
-5.071056101341917532e-01
4.300004979232274760e-01
-3.827746308938058117e-01
9.485447677561673618e-01
3.970221713190538182e-01
7.788913708396221214e-01
-2.366303247010723698e-01
-4.105849319676952991e-01
5.994762736175334172e-01
8.033303433522021031e-01
-1.964129637781306670e-01
-8.351261775876552829e-01
5.973375714089264044e-01
4.738078565089873795e-01
2.429546885332709572e-01
-5.737631891468173428e-01
8.929899219679664490e-01
1.815137554734276293e-01
7.510544943488910441e-01
3.017787194747711954e-01
7.068085937940689067e-01
4.945428827016720152e-01
4.475228560556989699e-01
-8.121646968592082239e-01
7.142371349600908914e-01
7.614770156916472743e-02
5.680119193929002996e-01
-8.252138034882450235e-02
6.829620130984783710e-01
-6.929731294816299236e-01
7.865609502644299589e-01
-2.104576972835656701e-01
-3.012452147986788287e-01
-2.232547333146506219e-01
-3.686908254556882092e-01
5.819530668504935278e-02
9.198402617332108733e-01
-2.296392067172721152e-01
4.619211779870859846e-01
6.277574776113841182e-01
5.685347302394065938e-01
-1.649737819771512903e-01
5.673656842076826301e-01
1.677240535382509279e-01
-8.878656616087206022e-01
-3.021259464392667127e-01
2.965274871815732904e-01
3.310214574704695156e-01
-4.596959377692144688e-01
-8.978667535583428894e-02
3.424115831483829364e-01
5.901523822560905685e-02
1.046179706536727316e-01
6.584442409215074399e-01
-9.900006736704600740e-01
2.734275452595638090e-01
-8.812860374142172937e-01
2.835426502870430632e-02
-2.275073437305925594e-01
-9.974892535182304787e-01
-5.820019053207992066e-02
-4.098110177384859387e-01
7.627301686044805074e-01
-8.526852694995536996e-01
5.836779292551628195e-01
5.370289976074584803e-01
7.692027298617902797e-01
-7.878115617230549983e-01
-1.679556635131185249e-01
-1.970584082208912680e-01
6.185864175181188251e-02
5.989041633174623236e-01
-1.998782885572982781e-01
1.004497716597656520e-01
1.895370545604071477e-01
8.076351569562865151e-01
8.313374132368862579e-01
-8.862593224353545462e-01
9.426868142279654084e-01
-1.480155792857225094e-01
2.701538297851719950e-01
-8.096944544117536946e-01
6.144101857123711596e-01
-1.150454893452623750e-02
-6.119072427945135839e-01
8.102628277100021315e-01
-3.820974831290799845e-01
-4.112610313979876420e-01
9.134819861577585520e-01
-9.656194051962299074e-01
-5.297774782312911768e-01
-2.217849766882347140e-01
-6.349464508741646807e-01
7.959469082576942078e-02
-6.432763933933391964e-01
-3.859851491174035587e-01
9.232115977767985093e-02
