4.494099751817142163e+00
-3.019818783685606078e-01
-8.222836810626066306e-01
4.426618710369836784e-02
-5.489896926742154903e-01
2.056704379871060695e+00
1.550905143856500801e-01
-5.686194137928701764e-02
5.007998038688021847e-01
9.918881395343701612e-01
5.434327152036444453e-02
-1.354175197675215436e+00
-8.339667276550405406e-01
-1.026412341031161635e+00
-1.327095092376769925e-01
-2.317192349901652237e-01
-7.820343705225396569e-02
-1.961455187263539734e+00
-4.520852248931096495e-01
5.109996696339559108e+00
8.099440827890820316e-01
2.610819604266539251e+00
2.769151397663673464e+00
-3.218637047229856440e-01
-1.352786503222072279e+00
1.799171019885486444e+00
2.585365763263181016e-02
-7.667653164074956784e-01
2.722467076463924940e+00
1.826724594004919933e+00
2.481160157280518419e+00
-1.366444636342811991e+00
-1.861423892613565556e+00
2.504544481636052922e+00
-3.960683527175223873e-02
-1.493481279174612153e-01
-8.085451553437914551e-01
-1.225539064411395707e+00
-3.830459169203081160e+00
1.124401012963908819e+00
-1.897769515924599304e+00
3.861430312154967015e-01
1.597313736431340336e+00
2.618150017208054070e-01
7.854854552631816977e-01
-5.683743456496568314e-01
2.288961287344578377e+00
7.648071967098998281e-01
-4.127290582552600728e-01
2.818379218666936303e+00
-7.289944949341451430e-01
-6.588024745188700848e-01
-1.493279507059002587e+00
3.728763852295548187e+00
1.467225536093168969e+00
-1.325994487713338277e+00
-4.777213136844679076e-01
-3.518480615338449802e+00
1.705575587327490705e+00
-6.494557082656016167e-01
2.073026217506253488e+00
3.688554214091241512e+00
-8.145914268879602682e-01
-2.042287529588018735e+00
1.241870292948877186e+00
1.912949969515480353e+00
-8.638200454903772751e-01
3.214620638678406195e+00
2.012770176840915415e+00
-9.507784753468362382e-02
1.240742002299275004e+00
-9.220399838585658925e-01
-1.810236362602794635e+00
1.300657935688307676e+00
-2.354542196422657163e+00
2.775035612963373532e-01
-2.907722133687578037e-01
-1.088830293113195458e+00
1.673784305747560763e+00
4.146266227203543320e-01
-8.754833400208625882e-01
1.551954816916284230e+00
4.758989285149770598e-01
-1.050349832780230530e+00
-6.563234287163672853e-01
-1.614185503612233896e+00
3.017616933855088668e+00
-5.753085819066197093e-01
4.190863224336978110e-01
-4.866123474118994041e-02
-2.303925394481598221e-01
1.190751562414461784e+00
1.168622111376033335e+00
-7.654502022907782033e-01
2.083401029713092711e+00
-1.889415853828435576e-01
9.957486394435508537e-01
-2.882093001971748336e-01
-8.597642701040231206e-01
5.091316190134005382e-01
-1.069418006081347627e+00
1.590840179019076261e-01
6.800073541172073632e-01
3.053633542437039772e-01
-5.711420629107542002e-01
-1.646170964960943284e+00
-7.792564098689542806e-01
7.329969773436757485e-01
1.327670531462739056e+00
2.057298849554990650e+00
-4.367216393045697531e-01
1.988903373143635633e-02
5.638741258467512285e-01
3.102183333118065933e-01
-8.024331311997547900e-01
8.539167953293100854e-01
1.136100416489102427e+00
4.503695720923597823e-01
2.926440591320507600e+00
7.931991461351433070e-01
1.141086979252086575e+00
-6.721545931836960808e-01
-9.494843384270300612e-01
-1.761226848843007398e+00
-1.958356208001390764e+00
7.376536656760082078e-01
5.350137315266274562e-01
-9.255491154915087559e-01
-2.130747761203634738e+00
-1.095760340638056496e+00
-6.620295570583331068e-01
1.938664980093462997e-02
3.702295643212084819e+00
-3.802979448167842502e-02
1.000039008438260879e+00
1.311124953935738580e+00
-4.741580860654558416e-01
1.372381236886959677e+00
-4.971325809310520594e-01
2.264850239912137297e+00
3.988176716743478956e-01
7.644172478764371670e-01
4.505750300617301085e-01
-2.216251811402688787e+00
1.972761077162237475e+00
1.036249641558434575e+00
1.075293913568622362e+00
2.882786607114971034e+00
-4.842378180182785874e-01
-2.921660260530813957e-01
3.233670720961916434e+00
-1.021721956857318148e+00
-2.107712116286102333e+00
9.183624122900577724e-01
4.415744739645195427e-01
-1.916244248567014585e+00
-1.937216681570461230e+00
-8.288045872126209579e-01
-2.467651455197263033e+00
4.340384984844289917e-01
-5.513212945929246711e-01
-3.604796588702273152e-01
-4.077504855980537357e+00
-1.219059035177666006e+00
-2.776904585201169340e+00
4.060107714269511447e+00
-3.052090462036257112e-01
-2.149195852622517222e+00
-6.777473502618776013e-01
5.964526612777071302e-01
4.788045570915007154e-01
8.330893302281998647e-01
-2.841093488994756555e+00
2.501782117528716931e-03
2.953920859690351897e+00
3.372928024568570549e-01
-8.530286844821657333e-01
2.327457423932838942e+00
-1.167801802247651732e+00
1.935440642326551997e+00
-2.878268151570675393e+00
-2.548870373646701104e-01
2.284620546160964327e+00
2.978409671471198727e+00
1.061320543664544314e+00
7.267920338802641433e-02
1.100075519785983946e+00
1.235271911518497800e+00
-1.012023597909459394e+00
1.762197217368978386e+00
-1.895718934787633314e+00
-1.568767410071426838e+00
-1.463820756209834650e+00
-8.663302843202891346e-01
1.972454304018410376e+00
-2.039390344669008925e+00
1.001383577539015857e+00
-3.651979585286400098e-01
4.469013991444570344e-02
1.117117512487913134e+00
-3.302818754987647543e-01
1.867922953541909292e+00
1.003549216017542989e+00
1.787340320095587298e+00
-1.328833374318783012e-01
7.386380274320551997e-01
1.633738875291544712e+00
1.286166146733126237e+00
-2.575644464122823774e+00
1.427025033811695209e-01
3.467746600272599011e-02
-1.514100147840861776e+00
1.127704847191300708e+00
3.249220658075794077e+00
1.180009679867150441e+00
2.665497988339939894e+00
5.282360117395625831e-01
1.239537061607113966e+00
-1.624841774398845029e+00
1.845608355235437870e+00
-3.291977887584638385e+00
2.581881246565325583e+00
4.079354576132958599e+00
1.648073928311403868e+00
5.504046333198562291e-01
1.504638993148253723e-01
5.799361686837485319e-01
-7.694078262246457633e-01
4.972270042679869384e-01
1.752014000350212042e+00
-9.821106110156948565e-01
-1.920691112877695339e+00
2.894675408127056926e+00
1.245510066142622829e+00
2.031051896197033635e-01
1.301390041010665133e+00
-4.525070833152750716e+00
1.552336186548617158e+00
-2.523704626628126002e-01
-2.546724395455843837e-01
-1.560046274588489990e+00
1.124099166041607756e+00
6.580296431942975754e-01
2.827020008375571436e+00
-4.616703205364953710e-01
-9.250471688209629395e-01
-6.987839161242787034e-02
-2.281170279537713674e-01
-1.179042591390142558e+00
2.032213731589600059e+00
-4.109157263214032185e-01
-2.458455632997899265e+00
-1.186919411263807955e+00
-1.281864972461258967e+00
9.523187814709455079e-01
2.790413828614193292e+00
4.915095432755853810e-01
1.186643233488673399e+00
7.343674258737866722e-01
-3.348993489273465185e-01
-1.582439736755713700e+00
3.318437034032651889e-01
-8.216199135111578178e-01
-4.991656223275868776e-01
1.452771408757324689e+00
