-1.043032397865224503e-01
-7.996623347410922733e-01
-3.874900348550784912e-01
-9.677927117797913148e-02
5.177520792791561188e-01
8.452605796367798074e-01
8.656077548755938267e-01
-7.288013379691793414e-01
9.892207807122352925e-01
1.842941643786655259e-01
8.531479779360564564e-01
-2.626597006226418785e-01
3.120834679792912070e-01
3.288284522774276297e-02
2.767938088627137638e-01
9.595197498229293132e-01
-5.801413502348116147e-01
-2.200671691324174173e-01
1.993952329916797162e-01
-3.612215218707808262e-01
4.898912622893136781e-01
2.386094825225639759e-01
4.020264798018275965e-01
-1.567399851212727402e-01
2.639811903876334576e-01
1.981632685490863910e-01
-5.640579050638285796e-01
-2.309575632871463391e-02
1.707470565845472521e-01
6.419851905600137965e-01
-1.073282634051271334e-01
8.857515399900781627e-01
-1.598231188982977002e-01
8.345394995766177715e-01
-3.930436390450915418e-01
6.786206916718784399e-01
8.880344982294765543e-01
-6.593324977356334049e-01
-8.012976326261733728e-01
4.481047908010817871e-01
-1.935142885082301589e-01
3.730411609333976752e-01
5.134832131815425527e-02
1.158719751584842417e-01
3.202543799833674765e-01
-2.856595075622030411e-01
-2.433102097428074817e-01
1.504897935367541795e-01
3.229858418095759021e-01
-6.415124034240484718e-01
-5.209170770503006587e-01
3.534954856078260654e-01
2.687332575656584677e-01
-4.468607421323866902e-02
2.006853634499277117e-01
-2.048318577896637294e-01
-5.686490043568366293e-01
-4.362015319004961533e-01
9.868142186564892171e-01
-2.375096948546191467e-01
-5.486078504162759106e-01
4.352234445050682243e-01
6.549298912320900001e-01
5.276683599280915793e-01
2.407652534545219325e-01
-6.880410865518973296e-01
2.327649304202634717e-01
-3.135417651769389913e-01
-1.520628289341463546e-01
-5.034007510703182309e-01
-7.747620314025522870e-01
-2.812982524551603802e-01
-1.693422326706859327e-01
-6.978863688630168038e-01
4.497085765062491802e-02
-2.508549036017371225e-01
-5.277418411304064527e-01
9.007212835118338923e-02
6.492050168768530582e-01
7.421786588129459794e-01
-1.555697439536194437e-01
-5.337389270654735451e-01
1.692664037331457205e-01
-8.441538852835475115e-01
5.846400588066134052e-01
9.333981687852377362e-03
7.190377726212549003e-01
2.048323194418619764e-01
-2.858083842316987422e-01
5.075640602825861603e-01
9.765130095458565140e-01
4.283532247899568546e-02
4.479106493877027528e-01
6.704174841487813286e-01
-2.297973419025842734e-01
3.218070404401818241e-01
9.100646188526568814e-01
9.911516028832199066e-01
2.447483176804978733e-01
-6.544566161478386768e-01
-8.412024505509658745e-01
-7.542517284319816273e-01
6.925019223819812719e-01
9.499929440071928077e-01
-8.420093247880504617e-01
4.965125175490996412e-01
1.285036190899790931e-01
6.921786696087341983e-01
1.909653423720130139e-01
-5.539682238104433054e-01
2.472438395673666189e-01
-8.382114501028186115e-01
3.732323395721905968e-01
7.086266542059327378e-01
2.969633802943794088e-02
-2.717777928377129726e-03
7.505176129255279882e-01
8.837885680272266065e-01
2.762864589623181821e-02
5.340465578750910325e-01
6.676362164616136408e-01
5.907457361659207429e-02
9.069554537698216734e-01
-2.812982524551603802e-01
3.459094942949836327e-01
1.809608944309852863e-01
4.168600876068502270e-01
7.974499924030928888e-01
-6.415124034240484718e-01
9.262371889014480164e-01
6.183406524653598524e-01
1.623283232533023757e-01
9.590843083149360737e-01
7.806858261276072852e-01
-1.431290313760416044e-01
-1.102640409142088274e-01
8.168986663654205227e-01
9.097798185067695886e-01
2.687332575656584677e-01
1.137643736360225422e-01
-6.593324977356334049e-01
2.853765210309460176e-01
-5.712366040325500549e-02
-3.175290655492084557e-01
-7.766512906426537022e-01
3.133618526907246959e-01
7.194110322004179103e-01
-5.486078504162759106e-01
-1.101673355286774125e-01
3.821343762007409772e-01
3.458896883227922103e-01
-3.722536524285005033e-01
-3.107626010854398491e-01
7.504995190710401776e-01
8.057208526997239328e-01
9.855261315102468167e-01
-6.313572058318455138e-01
5.442192185547916061e-01
8.452605796367798074e-01
9.778899994071432733e-01
9.778899994071432733e-01
6.163669935944515732e-01
-9.200472265920405235e-01
3.700274388989281960e-01
6.029262272411495260e-02
-1.807188164565372013e-01
7.841503088971901736e-01
-7.759379874588367976e-01
2.561636421042809975e-01
-2.433102097428074817e-01
7.806858261276072852e-01
2.651603968260918265e-01
-3.730477649767063308e-01
-2.329154138024045473e-01
4.742611464454162817e-01
1.843758759715292683e-01
-9.445956398548887023e-01
-8.187093125681079719e-01
2.447483176804978733e-01
-2.291425323121036861e-01
-2.375096948546191467e-01
-5.342196841003297170e-01
5.717839477109196711e-01
1.672436895244722166e-02
-7.766512906426537022e-01
-2.718419046847977416e-01
-3.135417651769389913e-01
3.446424121516520334e-01
-9.346370712017664228e-01
6.194321520961525440e-01
1.285036190899790931e-01
5.626756066468254769e-01
8.433255823524676842e-01
7.974499924030928888e-01
-9.329908775986999192e-01
-7.950053480366525704e-02
-1.529942195970024343e-03
8.468036159823766340e-02
-7.675071004695310783e-01
9.191475518835865444e-01
-1.563622380624956065e-01
2.917125030981950751e-01
-7.526670572265414805e-01
9.295580079909340210e-01
-7.996623347410922733e-01
-9.191638525712069185e-01
-1.887636824235605637e-01
-8.419685520066007012e-01
-6.635060463259025987e-01
6.163669935944515732e-01
-4.399619422042870820e-01
-8.905507217797898889e-01
-4.240792842026344101e-01
-4.753145171052142182e-01
-1.074234810375700455e-01
-6.005494534091122549e-01
-6.466667531772971600e-01
-4.233971856200775541e-01
-1.838111578812127167e-01
-5.623339829934408396e-01
-6.415793379525180917e-02
-9.445956398548887023e-01
-4.867980868970676056e-01
-6.154268206136765951e-01
-1.887636824235605637e-01
-9.372515013925419858e-02
-6.893169700656600618e-01
3.230921797295367437e-01
9.213132288570637929e-01
5.963012434490679858e-01
-3.135417651769389913e-01
-9.885423434272953003e-01
-6.625577478830173561e-01
8.189827950151973290e-01
5.580066329022415061e-03
5.944258915934423904e-01
3.342688312418529151e-01
8.473188916939005111e-01
-3.964905173951913664e-01
-4.373416779232348617e-01
6.228242946875630626e-01
-5.942237402264258783e-01
9.812646928949779745e-01
7.639497521732088181e-01
-7.378896222900890312e-01
-7.543305013916128399e-01
6.147803443902821741e-02
-2.329154138024045473e-01
-7.206888678347873611e-01
4.135908869485385164e-01
8.577281854553258089e-01
-9.977276829679015968e-01
3.245896484440149443e-01
-3.905778005361717486e-01
-9.204936382501409664e-01
-2.892477324547626516e-01
2.847075076868406107e-01
1.713254119089107075e-01
-7.946704986901997891e-02
3.323655562708858202e-01
-5.486078504162759106e-01
-3.439244008093784721e-01
3.520804007425966109e-01
6.065968896531981347e-01
-7.744112130705538277e-01
