7.203447033435173008e-01
1.061567208813272156e-01
2.948219010615256153e-01
-5.191759874466850277e-01
1.002567936761660228e-01
-6.438774731613694513e-02
5.100941043707063471e-02
-9.411210567399788118e-01
-4.601743722599227482e-01
3.595777773362975882e-01
6.971430875886901468e-01
1.863051026845183866e-01
6.408431590180831972e-01
-2.483371395965578987e-01
5.343790435924480331e-01
-2.271734880809721524e-01
9.922649602607380714e-01
2.045160339128360150e-01
3.642879089929187408e-01
2.163964824629438510e-02
-9.541783383913620131e-01
7.766571221893949772e-01
1.288779891584979076e-01
-6.216807671355837339e-01
2.191800635781804285e-01
-8.606268447753917528e-03
-6.934134957647273279e-01
-8.142056219060953559e-01
7.871237559837682696e-01
-4.609332233540530677e-01
6.893598688187072554e-01
-3.222665141216727314e-01
7.569730888769683474e-01
7.824344474956121953e-01
-7.825797002600889396e-01
-8.384637661951559462e-01
-7.213149977047264017e-01
9.684418780377446190e-02
-8.998515803446072159e-01
-4.740789697550922277e-01
7.129603886356483677e-02
3.149154720669056218e-01
3.252521321045929170e-01
3.221209498710899677e-01
9.657704901918824358e-01
8.961735205392460379e-01
-5.932934336370587758e-01
-2.500619215871422441e-01
8.045721239605871933e-01
9.896581017477892317e-01
-9.464069004333479640e-01
-4.794705324290584603e-01
-7.998581283040762102e-03
3.192432072017825639e-02
-6.686994268045909351e-01
6.713586911565687654e-01
-4.913441180925326446e-01
4.662467847498483753e-01
-1.471315393843932728e-01
-3.938822432294561970e-01
8.095389375497636930e-01
-7.353613078465843778e-01
2.050146060640904988e-01
6.756098479803858137e-01
5.099913132107980474e-02
-9.387960427422548104e-01
6.294675370494182687e-01
9.201817089021395724e-01
-6.964232115605442086e-01
-6.909444600794005797e-01
7.299199886281737548e-01
-5.931684565179051738e-02
2.854747465271445517e-01
5.869700167799771773e-01
-4.219645458682506067e-01
-5.762287597924622418e-01
5.625764899837224498e-01
-5.209398024877169853e-01
-1.597430316941703676e-01
6.117887850101713099e-01
-9.271264796972809030e-01
-2.735664706935825308e-01
-7.686629846309047664e-01
7.437140537139539376e-01
5.570320715160592684e-01
-4.118364993626810744e-01
8.053070741010799338e-01
2.454363451508718708e-01
-5.741134562296130728e-01
9.635271418372666208e-01
2.834710983725543532e-01
2.243550112223922088e-01
3.469736266903644673e-01
-6.598862134609753127e-01
5.125215133641998211e-01
-8.808936715500801373e-01
-6.137253670750431045e-01
-3.394053182496659105e-02
3.041086920180873232e-01
-3.306796105404210540e-01
9.027673417688140134e-01
7.460322828657339755e-01
9.510593255342645325e-01
5.375729238898563356e-01
1.523206714884448587e-01
7.586514686604419744e-01
-5.201367002357017988e-01
-8.908000299061993310e-01
-5.033104607385532336e-01
7.431221971010490979e-01
7.034452828745048070e-01
-3.607708214698750471e-01
-3.516717593296596611e-01
5.526750604106029918e-01
-3.584035670020193631e-01
-9.971804477265739930e-01
-6.385456566526555022e-01
1.857224370133114810e-02
-1.889626778904540672e-01
2.931526379411832917e-01
-4.209231430542104135e-01
5.295724531722847406e-01
-8.288190973920830373e-01
3.114998710475469501e-01
-3.958320672578952149e-02
8.281968470652858461e-01
-9.462258530184304295e-01
-1.217803999540403304e-01
-5.729225002768176811e-01
-2.751005889060520460e-01
-4.067472652737647021e-01
-8.917531001314373817e-01
-4.220981776115040329e-01
2.977177680472282706e-01
8.836238770827751221e-01
3.112316108457962027e-01
-6.228952755747585446e-01
-1.261074158003354651e-01
1.463712717188259127e-02
8.063845475596167489e-01
1.431686437313115512e-01
2.703404545335441611e-01
1.500107428897916595e-01
7.792229960082179829e-01
8.300492429335604161e-01
1.333322813016302177e-02
-3.466652110168180201e-01
1.992936881848983433e-03
-9.401072501415561611e-01
4.700575988475668154e-01
6.047696625610410326e-01
-1.736740693867195873e-01
-8.693569064757433740e-01
6.722219745784465683e-01
7.810875013676541467e-01
-6.950233623128176941e-01
8.771295151394697953e-01
4.590896844721890080e-01
1.368720163298904335e-01
3.315016876565879400e-03
8.985487589761063099e-01
8.878678055977269334e-01
6.370037887355444184e-01
5.462445582960384627e-01
-1.252255882767099315e-01
4.176942192713124502e-01
-8.759870693247395756e-01
-7.434961440176204306e-01
8.503273674652387371e-01
-3.953599975875432548e-02
-4.196481283781308136e-01
-8.942847063310079836e-01
7.238357157409069931e-01
8.522488003520853894e-01
5.242589346136794504e-02
-3.692594757684313223e-01
-5.501104741663005449e-01
6.978561779978067481e-01
1.473772001169548762e-01
7.636924695388793705e-01
4.052269846636467054e-01
-4.483699132115472885e-01
-9.872045572343794984e-01
3.937631579935325643e-01
-1.405872902339837527e-01
7.054945318465541959e-01
-2.964135056386352218e-01
5.165728750560760751e-02
6.877256490720524695e-01
-8.981677914168790799e-01
4.201534142369567348e-03
-1.229768520477849680e-01
-4.191514230200670266e-01
2.556790865579126049e-01
3.605030578145489439e-01
9.224655559150500839e-01
-3.694861021759741071e-01
2.874675369007617665e-01
8.540975170713949183e-01
4.632553723423407099e-01
2.162801339680036072e-01
5.640384841703693919e-01
7.331071414027623412e-02
-1.930496055353141394e-01
-2.388874867756405340e-01
2.383975115854737314e-01
-5.756391332308097297e-02
2.211153948087063448e-02
-8.176990736866418530e-02
6.305079687106509567e-01
-6.281837354854242772e-01
-8.690876990113198808e-01
7.225670010662412768e-01
-1.861036094014518749e-01
7.421167174696909896e-01
-8.130947221954687443e-01
5.641406366287342600e-01
1.096372454049574507e-01
6.703117784247658584e-01
-3.632500117296639797e-01
9.477424877212561327e-01
-2.059115582774282416e-01
-6.344113618212448014e-01
-1.346906550707245298e-01
-6.076252467440075300e-01
7.810340680976826100e-01
-7.361407184372636969e-01
3.689636918155425604e-02
8.011206689042822404e-01
7.635465251455817448e-01
6.631590918284062663e-01
9.973740493725082867e-01
-2.816762622527879678e-02
2.322560856290682985e-01
2.899067219639410720e-01
9.706782713743449253e-01
-4.392770095176379286e-01
-8.415966654797226720e-01
3.563537315683953377e-01
-8.838011836824484213e-01
-6.742389299176032580e-01
-6.918762833761711306e-01
-5.983012225913830751e-01
4.507223550070877938e-01
9.740491220373879155e-01
-7.006411822511677823e-01
-8.036572840325055811e-01
-7.451711638300961837e-02
-1.862923238924438785e-01
-6.111829345651149659e-01
5.581564551916005090e-01
3.570117573941009592e-01
-4.289141717247415553e-01
-2.156026034482954046e-01
9.487792626141597907e-01
-4.246599306136942253e-01
6.429555433304143808e-01
-3.178550279441445525e-01
-9.871945184320563005e-01
7.350754336308245040e-01
-7.832817593302490167e-01
4.091174381210198607e-01
6.727441517231651513e-01
5.816025953128025616e-01
8.280563914500851386e-01
