-8.536430837141795180e-02
-5.770289702700650558e-01
-2.680138439982298060e-01
-1.574081145333623422e-01
-2.636034065439343266e+00
-7.351568478569341369e-01
1.040581123475180059e+00
-2.011294446122413149e+00
-2.333203237885022041e+00
-2.914607654948786486e-01
-7.961283717710652130e-01
-9.204849082448592901e-01
-8.570915939321283039e-02
6.362356320109965324e-01
1.461836359805807284e+00
-1.948154562628691133e-01
-3.335455369904246625e-01
-8.758447874764474506e-02
-1.117771836447321865e-01
-1.136640044816257689e+00
5.000873706359652004e-01
-6.375188921808246922e-01
3.579240887518376546e+00
1.116895006475461249e+00
-1.041639903398381639e+00
9.837738393572307283e-01
-1.111009525481573279e-01
-4.911235459024987371e-01
6.822482609528823794e-02
2.077852954309815203e+00
-7.376112166000986514e-01
-5.670597649203813484e-01
5.593076572799356994e-01
2.198879124313314892e-01
1.664938606972320878e+00
-1.424406159411284012e+00
-6.957177336535202983e-02
-2.735719441628707838e-01
5.098829069086745491e+00
-2.468827791968086771e-02
1.343451401167145010e+00
7.565112344071571737e-01
5.183304776428869776e-01
2.861027456612214026e-01
9.577136871171687549e-02
-7.891028418798893274e-01
-2.590129785570829402e-01
7.252085764131017687e-01
1.940847392719784459e-01
5.048232236237681914e-03
-2.152519685244784320e+00
-8.758170749553819689e-01
-1.754176962319325961e+00
1.541516345330886939e-01
-1.460561459450771205e+00
-3.994757292773529755e-01
2.955529671508527745e-01
1.952106751799290940e+00
4.084335326517920528e-01
3.642707649652512369e-01
1.152347470465994839e+00
3.145024737446548979e-01
1.781472564277586379e-01
3.483810262496298549e-01
1.113885842459416242e+00
8.578073998095698816e-01
-2.400317121544162102e-01
4.978945464416654199e-01
1.126701157183205959e+00
-1.207014115721137815e+00
1.249994524222717063e+00
-1.340175102309668409e+00
3.306399844128888876e-01
1.256794304311032118e+00
2.229254525224927175e+00
6.274886680675240136e-02
3.902562356909362595e-01
1.105496964039620611e+00
2.017212375653023138e+00
-1.101988439255452645e+00
9.488842421943979311e-01
9.312926694466032718e-01
1.049510406249659633e-01
9.451697525032021208e-02
3.177151458886291024e+00
2.432405356113107597e-01
8.206265524630736996e-01
-2.746601199185291442e+00
-2.096102710351130938e-01
2.691200297378165129e-01
-1.624872509951878374e+00
5.591540281108422494e-01
4.124976796826096415e-02
2.166828979833357316e-02
-2.588119830369769669e+00
1.290229488088046605e-01
-3.999156553637301936e-01
-1.343161164233432459e+00
4.425207502974830565e-01
6.816239239003285544e-01
-6.914039961745619411e-01
-1.414340730020483328e+00
3.520106397672459142e+00
9.847604174992015125e-01
4.895637292537808882e-01
-2.158671028237095335e+00
9.491422859166787074e-01
3.673785272862819085e+00
-6.087425220725077857e-01
-2.298404797675499545e-01
-6.532881239143002450e-01
-6.437931089897424020e-01
9.506508827288328023e-01
7.840012303714263830e-02
-6.988599678866906917e-01
2.249213355582460494e+00
-7.637730318514890371e-02
-7.497332221363521843e-01
-6.124845573927166775e-01
2.101636176508744902e-01
-4.118843167935797300e-01
-2.830872851052679273e-02
-9.817662085916907255e-01
7.918981790653296660e-01
-2.279498910758360086e+00
-4.226255489631308704e-01
8.441667003087716115e-01
-2.065210653775289007e+00
6.995515168780763737e-01
-3.628810999387312997e-01
-2.122327982750651376e+00
-6.967932158212388760e-01
-1.299539142950259851e+00
5.946621693465833358e-01
-7.161914372651503324e-01
-6.683964973457346970e-01
7.053850414650572054e-01
-6.302987922565055356e-01
-1.158449570687436481e+00
-1.547569254879578304e-01
1.380648871476199746e+00
-3.280327582146091991e-01
-9.217451186006333508e-01
1.253975273351746189e-01
-6.451133771583250631e-02
-1.067990720000751903e+00
-4.731666832784300336e-01
-5.668543304012334527e-01
-9.275200851298803784e-01
4.597785577495455689e-01
1.052897945966471571e+00
-5.204993396232303615e-01
1.400832673469470935e+00
-1.761270961903770749e+00
5.044435936714564139e-02
6.519802271861340204e-01
-6.147348932140711542e-01
-1.069488440885051350e-01
5.936458856039177334e-01
2.649638958674241707e+00
1.137640281275171361e+00
-5.938458276923404000e-01
-5.282865836087522471e-01
7.389156925955417954e-01
2.307123436156591101e+00
2.437889183584135422e-01
2.754890832805620970e-01
-9.139956938828184274e-01
-1.075578548987724981e+00
-8.646499831192966390e-01
9.463959312274561331e-02
3.557637719432682477e-01
-9.537660212099983159e-01
5.011115327263033770e-01
-6.896841261501587272e-01
-2.168630461658529462e-01
-8.508256872469854848e-02
9.844301959159829085e-01
-1.457475594813997244e-01
-4.862429263179566252e-01
-1.264164335622362856e+00
-6.068456355496170129e-01
-2.022037657546144063e-01
-4.277270763618533089e-01
3.124775813888673870e-01
1.075171513057743056e+00
2.235371865730657603e-01
-5.674005704921717408e-01
-4.657632107273872002e+00
8.605020654879751429e-01
1.081504010566585183e+00
-1.476356874760505367e+00
-1.947552640779787181e-01
9.816305899062743867e-01
6.470823532120255628e-01
7.036845572136831706e-01
8.650153441525296749e-01
-1.212752920501971365e+00
7.966927241390338033e-01
-9.363967514780058288e-01
-6.717298290848041642e-01
1.661319787023357142e+00
1.523454060006898647e+00
-1.066251942570217714e-02
1.967419320263495530e+00
4.249599904688383667e-01
-1.337560054626112382e+00
-7.590751514599685112e-01
-4.899945985250331759e+00
-1.525333850400695468e+00
-1.959307817582033540e+00
4.146924877755924221e-01
8.365215609800318308e-01
-2.872984563931741953e-01
2.219899632064270545e-01
5.887536828641215525e-01
4.518828747833156800e-01
-2.757227810949278268e+00
4.138515810293111330e-01
-1.086959530493170734e+00
-4.361564784441362974e-02
-7.235427448634528247e-01
7.832800118212480678e-01
-6.415518007856082505e-01
1.294084129343009426e-01
-1.158095266049369521e+00
-8.390806313540554173e-01
-1.028897793644121261e-01
-2.399573271505055505e-01
-5.101712240804657794e-01
-1.668546282248799528e-01
-1.121279906095324019e+00
-2.366395720239977685e-02
8.765852172203227877e-01
-2.552385314473168965e-01
-9.822326364602664839e-01
1.660644752809927738e+00
-9.220152989371070973e-01
4.477764604956969152e-01
-1.260212489297215299e+00
-1.065007121823931646e+00
3.420779765421979590e-01
2.717728440606659301e-01
4.018535117965800207e-01
1.608380061030298958e+00
2.450711765234713235e-01
8.006839351361303425e-01
-9.137071039243984671e-01
1.722788851614202255e+00
-9.366773815665863090e-01
2.172160021222113713e-02
7.400573939291636982e-01
5.913482938710203918e-01
1.797887163509457320e-01
-7.589791965892871417e-01
1.025521710210847148e+00
-1.436296095265520156e+00
1.232561747412252773e+00
2.779657561084531991e-01
1.237833735897946319e-01
5.659399744703778046e-01
7.830380012468238782e-01
7.787858028353882300e-01
2.681574747040976092e+00
6.447835869282945165e-01
