-8.237784799008338599e-01
-9.187514359762933847e-01
5.263946038092588431e-01
-3.474681220314348451e-01
-5.530881878542204255e-02
-8.418053624883088393e-01
-6.840272875908932626e-01
-1.573351373746325610e-01
9.641232560958754583e-01
-6.641023375854833155e-01
5.291132412568166909e-01
-8.583740161168162963e-02
-6.670711030980538414e-01
-8.408246346645356084e-01
-6.023025344482342280e-01
3.556651309457383725e-01
-1.534406266031520527e-01
-3.250032417044836919e-01
3.010305537179955859e-01
9.436758486370173671e-01
-1.591434422693369655e-01
-8.868413696357224651e-02
-5.917741582215678697e-01
-1.525056092504659677e-01
1.884335948909403591e-01
-1.726546211856718749e-01
4.748225180554475067e-01
9.557375980211912925e-02
6.233905148081986258e-01
2.548918087268203791e-03
-2.191870378564355626e-01
-8.634249005790295417e-01
-2.905174048743952575e-02
4.422797920854613096e-01
-9.887167887530230459e-01
-3.342597409163632349e-01
2.852372433677154984e-01
-2.198094449479373047e-01
5.768214419377077906e-01
4.681358255788417022e-01
4.230014498847149973e-01
7.984696971674871691e-01
6.506276304131624055e-01
9.949157652881617242e-01
8.346555559916006839e-01
3.257963407521702326e-01
-1.938461764698549139e-01
3.395996905296978507e-01
8.224625174752107082e-01
9.378680448500105182e-01
5.716916188539160615e-01
-9.896222894378035040e-01
2.206791399511565110e-01
-9.839305722145132993e-01
1.257198440937146167e-01
3.364576754688684002e-01
-5.728545983005250974e-02
3.458376180464686200e-01
2.840087774248030161e-01
-9.748873986958701554e-01
4.925911223307846143e-01
8.312033467230812711e-01
4.067221386605281985e-01
9.314674563215086245e-02
-2.098168737611838530e-02
-2.279889011585904957e-01
-7.292520833998992202e-01
-8.086750299091307603e-01
8.358085928842933221e-01
5.910574788351492526e-01
-5.080880705880352899e-01
8.337836210108335866e-01
-5.224037884415362321e-01
1.143395857428879392e-01
-8.973513799843144678e-01
-9.748349494757397871e-01
-3.340088411434700699e-01
1.327308370094728573e-01
8.906256800493423942e-01
4.916076663108959188e-01
1.991469012383857429e-01
-4.599152893401692310e-02
-6.448616547964804990e-01
-7.298850379409183020e-02
-1.929004177288429212e-02
2.683044648923020858e-01
7.572699293800913001e-01
2.643160968351951912e-01
1.854072863128581883e-01
6.078572329837657051e-01
9.637532389184433335e-02
-6.664282894868307494e-01
-7.004794979055295467e-01
4.355815975861363487e-01
-4.367203804322916660e-02
-4.165382937668824503e-01
-5.881380541819203334e-01
7.196176371580345066e-01
5.604965651118398728e-01
6.114139092095456363e-01
-1.170726958831413977e-01
9.380999071345246243e-01
-7.775422376422922444e-01
-9.525517444335360739e-01
-7.339346859397810618e-01
-8.216619205522472935e-01
1.529577927675540572e-01
7.209059468696623618e-01
6.397265435734234007e-01
-9.047328885075653915e-01
-2.251444883795472585e-02
-7.235547295054045591e-01
5.897356455261422159e-01
9.976858235754975102e-01
7.755348636500456472e-01
2.986423968044848998e-02
7.264637279502426104e-01
7.558156870493280000e-01
6.561883906545604717e-01
-4.467052065779801850e-01
9.170662387401855575e-01
-9.746477913685169803e-02
6.548856163486882487e-02
-5.967084108286215827e-01
-9.059682236302801783e-01
-4.294522849262711883e-01
5.348484422411008410e-01
3.455652244013589502e-01
-5.444153689019746167e-01
4.459833799967258816e-01
-5.128983281475805178e-01
-3.915230352400207448e-01
-6.598187031626947530e-01
9.085009028038557588e-01
-2.711115738798075547e-02
-2.780494202509407042e-01
-7.519088734988139677e-01
-8.919803354302522358e-01
-3.373643058599302691e-01
5.027995138235701322e-01
4.151972790383762213e-01
-2.781799418263177781e-01
2.240883065768903837e-01
9.820350734091642941e-02
-6.311854607420632757e-01
-2.495006762779503617e-01
7.973494285444684415e-01
7.005933278364122607e-01
-3.560486045933917154e-01
1.635290634282062783e-01
4.212698913125225708e-01
1.277229880789438887e-01
-1.741441473049711863e-01
-4.503827968643501212e-01
9.140274840404067902e-01
2.578089393181770550e-01
6.126853659622484294e-01
9.448249496457870045e-01
4.391010205526943988e-01
5.887138371682603122e-01
-4.034841241662907585e-01
3.497245385078360247e-01
9.751535653278839977e-01
7.397131853369163235e-01
-9.296108907389923903e-01
-7.181954742527538738e-01
-2.257104336405284517e-01
-3.024316078947160147e-01
9.956625192701820115e-01
7.990793851166391182e-01
1.287404408436427783e-01
-1.769354512688714465e-02
-3.747487692152173810e-01
4.419056601052950839e-02
-3.733780459902233950e-01
-2.492475423361499853e-01
-5.853716195419991219e-01
-6.670722759337663899e-01
6.018887692290741942e-01
1.731819859840877385e-01
9.402018766552300288e-01
-7.267790205954567373e-01
6.804155467522201572e-01
-6.117570366836577733e-01
4.967984395741331660e-02
2.108604468815908906e-01
6.626551908154005854e-01
-6.583735591930746089e-01
2.105932582234484318e-01
6.571418591564788247e-01
3.040884258292519959e-02
-1.540345636436324384e-02
-2.473445250321553157e-01
3.095821654343009488e-01
6.600412601995098161e-01
-3.986595841105795568e-01
-5.829457357365499526e-01
-8.071026084349024465e-01
-2.901145547619163878e-01
-4.507357302334342730e-01
-5.859381013179834063e-01
2.586372988360023939e-01
5.241674697209617317e-01
-8.654855159322814018e-01
-4.887409339264747743e-02
-7.793066125590148996e-01
8.719790621137124553e-01
4.501409965447009665e-01
-3.180598216597145811e-01
9.440882725776853501e-01
-7.979583380606858345e-01
1.656342797666976452e-02
-5.763577743319732161e-01
-1.756817562708796743e-01
-7.084643716125591517e-01
-5.205396796005201665e-01
-5.654205488312971095e-01
7.382128388564483945e-01
9.924872634926296122e-02
-6.398274455317707332e-01
-3.166850053083345440e-01
5.222274477640764800e-02
4.159678953409513547e-01
2.274242812897748767e-01
1.854281291472195115e-01
-9.222198793471121370e-01
-6.016285371045779762e-01
-7.817048265823642872e-01
3.306737220338729077e-01
-8.505566095888492661e-01
-5.058578645749058911e-01
3.392598526649859281e-03
-6.674851050839181177e-02
7.612652474636267819e-01
4.413873582395608786e-01
-3.043223239795245227e-01
-9.613017418149025772e-01
-1.236104784052962646e-01
8.117769029903938449e-01
-8.193910336580878528e-02
9.004848381034826765e-01
-6.302805851757173894e-01
7.768892232889899052e-01
9.782219151755344733e-01
-7.436559253061973962e-01
-9.265731555378893258e-01
-6.361559703795074405e-01
8.179035433442816139e-01
2.319265613480268051e-01
-9.972491523288717907e-01
6.623688394943494373e-02
6.792685254132400097e-01
4.022386579190881939e-01
8.885997319235059422e-01
2.186835856435653813e-01
3.914448760824884577e-01
-8.006146207277438087e-01
7.944080583763031278e-01
-3.639286211675507587e-02
-6.447313666822804823e-01
-5.388722747938734514e-02
8.167822810245044529e-01
9.396919604888505084e-01
-6.710722314108310549e-01
-3.252941820260819572e-01
