-7.259562517712521146e-01
-7.048117764995476264e-03
-1.645150636982832371e+00
-1.333024610516614583e+00
-2.752510462324462281e-01
-1.201407430267836363e+00
1.335752418517196727e+00
-1.594857697543550223e-01
-1.118214559632469962e+00
2.551681083872773259e-01
-7.877886884294331704e-01
1.678663305304814779e+00
-1.422687007259802128e+00
8.325759350109810386e-01
4.579818299994520281e-01
9.775115862064625016e-01
-1.423408342216616607e-01
2.412164861935135463e+00
-3.971930066380686686e-01
-4.171507015814270858e-01
-2.116130860609238606e+00
-2.695299692267463687e+00
3.764322547712593003e-01
1.714161226471706545e-01
-3.563695219844975615e+00
5.444382514001588902e-03
-2.097481686798084333e+00
-1.259806708687178034e+00
-1.508084478247514237e+00
5.794508224275543018e-01
-1.137223192827378826e+00
1.741815399486018157e+00
-1.087400436231836132e+00
-5.035920823782529254e-01
7.032352363301455078e-01
2.269761834594882899e+00
-2.201275121348303943e-01
-5.640063062612221678e-02
-6.441416943099197434e-01
-8.826152398390183507e-01
-5.759965170314541583e-01
-1.927428656692008468e+00
-1.361669770838904725e+00
-2.098389661493586189e+00
-3.200501330532117827e-01
5.632400521942214633e-01
-1.528230076447853358e+00
-7.786581495564375288e-01
4.441071741075728330e-01
-6.643558170357777293e-01
5.729072088137503460e-01
-7.235561051432164437e-01
7.313027327959873425e-01
5.147752282317505923e-01
3.080246171378359765e+00
7.998505271257106974e-01
5.667039234602770925e-01
-1.411599830742052974e-01
-2.984941198169710486e+00
3.265038118067653539e+00
-1.319640583040301962e+00
1.528447251583812561e+00
9.650603414010965331e-01
-2.502678442053457575e-02
-7.792293738202893394e-03
2.153942107608128875e+00
8.495453265577010971e-01
1.251572656109821269e+00
-2.939857045417886727e+00
1.737964589122817261e+00
-2.071638775279727174e-01
-2.099434625535708143e+00
2.273667706593995863e-02
4.010465731936085909e-02
1.369796971377093275e-01
6.447668593426514327e-01
-3.108734787863133842e-01
2.124169643588841083e+00
-2.063523603224073355e+00
-2.188444605245494667e+00
2.404282104468480341e+00
1.529993057093871123e+00
-8.106081896855540370e-01
-2.988742923552897501e+00
2.702350915254688069e+00
-2.579039336578994757e+00
-2.152004257710880442e+00
1.288670393867587860e+00
-2.005834201994626920e+00
9.143931236683051633e-01
1.676041279294734898e-01
-1.479976034235239157e-01
6.876195686393600237e-01
-5.298543047929380023e+00
-2.202309169399092603e-01
-1.753613853618108953e+00
8.883501436456828770e-01
8.104189320808470320e-01
-1.652968610500386903e+00
-3.917440491188413365e-02
-1.831444849303462963e+00
6.304949685615131028e-01
7.588400165072217707e-02
1.959163075353376637e+00
1.083000457307406794e+00
5.138813930546797248e-01
-7.286814563458271499e-02
3.688097539891751708e+00
-1.520155384739247495e+00
-1.089979684366496393e+00
-1.004905891239574300e+00
-1.656121139291514943e+00
-3.236321556956213708e-01
1.532350906367750287e+00
3.169141969116749724e+00
1.879625073393330847e+00
6.428170010402298740e-01
-2.631426145031834363e-02
-4.251483964190009068e+00
-1.446788910433287390e+00
1.586675910084596630e+00
8.414034730789732297e-01
-5.449381776957606949e-02
-1.747614241889383080e-01
5.676307822937782799e-01
-6.758560116905496518e-01
6.509525128782607251e-01
3.596459677638126351e-01
-2.569267833917998622e-01
1.806567078820874528e+00
4.533541395848373901e-01
7.426108008557852358e-02
1.652424165973920722e+00
9.698941557747766673e-01
-1.916807889722884850e+00
-5.324490265301315972e-01
-3.902011571344738972e-01
7.023983383124610125e-02
-2.971730163624899390e+00
-7.625729255514200888e-01
1.001644487167308029e-01
5.418898569628349815e-01
1.071192749557856150e+00
1.239262519415849306e+00
-1.364447084234134522e+00
2.464656024702827963e+00
-6.380381419429772549e-01
2.020630431899039792e+00
-2.930820746187187797e+00
-2.531808601819287574e+00
-3.876305615151889317e-01
4.516462403348044941e-01
-1.145595730066701901e+00
-5.379424251755444697e-01
1.952711448423434248e-01
-1.508756418779683139e+00
-1.345354477021429851e+00
-1.192868344357200794e-01
-1.398524433735053751e+00
1.786008548912110250e+00
-2.143379670523207103e+00
-2.726730539621915916e+00
3.423670188928001901e-03
-5.546695426479859581e-01
8.831112298151855278e-02
4.294060346296644792e-01
-7.067473279678997411e-01
9.717890373298250228e-01
2.725374028348307220e+00
-8.388389585723570185e-01
3.737613646837648629e-01
-1.944093008636414766e+00
3.206236245280343233e+00
-1.417012963530239089e+00
-1.946995067480283836e-01
6.980309191904436883e-01
3.603850092269177630e+00
-9.238250687342693945e-01
-1.515927946163786455e+00
-1.755553564350986528e+00
-7.079630128269889244e-01
5.692583989599908634e-01
1.842781381520250950e-01
2.414485218643705799e+00
2.308856785723336191e+00
7.869504642646650838e-01
-5.516697635698660784e-01
-1.965802418791619433e+00
-1.344181368185461523e+00
7.671871344075642529e-01
-2.604838896191161712e-01
-9.539767422533216301e-01
1.357828578884108239e-01
-3.586079589424777114e-01
3.775608166442637748e-01
-1.408854361669154454e+00
-2.110796850383917622e+00
1.218915211340332760e+00
-2.602025649938463747e+00
-6.030333837827637211e-01
-8.519837865402748456e-01
-4.507346995729525352e-01
-2.679384630109173382e-01
-1.159781239039071155e+00
-2.324757811346978897e+00
-7.584803338435821551e-01
-1.628928815364787619e+00
5.381632963463194308e-01
8.723447862867246272e-01
-4.602411449891747885e-01
-1.158118205405726187e+00
3.487176773700160659e+00
4.702446890440692417e-02
2.835533856592672430e-01
1.814773018270857907e+00
5.953083455344119201e-01
2.379377882408610922e+00
7.038697215610043578e-01
1.226151713604431315e+00
1.712370573556305509e-01
-1.299495073646329546e+00
-5.707295529685192381e-01
9.164054671784968020e-01
1.954899292397060506e+00
-2.445247869249659090e+00
-5.574188934365733594e-01
-1.120087105126611748e-01
-1.794736299890548059e+00
1.413593193778929002e+00
4.384771985349702472e-01
-2.148932642577614516e-01
5.847142181441464803e-01
-1.954025588973955951e+00
4.536669869736274840e+00
1.297031082935819812e+00
8.543497142890266183e-02
3.029836817970302576e+00
-1.030497402635963677e+00
1.461966526367877828e+00
-1.237696401579472250e+00
-2.469948259969450000e-01
-1.763828811853631162e+00
5.819203385964154540e-01
-8.023165465806036956e-01
1.655701897437739323e+00
3.493508499883039242e+00
-8.210905473786178632e-01
-6.771501738852754304e-01
2.036604413571131644e+00
-7.130824174771791535e-01
6.063052039701082307e-01
2.356993973376614981e+00
5.145935432971647572e+00
4.608436883733291189e-02
2.439951802826162641e+00
-5.424636018530275550e-01
-9.660900744568152732e-01
1.588291722301080622e-01
-3.856223384334375393e+00
-5.415022655194234869e-01
2.534836328552672491e+00
-3.139864204351675570e-01
-5.035251599132883893e-01
1.831577457152268940e+00
2.932412691644007641e+00
