4.490592808344939790e-02
-3.008148834873081157e-01
-2.557554382390450076e-01
-1.809505131071360573e-01
-5.881397582132097401e-01
-5.882026114743250655e-01
9.968964459464753070e-01
-2.911595253334291478e-01
1.963227384584347313e-01
5.196521094408887986e-01
-2.198805098124112511e-02
-3.627973616944779600e-02
5.526923088548749696e-01
-4.555563560050173155e-01
-9.557096684802777187e-01
-2.224872120706871126e-01
-3.698252209727015405e-01
5.839904817087175903e-01
-2.917023620570526887e-01
-7.805216503925900273e-01
2.461507807341667409e-01
-9.470190757369829626e-01
-8.977768664498388951e-01
-6.626427250282596049e-01
-3.842068703893970483e-01
3.731381283508474755e-01
-9.655321906516283192e-01
5.549096803463726690e-01
7.548366719051260443e-01
-3.553705904364197199e-01
-1.296130592801723047e-01
4.338586543710565291e-01
4.036808397361622003e-01
4.286552447639018215e-01
-7.482704439196583568e-01
7.324401298332363641e-01
6.111793087960439852e-01
-7.394333034517441838e-02
-7.249650597867940416e-01
-6.221535119052168383e-01
-7.540741477724632880e-01
7.545646462094108831e-01
-6.868449708610691040e-01
9.902056328718098488e-01
-1.487048876593615176e-01
-3.610069315674064860e-01
3.312877506672959882e-01
7.500573253558195930e-02
-4.468247673506946516e-01
-6.399644507748305511e-01
-5.873986289467847399e-01
-9.769924245618677450e-01
-6.694016478814031057e-01
5.464059139986228164e-01
9.480186160736387979e-01
-3.760208633010846402e-01
6.507264175251414873e-01
-4.329427275718893409e-01
-2.908117878041105442e-02
2.611716160352106630e-01
9.517327416902046089e-01
-9.439152537117483366e-01
7.450910827648147272e-01
-6.381922787099729710e-01
1.187974973044909621e-01
-1.424085269453922997e-02
6.077806705863357806e-01
8.401220207160500220e-01
2.941044819175753222e-01
2.410403758710664146e-01
-9.841097909121567788e-01
1.368790183305617081e-01
-2.190969439093781723e-02
6.029604539419008979e-01
5.319873054310635396e-01
9.281980847169537530e-01
1.677552993611488574e-01
1.376452752266261736e-01
-3.447397850521600748e-01
-2.595600213467832429e-01
6.549166675081088407e-01
-1.709032460409496412e-01
7.503784624484119981e-01
-7.176929347780436341e-01
-6.485098537997522339e-01
-1.063768779057012726e-01
-4.099969059054207055e-01
-1.805353580077595499e-01
6.210401770053632919e-01
3.113186182920446576e-01
-3.165141554980888117e-02
8.416638348571288120e-01
-1.686204813104632549e-01
-3.840967315083254618e-01
4.784439468309407140e-01
6.665207429243014126e-02
3.032770731513516616e-01
2.755413236530679377e-01
7.472881186379367602e-01
1.044748394014634041e-01
-5.269818097974467985e-01
-9.660354706585465578e-01
-2.282701274340905861e-01
-3.224131186720573528e-01
-2.166843536404228221e-01
8.084398421970107051e-01
8.571782066799857880e-01
-6.950395353595970604e-01
-1.015514682835136906e-01
8.126501443333868924e-01
8.820022194558665429e-01
-4.465809419342416930e-01
-9.527316444880242763e-01
1.568911458134989445e-01
-9.792385216458399100e-02
9.436640908433908681e-01
-5.446659719797160015e-01
6.829423308130193604e-01
7.099507713816666232e-02
7.962948505505762498e-01
-4.565681830007872755e-01
7.670230541463971541e-01
-6.203012857766139199e-01
-5.862535459563917861e-01
7.290115504470651153e-02
1.841961876546351906e-01
1.020175443025461703e-02
6.626963090844948390e-01
7.112955882658480444e-01
-2.442129281312812594e-01
3.639767019477175847e-01
-6.545517044513005089e-01
-9.134398001582599846e-01
5.687989693371942046e-01
-8.082940310619561863e-01
-7.310309731642679054e-01
-5.471643780311565841e-01
7.291457338734268490e-01
5.076870141909231027e-01
8.678882815414514784e-01
-5.187133114400037659e-01
2.134960003208932200e-01
6.782175429063252992e-01
-7.214358194982124495e-01
7.245751765316430504e-01
9.021998662780446043e-01
7.254902466888188961e-01
-1.927323953132973333e-01
5.742665167503462342e-01
3.597066879975845399e-01
6.148771273378255131e-01
-9.099324415219975926e-01
-1.745218687094072241e-01
-5.571873994960097054e-01
3.526818102714874836e-01
3.182551295594557850e-01
-2.384968994360614492e-01
6.638376471763773878e-01
-8.013466469997143626e-02
9.005720879333711792e-02
2.228930088506850815e-01
-1.430386403648140625e-01
3.399672046938349013e-01
-2.367520827940812200e-01
-1.491143009019912924e-01
5.620943938916480587e-01
-2.297548936786719675e-01
-9.019373727833328580e-01
1.672977611799899567e-01
1.634573370970502371e-01
6.195587609997863510e-01
4.693703550803001168e-01
8.945921192004395728e-01
-2.810637389770072048e-01
-1.394355694643019117e-01
-2.603199920560299585e-01
5.118068338081538382e-01
3.099041964447550868e-01
2.345300487525836530e-02
1.185313949028610203e-01
9.385252692633616611e-01
5.428668130398521807e-01
7.919660789555167391e-01
-2.884059738251025795e-01
6.063544608661559643e-01
4.164647980337550237e-01
-7.530385266077690432e-01
1.873284932922110180e-01
-1.677240168999074577e-01
4.823259612085517567e-01
4.353079899150433807e-01
1.228114066743188904e-01
3.987902328457064716e-01
-5.002544355161804290e-01
1.802711229826301498e-01
7.960835981580931531e-01
-5.546799356361300504e-01
-2.189106429783227448e-02
7.273477839652258137e-01
3.163250603156670948e-01
3.267858204234792563e-01
-4.864831688956399169e-01
-3.334846318635409368e-01
8.064851193835365084e-01
8.909768120693628557e-01
-3.776177534313718276e-01
5.586370738998178709e-01
1.885779124762949621e-01
-3.722158468272531717e-01
2.727429734466340072e-01
7.154175959417516939e-01
9.087929395326947990e-01
2.135485332291136018e-01
7.097093112540504567e-01
5.751698969174938725e-01
-8.869490272849649415e-01
2.199492736079375899e-01
4.671472156043707802e-01
-5.023789479272466885e-02
6.665860105958050230e-01
-6.966543408682746019e-02
1.545763211979844787e-01
2.935056265779159013e-01
4.653334932237784827e-02
9.333217972378633487e-01
8.499382319192327895e-01
6.616875098775845121e-01
-7.323838571537646391e-01
2.908376390159528313e-02
-8.770480991958486960e-01
7.110098377793934166e-01
-5.262808324726884202e-01
-9.525104498679519693e-01
8.274365720260044021e-01
-4.221034383445023686e-01
-4.227501030368785440e-01
7.030278269612055819e-01
-5.929210492429433099e-01
3.859076560495298125e-01
-7.082011336449185457e-01
2.848127805392723921e-01
7.799789336038986942e-01
-9.860873006528272366e-01
-9.204089911612558517e-01
-2.306271112265649847e-01
-6.822296426159435434e-02
4.793795425547731082e-01
-1.020753966408767255e-01
9.450648973374100592e-01
3.857194006521724727e-01
-9.948406869985606527e-01
9.659237521135484172e-01
1.197015371460361521e-01
-5.236896932679679928e-01
-4.632087057672831243e-01
-1.243187885236038959e-01
-9.713085506059448981e-01
1.900210412448264385e-01
7.971846693959110386e-01
-4.501249180304549569e-01
-1.185579223599564358e-01
-5.214844973775212278e-01
-3.375395727699848081e-03
-2.599608004270475003e-01
-4.779821182669476975e-01
