-7.515405747650883983e-01
-5.816634266286887511e-01
2.204773915078960811e-01
1.714060724842741301e+00
-5.940407814429224942e-01
-1.149336509035925324e+00
-4.648314950341703167e-01
-6.908788524076210358e-01
-7.491078316574111273e-01
-7.150335252819624010e-01
9.383165333713583411e-01
-2.090969994731026738e+00
-3.022868154483737135e-01
-1.398092654941844426e+00
1.491020365988767082e+00
-4.341017022873545628e-01
1.424310673169657981e+00
-2.340130133789319444e+00
1.520265290815815629e+00
-2.616691911290260464e+00
-5.386447208500619865e-01
-2.763243345313243005e+00
8.450015223228581895e-01
1.885298083071294872e+00
-6.296239691624321289e-01
-9.158725178850990467e-02
1.366792267129226079e+00
-1.252332936682319375e-01
9.016636832202870044e-01
2.440512661539190331e-02
8.438228577198800817e-01
6.943713642119520024e-02
1.353031869084236449e+00
2.956759203618671616e+00
1.059206244215405324e+00
6.230920431091837575e-01
1.075612388478301096e+00
-1.031452350889258351e+00
-1.134959005589904146e+00
-5.411495136177471021e-01
2.071229131662311485e+00
6.244225392580871059e-02
1.828419939376417780e-01
7.875490887450864452e-01
1.244976094807748623e+00
-6.194347956941310684e-01
-1.420931400786625609e+00
-3.263272816477197358e-01
-2.111858830698288614e+00
2.618441928970552723e+00
-1.313854510018497956e+00
-9.104458355895441724e-01
-1.613852439556358709e+00
-8.431469194224577857e-01
4.158417779875518860e+00
5.224391942090376162e-01
6.506577038627980869e-01
1.942665948206323323e+00
6.253636170361916991e-01
6.223758525218086035e-01
2.633433253673281627e+00
-3.639676514134181140e+00
5.139161792507342952e-01
1.720571379839804571e+00
-1.585874190397454697e+00
3.544059313086689755e+00
4.467884654943565792e-02
3.088542712531320067e+00
-7.086377655863127512e-01
1.496501469540377105e+00
-2.054371454298547839e+00
7.392581685476624642e-01
-1.422305772618879249e+00
-5.051765119449965757e-01
3.250875386613260032e-01
2.229226626192892358e+00
8.768252137572134508e-01
-6.257518880075785273e-02
-3.027942701620293109e-01
-1.887357036390666876e+00
5.742155065492169363e-01
-1.687866894429281839e-01
-1.294711176610459757e+00
-8.390820894951609432e-01
-1.093599666094379419e+00
-1.037871940599005338e+00
8.333997842913758447e-01
2.590810707315463368e+00
1.251237592884284489e-01
-3.664875553692037435e-02
3.223580019036043631e-01
-1.350231860468197320e-01
-1.453737490525848219e+00
1.368377800755526952e+00
1.255913260369312834e+00
-5.139689951008742652e-02
-2.513127603227721885e+00
1.772152939588509613e+00
2.409604303222272925e+00
-3.785848537256127688e+00
5.629100856057357660e+00
-3.572904485711444700e+00
-7.769672788000290264e-01
7.306984688215256707e-01
6.687587571754977089e-01
-2.699895375035352707e-01
-2.168694750548255001e+00
-3.753123739641133216e-01
-2.131226176144386919e+00
4.749545272660500861e-01
-1.084140439626888552e+00
-5.062885444274871638e-01
4.661181570840343680e-01
2.552256610945820015e+00
-8.299513857267512007e-01
8.224328206402653496e-01
-1.412474001843785909e-01
-9.919282912212072922e-01
3.819999098757664857e-01
-4.146170013218353212e-01
2.102482551795591625e+00
1.650441949183594215e-01
6.450811986125810638e-01
3.958811755533774956e+00
2.504729685821529550e-01
1.394852572811397184e+00
1.219367518626483848e+00
-1.361817632629211072e+00
-9.427706207009967088e-01
1.428178316531741432e+00
1.034181095376910609e+00
-6.550286810395509196e-01
2.472254865460409290e-01
5.129023212983274682e-02
-4.173061350587811802e+00
7.985428792342215143e-01
1.158683589145933279e+00
-2.668721942177338047e+00
-9.567474394687337513e-01
3.375155662457182681e-01
2.681534383219093431e+00
5.679198651537862297e-01
5.127596922755182085e-01
9.389493405480043853e-01
9.498684246968582823e-01
-2.000207652591553753e+00
-4.379797748616386377e-01
-2.468149817389832246e-01
5.837599238335658969e-01
-7.763417189320653833e-02
2.015310382678985324e-01
8.058961400483815041e-01
-1.822426156300465561e+00
-1.512633026292354854e+00
3.006324628961393186e-01
5.412602340089134323e-01
2.133232922008554411e-02
8.971475371531039134e-01
-4.238240297241198662e-01
-3.838619807490997626e+00
3.740086294995984550e-01
1.412600335661151618e-01
-2.874774152571543340e+00
-2.170824400766811380e+00
-1.969779888499521459e+00
-1.611519024052784355e+00
-2.229709447672705291e-01
-2.124548782509672940e+00
3.459259844034786813e+00
-8.415240526921369257e-01
-8.823956211787662429e-01
2.242957494409356656e+00
1.394512866171088827e+00
5.292196300581228363e-02
-9.389542290872010533e-02
1.000797919301834593e-01
9.112858922425783881e-01
2.103935372755221245e+00
-5.793119942008313483e-01
1.572955998805694866e-01
-1.313497291966406522e+00
1.075840560173766836e+00
-2.030966540392272091e+00
1.128687589502600508e-01
3.364718618001785622e+00
-9.343204396645972132e-01
-3.269274219148154970e-01
1.161245529648774699e+00
-4.511457188882946889e-01
-6.243852276582799732e-01
-2.000925746968111429e+00
1.340925991387041938e+00
-6.602080194570503213e-01
7.138088869828317362e-01
-3.157480022976111300e+00
-6.684401222044908941e-01
1.693097869086882756e+00
-1.411664131264435684e-01
-2.528427464382422052e+00
7.159897704930456852e-01
-1.418153888715437461e+00
1.090335527495380985e+00
-3.360204540855665556e+00
-1.768931809097688657e+00
-2.537105426654936435e-01
4.250011860583201573e-01
-2.309404875132245571e+00
2.753999204355941366e+00
-1.543832415228962418e+00
9.719019799014219085e-01
-8.965004090546512261e-01
1.281088651808897083e+00
2.107239441848354211e-01
1.343516609909729542e+00
2.657183699377205777e-01
-1.369690674065489500e+00
1.990690451711316089e-02
2.342548362533260597e+00
-7.405423735904022031e-01
-1.364045638034031560e+00
-1.577200670859533638e+00
-2.222508229154932735e+00
2.154120495471983254e+00
1.227892896276572055e+00
-1.500091153148119361e+00
-1.825009222407652620e+00
-5.348884835559903905e-01
-2.806675728628590605e+00
-4.303368525933057853e-01
-2.361671879061637558e-01
-2.334633176719253633e+00
2.489472109070339556e+00
-4.906203216765523401e-01
-1.323838875674758775e-01
4.660703783439219539e-01
-1.226783657576488107e+00
7.664772038553441247e-01
-2.059900265950567189e-01
-7.742985070046199958e-01
-9.808575677519024705e-01
-5.008148316666315658e+00
2.818822852487015140e+00
2.004800139826556915e-02
1.504008392446868125e+00
-1.900881159582707980e+00
-2.325514905169198121e-01
3.769072886533719746e-02
-9.707115994199231324e-01
-1.353661549359914451e+00
2.188842013110918749e-01
-8.919920527336555605e-01
-4.052501998668742722e-01
-1.965522884682088245e+00
8.941822287330940533e-01
-5.606310847804041320e-01
1.620041489317305627e+00
-1.913832398865253470e+00
-8.563073584617141298e-01
1.205159510594046302e-01
8.373427956811716477e-01
-2.544940643018540616e-01
2.131036356135986298e-01
-9.292047923277990673e-01
1.614146938469778858e+00
1.157418754781591730e+00
