-4.350194435618877087e+00
-1.150160747953608453e+00
6.922858000599643180e-01
-2.715032015771078333e-01
1.321274260859391259e+00
7.207091731478620922e-01
4.522385429221827735e+00
-5.292420037471307070e-01
2.689929756553343765e+00
4.694319477067905311e-01
2.320194122889990940e+00
1.590603746743253444e+00
-6.321498949832022873e-01
2.604575062613790237e+00
2.931183797908344602e+00
-6.433124153411461599e+00
-1.783632864561756071e+00
-7.581406020810016466e-01
-4.597958122769830958e+00
-2.521039663995810365e+00
4.605542028830901247e-01
-7.579355651027173124e-01
1.799316697652981745e-01
-1.201023343274005617e+00
-2.962289920719295644e+00
1.216399526832615263e-01
-2.126057280286042239e-01
7.046483481283675188e-01
-3.612574374318607173e+00
2.988596280704952424e+00
1.888653510407366953e+00
-6.392146209092221198e+00
-2.694116493922033229e+00
-2.279265773434080877e+00
8.087683381106522962e-01
1.953399419813019122e+00
1.274687555408341000e+00
6.519910626664732201e-01
-4.301946139391459312e+00
-1.331311242519838345e+00
2.844233921900344519e+00
-2.895652096761398120e+00
1.752230440396441935e+00
-1.122377925760579931e+00
1.981646923849439634e+00
-7.530394523772588888e-01
-4.311739346074869417e+00
3.565023286180747597e+00
1.751583771224321240e-01
2.114479007491200324e+00
-6.674598715969359830e-01
7.621992085481840151e-01
-1.934712533250232624e+00
5.501010307219936779e-01
-5.010273625725375268e+00
2.665302242808173516e-02
-2.371475887052991283e+00
4.133724024841325395e-01
3.602135176154459550e-01
2.308525681487466841e+00
-1.218916613186824982e+00
-1.918631565794174154e+00
2.262925818495117869e-02
-1.198058898308679066e+00
5.327479447421600289e-01
-2.578838740330400725e+00
-1.633072588474208997e+00
1.429102921642661506e-01
1.682446224125618173e+00
3.600799815924057845e-01
-5.416949555820225193e-01
1.285481253604909391e+00
9.811322910081791138e-01
7.258659438300717470e-01
-7.924219385916108083e-01
2.930390696378129434e+00
4.658801277542993224e-01
9.670285053937245356e-01
-2.434146620561084884e+00
1.041047139930116217e+00
-1.884056407765643648e+00
2.026639829965503348e-01
-8.512092174315484261e-01
-2.811636592164292736e+00
2.832284516354881987e+00
4.217665891057083449e+00
-9.430749151649682194e-01
1.290618406796247841e+00
-2.651358449027490849e+00
-4.973621409528490300e-01
-7.794961073396455831e-01
-1.227161826360608998e+00
2.313634330727201149e-01
-2.589142315119703497e-01
6.946552217361858794e-01
4.558924057021248588e-01
2.184403184143532961e-01
5.636138098021855392e+00
3.532066766463873630e+00
-2.036141968628951915e+00
2.137091779766800759e+00
-3.105531335445194330e+00
3.880629642133982315e+00
-2.389913323943682055e+00
9.668829195999664172e-01
3.650890434663730755e+00
-4.167165132590023191e+00
-8.382166873052436795e-01
4.773092374798389770e+00
-2.764849537361131482e+00
-2.698708875156315301e+00
3.587519258000864131e+00
5.382698157297149955e-02
4.805232880385572614e+00
-1.881458012067105834e+00
-1.221667299348747182e+00
-6.174548789312661601e-01
2.000274007999532255e+00
-7.219068710556056701e+00
1.641314356728356544e-03
1.718594384681114473e+00
-2.007556197321891389e-01
2.547441928375285158e+00
5.868920470594172212e-01
-1.036197514413455867e+00
2.127321851466354996e+00
-1.042557852937893437e-01
3.942265766792503179e-01
-1.741285423225104267e+00
1.812653508692599891e-01
-2.527579451493636498e+00
-3.455471396017385288e+00
-3.328439599335593080e+00
3.985977558877513705e-01
-1.116664137759076691e+00
-2.744662575343086885e+00
-1.932428539224895436e+00
3.713672814775079267e+00
1.009413849157683396e+00
7.942551802085505708e-01
-4.956128459074702342e-01
-9.489079642979402207e-01
-9.703624942531945408e-01
1.142082844116271367e+00
-1.939421408503069433e+00
2.842430858437205554e+00
-8.713316568324026568e-01
1.911710806399480322e-01
-8.985012806671537344e-01
-5.145972654572978922e-01
5.244233291458085811e-01
2.338839949867231205e+00
-2.547512509977870376e+00
2.093501107802747008e+00
9.415697152702261485e-01
9.761229978378926919e-02
-8.633928393765264442e-01
5.640143733773594903e-01
6.289652359427441164e-01
-1.011351671884676229e+00
-1.534057343147349428e+00
9.337949122459314744e-01
7.018548138868367925e-01
4.040851745829736608e-01
2.352239318948822433e+00
-2.653602842688647101e-01
-2.448186749899543546e+00
-4.128833732387500732e-01
-5.936395771574586533e+00
-1.447665244391932227e+00
3.250476256722687474e-01
-1.491246537229808933e+00
-1.767589114487398749e+00
4.986222575010035740e+00
-2.169984959257332591e+00
-2.000047590922466867e+00
-3.332940718232829669e-02
-1.816775754559162070e+00
9.433871184991066139e-01
4.666094430272167415e-01
4.483794640473938387e+00
3.507374307638686961e+00
-1.971958408846189448e-01
7.096833015820460666e-01
-1.068356719102449226e+00
-8.513101238243876434e-01
-1.811818473668526330e+00
4.166192664365041765e+00
2.798376411190106605e-01
-2.636410830662616611e-01
-1.154296513634174737e+00
1.002508883805068862e+00
2.720223508887613661e+00
8.268822630208304547e-01
-1.305421516986765340e+00
1.551753437523590406e+00
7.809216170704970095e-01
8.737093276622085458e-01
-6.126206369970546017e-01
-2.577323216154725483e+00
-5.653828335626082113e-03
3.144305068099501721e+00
5.319185322956639927e-01
-1.403991342329757641e+00
-2.760469193739155447e+00
-9.070483713954836658e-01
-1.038492002910693213e+00
-9.978878013910111866e-01
-1.278048999281581333e+00
1.052169754078043695e+00
-1.194595287805127359e+00
7.832721970805319733e-01
6.627164480609562425e+00
4.795753757071191892e+00
3.292676519221628961e+00
-2.145176017201143592e-01
-1.939512031722142815e+00
2.180988303893549585e+00
4.553152112886984071e+00
-2.377277014904375374e-01
6.510557350089483108e-01
-2.317731065188562312e+00
-8.584927465408651592e-01
-1.850649289008332588e-02
1.817489446935074859e+00
-8.470426183297445899e-01
-9.868991373429145675e-01
1.653359218500909389e-01
1.715991902795800605e+00
4.255697876222659382e+00
-7.601741741249472550e-01
1.420630251482488893e+00
-1.291699478848257643e+00
1.298094433532440473e+00
8.881026695054110576e-01
8.267062438304552119e-01
3.793550000768652009e+00
1.390870556154789828e+00
-2.181504984913359646e+00
4.797290193255603352e-01
8.591848924396306986e-01
-2.739721742995468112e+00
1.330481188990896291e+00
-1.277331946746225855e+00
-3.985685149799816251e+00
-1.876348888135203286e+00
-1.815760577900884076e+00
3.008799829300955686e+00
1.288421320761946376e+00
-6.673391072720887829e-01
-6.789066098689039430e-01
6.922815258820618212e-01
-3.335003063854801830e+00
1.323684356851851707e+00
-6.584502046147864274e-01
4.990067160850126804e-01
-1.712173685289317238e+00
2.817439050755315311e+00
3.294936123531364114e+00
-4.330171442290938200e-01
-1.866289301562575886e-01
1.932256443258072443e+00
2.803499725219418703e+00
5.923600143009795538e+00
6.906477374785775503e-01
