6.925882663629545632e-02
1.342560073043555180e+00
-1.970145332906818814e+00
1.758934593416863756e-01
-3.966139534473112072e-02
1.093111741575985674e+00
-8.483062242175465339e-02
4.565558461695331083e+00
-1.637974179976083855e+00
6.207130241336897836e-01
-1.193339978747371966e+00
9.368613550047156791e-01
-2.455856206787408347e+00
-5.073017625403019260e+00
-7.789552718337970916e-01
1.144935843788719154e+00
1.062869195913570763e+00
1.514750425488294638e+00
3.550939003461136556e-01
-6.202382339521630428e-01
-3.085130733978952988e-01
2.191313853128944888e+00
1.005086960676054852e+00
-9.418627098742331505e-01
-2.251911704588864804e-01
-5.395126193431827311e-01
-5.209985192862240932e-01
1.616743166244214214e+00
6.299149195947940649e-01
4.950124300715851078e+00
1.533857548390633596e+00
-4.138723851592656544e+00
-1.189497074867547077e-01
4.977936292946174429e-02
2.045769586491896774e+00
9.625694135230721260e-01
8.795096659245613679e-01
1.687272238860901830e-01
1.422158505275528118e-01
-6.659947502129499597e-01
1.551055827274602894e+00
-6.211372584534802233e-01
8.889222164990799868e-01
-7.602880334579238397e-01
2.064640065800559809e-01
-4.988845219008710696e-01
5.050605906772027698e-01
-3.509105647135426942e+00
3.099450971590750559e+00
-2.927554788019155918e+00
1.704921962745757025e+00
1.532518459135614020e+00
1.424861021410788631e+00
2.314292939885330913e+00
5.327142630489634101e-01
-3.888170865105348817e+00
7.828853184309811364e-02
2.291040504788684817e+00
-2.921170615065246778e+00
4.348954561105300876e+00
9.711812384257509922e-01
1.838088707060442140e+00
-1.460810449137820877e+00
-3.894852935210061595e+00
-7.400353869185938294e-02
1.642723765883473019e+00
5.789135981749837789e-02
1.399698665778428053e+00
-1.235687782728471795e+00
1.686289528450764186e+00
-4.918133157836738767e-01
2.968628634982351411e+00
-3.521962106566997708e+00
4.353666919316390160e-02
-2.068614430780679747e+00
2.126221721199960779e+00
9.788364517835077550e-01
3.796659831826882936e-01
-2.056091573797327321e+00
-9.154344290901239578e-01
8.554110780710346695e-01
-3.082618583147623825e-01
8.770839573363675701e-01
1.309014991541828765e+00
8.274075536632095051e-01
-5.621040503859748849e-01
3.475975098287058085e+00
2.365100386240933883e+00
-3.969398763640381578e-01
2.533437043506301833e+00
9.680478841093890230e-01
-4.519066447664331632e-01
2.559630921932936509e+00
1.382426264801017712e-02
-2.551831754716691769e+00
-8.581003745970328112e-02
-8.749102479431640766e-01
-9.091609716768894733e-01
2.016764639333979314e+00
-1.414016524031452615e+00
-2.369789184055844933e-01
1.624124802927821465e+00
-2.727883316252184276e+00
-1.829614909221663366e+00
6.559463369248437203e-01
-1.867593740315508732e+00
2.380927084340011213e+00
6.050863754264164118e-01
8.070791721977199629e-02
2.346103794437865986e+00
2.838161280930786012e-01
-2.274246218518937823e+00
6.597394267697698211e-01
-6.548183946304704239e-01
2.005315829125257077e-01
1.331822977128863439e+00
1.175909087009859633e+00
-1.508626748191084888e+00
3.629155595754463559e-01
1.158486070391765432e-01
2.389765529931960231e+00
6.363747170183646773e-01
6.495337675966894597e-01
-2.338931762000360681e+00
2.985328843720380654e-01
1.833837166041285272e-01
1.229261799674459699e+00
-1.322037247511418601e+00
-1.485946599849570227e-01
1.048262054833060342e+00
4.215283906159855931e+00
1.815361660087768669e-01
-1.916079609398063210e+00
-2.210968334590321938e-01
-2.240493588936419922e+00
-8.933520522598292768e-01
2.345866326480402497e-01
2.886459549851029038e+00
2.215331870976833262e+00
1.039104480544766229e+00
2.289487539539183825e+00
-6.503687289165978047e-01
-1.816762868350970228e+00
-2.928709594669236527e-01
3.580867387347923980e+00
-2.290670228075235570e-01
-5.785462671370478205e-01
-1.458210110094225742e-01
1.260583695188152387e+00
-1.761600417088098336e+00
-5.033582067586247488e-01
-3.585387348447205191e+00
-1.658567896752177084e+00
1.697525892741737596e+00
1.737841090254643728e+00
-2.582487414201986908e+00
-2.480603049423821815e-01
7.025785725766403589e-01
-4.614813557203184757e+00
-7.790980455012350703e-01
-4.635680989625081239e+00
1.892461882295829678e+00
2.548511231097104091e+00
1.865498487021230112e+00
-2.334132742120009762e-02
1.284314965547993959e+00
-1.043108992306835958e-01
-6.940423727448045144e-01
1.364382455498630797e+00
-1.086238880380103744e-01
2.310632253666850211e+00
1.654093960778978856e+00
1.435460987988463444e+00
-4.240657082972379976e-01
-1.437774356168261880e+00
-1.586770033266081237e+00
-1.283191351442516837e+00
1.036656294157753289e+00
-1.212079551589853699e+00
5.711807168290619074e-01
-9.479661409674822181e-01
-4.129120119958519242e-01
1.875614167961939360e+00
-7.233985831412952372e-01
-2.722264951730172466e+00
-1.879174762457294978e+00
-5.375244541961770040e-01
-2.645050371343748541e+00
1.591392333160914996e+00
2.713905566285067295e+00
-1.938266796477508436e+00
-3.064515853864936412e-01
-4.351194781395243960e-01
-1.719941339222214705e+00
-5.535903664130912283e-01
1.326341076563386068e+00
3.338466409251097389e-01
-9.403148121240421098e-01
-4.019328701020900008e-01
-5.382950523390528375e-01
-2.420850976353814410e-01
-1.984998808208401355e+00
3.589189134498627087e-01
-4.163229830140660614e-01
6.058114040892070840e-01
-2.191009534071076015e+00
-4.073840617978954914e-01
1.817582292424303470e-01
2.889781184545363146e+00
-3.935920246359565500e-01
-1.573114158727373368e+00
-1.306749019757978525e+00
1.003556830775208963e+00
-1.767922266702379952e+00
-1.635106795382742062e+00
-1.439954453036735860e+00
-1.630708756074435772e+00
-3.210443586814565875e-01
-1.284603392138425448e+00
-1.431066211531015320e+00
2.355978251384469591e-01
2.009968577125102129e+00
-1.733854042718645738e+00
1.200046176708218226e+00
4.395936859195777036e-01
-1.055759178645232277e+00
-1.542085763737111703e+00
6.102567728244466805e-01
1.640158900679986598e+00
-1.114073104591902785e+00
4.478497084206079504e-01
4.162443296481010968e-01
-1.452457616161454967e-01
9.903116768749591348e-01
-1.936417373112744977e+00
8.724343723643928072e-01
3.526564448540034924e+00
5.130881491092600388e-01
-1.232658440772595121e+00
5.908665682290250576e-01
2.218374678231214148e+00
1.388206611339953822e-02
4.713466362412557231e-01
-5.221279044963408333e-01
5.914167042506852656e-01
6.040308082655274635e-01
-9.599567682676499736e-01
-6.915761609944637289e-01
-9.183547266461045133e-02
1.820497922917786449e+00
-3.369532251140776591e-01
1.271902284693539720e+00
-1.395042788230914876e+00
1.308734232468496739e+00
6.840108871563947979e-01
1.111537238730214427e-01
2.029836398103542994e+00
1.901802193703129529e+00
5.807671436876201687e-01
-1.235127755122013671e+00
-1.263748286457386349e+00
-3.353382647360119151e+00
1.256271480486374381e+00
1.824645136526929612e+00
7.238696000580484569e-01
