6.221657436214447223e-01
-4.981404254119770059e-01
3.041620852851867340e-03
4.304014302943472980e-01
-7.348878551358271061e-01
-4.971020089393052288e-02
6.477824629829509462e-01
-8.317193165108591746e-01
1.340406337759090238e-01
-8.199682868035453875e-01
-3.688008606216657270e-01
9.586284877130446525e-02
9.924524783109922588e-01
-4.807133134130621155e-01
9.605298168413276549e-01
5.312277252256323301e-01
-1.513981987745087743e-01
9.030851970817359575e-01
-7.125592036966299503e-02
3.923617729421735589e-02
3.320050881741216653e-01
-9.761927790233548841e-01
8.325720354717087712e-01
-2.951769541911406503e-01
-2.849812699312617159e-01
5.618538457838693212e-01
4.529104224508411214e-01
6.889790005977396437e-01
6.873234372184742202e-01
-5.890082896731074769e-01
9.761022722203307467e-01
-7.386169403418065826e-01
2.154574416397847525e-01
-1.043456947758760744e-01
6.683846454187156727e-01
-8.973632018281900713e-01
3.664685353303624993e-01
4.347787605796655797e-01
-2.672640323501431769e-01
3.988363721372811810e-02
-4.246819477001162468e-01
4.488158405709068433e-01
6.795926626109372037e-02
-4.533109701879265430e-01
-8.855931055180905620e-01
1.514549701262282166e-01
-2.124698990674809274e-01
-5.994996528838882899e-01
3.615492328025149416e-01
-8.150745836762323115e-01
-2.811139629915515581e-01
8.974458968350451649e-01
5.249584774275453114e-01
9.361292753664223198e-01
-9.508091690344042668e-01
-3.905096742130755860e-01
8.014037507631743829e-01
2.522444610469214421e-01
9.525457556857539476e-01
7.840588030181987467e-01
-6.221477836023880936e-01
-8.243405041690428092e-01
-3.866928725916913834e-01
-5.925793847637299550e-01
-3.131003055657741729e-01
7.351551512985927683e-01
-2.863918027837275559e-01
-2.931794617275709225e-01
-9.395632659056907254e-01
-3.316056797979214377e-01
-6.796973958999419363e-01
-7.458526931563003171e-01
3.442317281468412205e-01
2.786206721571808931e-01
8.704679382860078807e-01
-2.530042702088504125e-01
-2.641517977500051906e-01
-4.912670935373784076e-01
4.850019055353569364e-01
9.476366478149034211e-01
-8.743765673715322428e-01
-8.094651808693777983e-01
-1.998514336889785081e-01
6.803755416676766643e-01
-4.097197381129107363e-01
4.456834123775683665e-01
6.502714531404449883e-01
-7.379262660398464568e-01
1.856374572665098199e-02
9.834080410255263693e-02
6.578297126289804897e-01
-1.710263958734588030e-01
7.730074548023273540e-01
2.557803328908909712e-01
-8.164569901106037975e-01
3.374880081242686014e-01
-3.753177334387418629e-01
1.196054661378798123e-02
-1.382328033790920507e-01
1.995387879672538833e-01
-5.528800943017464498e-02
7.313454177345406482e-01
-4.546282941017960599e-01
-4.153695458401616136e-01
-1.401647979716289516e-01
-8.628911695119931835e-01
7.210888445121796941e-01
5.675234815884471207e-01
-3.128158994650036551e-01
-7.875296544096557216e-01
7.931825092580828684e-01
8.370527097553304152e-01
-6.476149916616358304e-01
-2.275868936859033465e-01
-5.645578211929926926e-01
9.727580527363066665e-02
7.227972708207024422e-01
1.028185442074993627e-01
-9.852136077195368102e-01
6.922264997726610414e-01
-1.384935884968188091e-01
6.914974160132874026e-01
-4.497655471987018760e-01
-5.030257289423594180e-01
-4.318024777205302644e-01
-6.514899611412412472e-01
3.870940306003407549e-01
9.429003878180470810e-01
-3.430997261854213942e-01
-8.087023478245645158e-01
-7.017190259037524580e-01
-8.734958600598088374e-01
-3.804514566832795097e-01
-5.103864693029165345e-01
8.626015539092160012e-01
-2.106627115662593752e-01
2.947612186923760369e-01
-6.949581111845519743e-01
2.395810934934563541e-01
1.044217593161764768e-01
9.583600038056405701e-01
6.785436755573293066e-01
-8.740230761443001928e-01
7.636495342616365090e-01
-8.167902329989547017e-01
-9.739616399259176660e-01
9.691052464016032264e-01
7.991743575497323171e-01
6.140087791101382919e-01
6.107229984446727045e-02
-2.797847401480801910e-01
-4.774467431853093302e-01
-5.307834673141631487e-01
-5.409791628346738435e-02
2.742279304110499805e-01
-1.370808744921747646e-02
-6.917943781545035087e-01
-9.104902475154350583e-01
-9.358058653071008592e-01
7.040874853964567137e-01
-8.206392104367787876e-01
5.519738216838492306e-01
-2.670655052945918317e-01
6.058856638084553214e-01
-3.485820323683932465e-01
-9.233746344016793284e-01
6.623392217306129925e-01
9.322538231610320025e-01
3.525656018430658456e-01
7.463664435039016887e-01
4.415622192801782475e-03
4.713405273210113933e-02
-6.330874735303864131e-01
-9.099134240183122113e-01
-5.301472881667288473e-01
-6.594749905822259173e-01
-7.785245310839814525e-01
3.265594259899071705e-01
-7.600778869059394705e-01
-3.338183350031458385e-01
-1.540917394917080685e-01
-7.701657838315241200e-01
-2.696302322477883706e-02
3.060653831524258184e-01
9.727994378810729259e-01
7.174600812460734112e-01
-2.352270356475310020e-01
1.923820240301818973e-01
2.327757980623190726e-01
7.596266883764712929e-01
3.468131123357225398e-01
-6.890023603037105371e-01
8.554042971494391079e-01
9.604823430948890017e-01
-4.281447966550306905e-01
7.607918246094762527e-01
2.850188626072602815e-02
-6.083019656178914047e-01
-2.594362472849864876e-01
9.372570920541047901e-01
7.689482239230107652e-01
3.189846918632874839e-01
-8.421178826415749441e-01
5.400200495900266962e-01
-4.685670311665857124e-01
5.442456556423425074e-01
-3.832998311131352587e-02
-3.116821287463518164e-01
4.671526500861258313e-01
-5.781875016514672616e-01
2.929808327186917971e-01
9.419249881418960690e-01
3.943546123042422913e-01
-4.520339580011030201e-01
3.745660352681641214e-01
7.892208344693814048e-01
-3.750210603767736295e-01
-1.490153406813845560e-01
-8.949714085235704886e-04
2.492096915940951174e-01
3.766350836095144761e-01
-7.600387910437711447e-02
4.846053663302067882e-01
6.779657581212592543e-01
1.696832777382770718e-01
4.445584513339522204e-01
1.449717209936540741e-01
8.661752436456142679e-01
-3.256321668743606956e-01
-4.519523323251894986e-01
-5.507639218955633353e-01
-2.159846284883448764e-01
8.402568001651540275e-01
4.723262374642709371e-01
-8.086659827446562865e-02
-1.637784707781051452e-01
8.471640404883080677e-01
-2.616133572978065480e-01
-2.102728788133487736e-01
1.044853317118927816e-01
-1.594382409773771325e-01
1.689747138691095607e-01
9.928491192588473346e-01
-9.234554881536582993e-01
-4.000278687651264153e-01
-6.597346282714893206e-01
4.295185247432176112e-01
1.284338213591327271e-01
6.976755210503544635e-01
-7.359891634947932637e-01
-8.107731424777318008e-01
-4.031709220894008627e-01
2.142309075472585977e-01
2.682544108448259301e-01
1.315152935841792381e-01
6.161552563209549138e-01
-7.335539968401640909e-01
-7.935829660653588302e-01
-3.372690893716365768e-01
8.760296202690009970e-02
2.260940030097249309e-01
9.773417700533300057e-01
-7.295588365871858993e-01
2.891017048890869301e-01
4.554064090854370583e-02
