-3.414700907604553137e-01
-8.987643389812023376e-01
8.658831554722823398e-01
-2.641979004765815375e-01
-4.228528955363544117e-01
-9.039131154490969156e-01
4.764661714798024139e-01
-5.852875506716204157e-02
-3.755593352028350207e-01
7.081137234659518054e-01
-7.878655008815160787e-01
-8.588606350326242200e-01
5.931154492153667412e-01
-3.956593165469015627e-01
-2.223247912185581932e-01
8.044006944495456501e-01
-9.065806063479624477e-01
5.236712225798998421e-01
5.547196796824656051e-01
7.669897224043114026e-01
-1.926852701154886383e-01
-9.887710676123537823e-01
-1.670820687932141890e-01
-4.785106847852338419e-02
4.098556271194069289e-01
6.674980375329164772e-02
-4.689440532838942133e-01
-6.428548713912436430e-01
-5.849748766893625440e-01
9.538241638492559460e-01
-8.472847639832188360e-01
-8.632961649875177113e-01
-4.475300791286276336e-01
9.798743161276934899e-02
1.934876679870332072e-01
-8.511051162992431252e-01
-7.997068114618197665e-01
2.696917773646807515e-01
-2.696995171002882774e-01
1.015313957140930867e-01
-4.167191209408818153e-01
7.287466593842248930e-01
2.581064296370898514e-01
6.768819383124948796e-01
6.815841505544002477e-01
-3.957133632276215174e-01
-8.472847639832188360e-01
4.535920789303768963e-01
-1.939380644436394796e-02
3.042021739362710253e-01
4.508461335505646872e-01
-3.396817959852225233e-01
-2.663054442032808389e-01
-1.370388684895385012e-02
-2.963275473021396156e-01
8.956834682602148323e-01
-1.417255057997985901e-01
3.943203815523601552e-01
-6.542022736745867206e-03
1.360950308881709869e-01
-6.573193737189604313e-01
2.898783435139897779e-01
6.017625423660513118e-01
-6.391261932422320768e-01
-3.599360424429234318e-01
-5.898345943775753497e-01
-6.385150512016350977e-01
-2.271689449531153482e-01
-7.026620730944621585e-01
9.063294432912567533e-01
9.775239340995722781e-01
-3.736235101921638879e-01
-6.051211487996144278e-01
9.375266894352225489e-01
8.210515536273377268e-01
-4.044947415081618924e-01
3.413847885481557931e-01
-4.601998039365473581e-02
2.423555938772898877e-01
-4.060556007666011880e-01
-5.357569081649982135e-01
-1.720596897142872006e-01
-8.781588035496281641e-01
4.930354185410585899e-01
-7.679908702447213464e-02
2.604121421476981446e-01
3.837403857063605983e-01
-6.014605232807852531e-01
1.587629730179807019e-01
-6.613506561771131942e-01
-4.209273123300003583e-01
-8.826670954870130537e-01
3.490045467205635799e-01
4.306607827017217005e-02
2.147945226309972977e-01
-5.261917833231348762e-01
8.923202548654478594e-01
-4.752006250850893121e-01
-2.587557188302411770e-01
-6.864810739263926820e-03
6.638972443315689365e-01
-6.964953987574475924e-01
-7.518477953617732634e-01
-7.204549969859626035e-01
8.008096426216413377e-01
-2.483163614351235893e-02
-1.178102018806796991e-01
-8.775885877968552240e-01
-1.612566965796955465e-01
-6.870984202100673954e-01
-1.085001812832504520e-01
6.201776050585603439e-01
-4.623721349522611490e-01
-2.544225220520839326e-01
3.995875398293464720e-01
-5.443870079519452787e-01
-6.323587828319126025e-01
6.986376097514244154e-01
5.380737689798062995e-01
-4.302039967368878060e-01
-2.539669540386100266e-01
-7.004526191126305701e-01
9.208643336661905821e-01
5.341925736951178560e-01
-8.632961649875177113e-01
1.887900310318431085e-01
4.535086093405615859e-01
7.115173987508554010e-01
3.263077527634952180e-01
-1.670820687932141890e-01
2.616403598840810751e-02
6.941620410604214531e-01
-5.771572863623506411e-01
5.500168903267566023e-01
5.559145091246449066e-01
6.944258861565224539e-01
4.499887877988593132e-01
8.616100011164067318e-01
-5.467391854809984242e-01
7.808730443552311939e-01
-7.026620730944621585e-01
-4.560938081943670674e-01
-7.741179458258262702e-01
9.859609593230831415e-01
-8.057148290816220637e-01
-3.496830154805998792e-01
-9.022885307421739665e-01
2.662953551924573947e-01
7.487424629703254286e-01
2.632529658633957492e-01
-1.794868886532232644e-01
-7.998463820101313626e-01
-7.609972125795794184e-01
5.455997496021887105e-01
-3.676166217877192555e-01
-2.652426403909520225e-01
-6.618583690568726752e-01
6.048073251881977974e-01
-2.927146205068471563e-01
1.782671428313049589e-01
-7.937913271707386365e-02
-7.168792563088191017e-01
-7.163347168432698808e-02
-2.301383769643792210e-01
-8.416384317789817882e-01
-8.731048179913944995e-01
1.735065148712784389e-01
6.194892563600764568e-01
-7.959137009080408109e-01
-1.597812196406767082e-01
-3.935357821710803172e-01
-3.804103035491177565e-01
4.904724449565545097e-01
6.801525443339804244e-01
4.673462330779389884e-01
6.446532791614001390e-02
-5.439170789500649139e-01
9.989892115902179182e-01
-2.539669540386100266e-01
-2.449491910576462317e-02
-9.738079243894692816e-02
6.024975694057013165e-01
-3.594658747969334822e-01
-1.389149969600842471e-01
1.578978234117567325e-03
2.026430057282424535e-02
9.088438587177294359e-01
3.174201330762675966e-01
-6.625156154528253349e-01
5.419835794466074663e-01
8.083263907423421379e-02
-6.595138573992560538e-01
1.156244591236659236e-01
-6.269626878044936014e-01
7.868136336154016863e-01
4.626554318698241630e-01
-9.092984564392365687e-01
1.134871702677591188e-01
-9.601401454439091321e-01
-3.680884679993150499e-01
5.505910356248742143e-01
9.819756656076230605e-01
8.202817839841065606e-01
1.601921010692810565e-01
2.778387099311339092e-01
-3.158115759122825938e-01
8.286777892800156753e-01
-5.052863883305473980e-01
1.683718364205784024e-01
7.768416140878606768e-01
-3.396817959852225233e-01
5.924783945291092202e-01
-9.456497619301835744e-01
1.327710822850749484e-01
4.180801384318242331e-01
4.704762709771137530e-01
8.131047196049572268e-01
-2.960668158950912066e-01
3.368345945864965607e-01
6.148854939224845939e-01
-3.600887814394324593e-01
2.751979626716398730e-01
5.113511928402123541e-01
3.490896409348362983e-01
9.904127331442487137e-01
2.255348764635090042e-01
9.335187891926195469e-01
8.783272244723729916e-01
-7.120119742045483147e-01
4.803159129259895188e-01
-2.604125808151753763e-01
1.038434562861929589e-01
-1.449763573885816115e-01
-1.536797829014899808e-01
-8.024038646153011101e-01
-7.500842411746946325e-01
8.611279367992574763e-01
5.292910704960844814e-01
1.370176802823923623e-01
3.481123277147770700e-01
8.923323639104443483e-01
-4.578987049222993377e-01
1.585225019469793661e-01
-3.464578313195572079e-01
-2.662270694528539039e-01
-2.388626007251073435e-01
6.127612646865681079e-01
-8.157897542644199085e-01
8.992565414671891411e-01
6.659740821050885717e-01
1.997682130169191606e-01
-1.147181481287007365e-02
2.235345079522350620e-01
1.121446045320944052e-01
5.980841482590304459e-02
4.469590725448133739e-01
7.433581384645029377e-01
-8.243000576304078120e-01
-6.810627013122025897e-01
7.926316353472464549e-01
-6.204060589177196050e-02
-3.893690027646210527e-01
7.040548980525240808e-02
8.036588468360663651e-01
-2.522056039675271144e-01
