-8.909193160344222040e-01
7.830496253334793266e-01
-2.575977888140967842e-01
-9.985402805399870019e-01
9.736065446982695715e-01
-4.808650536845231471e-01
1.792315202180987388e-01
7.365547947489421432e-01
6.122847176035008943e-01
-7.664119396885664681e-01
1.246935243658189307e-01
-1.513866157190379980e-01
3.901972500579300451e-01
-3.767349366211503181e-02
1.843850149453034604e-01
3.418623465802421713e-01
-3.658285446472260283e-01
7.281140181406531298e-02
-6.828076765922277414e-01
5.213091277305035298e-01
5.247781844096095494e-01
1.579023326211124179e-01
-7.013309044384454793e-01
-9.739580355803705292e-01
-6.545351462149007205e-01
6.052631220338744455e-02
4.727483732320065801e-01
5.944426291123305894e-02
-1.461633584592552104e-01
-1.142804888620794213e-01
-9.586719277994306676e-01
7.484796208349344671e-01
1.144474837023266023e-01
3.490553556640696442e-01
-4.206091417574253644e-01
7.968334024346477307e-01
-4.741187164385076702e-01
-1.025468951707724230e-01
4.641581882037053575e-01
7.727341088165164962e-01
-2.025898267828203370e-01
-2.006325724908348818e-01
4.104237570070818908e-01
4.301386185253264216e-01
-8.455467035168577894e-01
-9.533132137064943556e-01
8.921241200789413739e-01
-9.946066281911940532e-01
-5.599745555927913010e-01
-7.311017023751160693e-01
9.547558163871097126e-01
2.176440336711347179e-01
-7.266025467448233854e-01
6.920389386028449330e-01
2.819538178719183108e-01
-4.343704706736859489e-01
-1.674689865217993123e-01
1.794329732917288034e-02
-5.306666730213291938e-01
-2.422421531986349574e-01
-3.654339026617041686e-01
-8.097380365447850448e-01
-2.155495665541364847e-01
1.466233398174836555e-01
9.795672581843475335e-01
-6.265784469656909828e-02
2.167109220330432073e-01
7.906577862463970430e-01
-9.323905756441335235e-01
-6.024458538667658569e-01
-1.951580008425590762e-01
9.484737769997269030e-01
7.399571591931095593e-01
-5.988413285740752379e-01
2.062157137960647368e-01
-5.840409138869029348e-01
-7.298507322128051644e-01
4.179820156980764700e-01
-8.824434903404358987e-01
-2.380037783851223221e-01
7.381911856073024580e-01
-1.863829960380369855e-03
-7.492262132016618281e-01
-2.379740839105746186e-01
-2.959741032381326686e-01
5.872094000687375637e-01
-8.473464181809466922e-01
-4.881988903441192296e-01
-2.883808038714146260e-01
1.592200852808332012e-01
-4.684511591396796071e-01
-8.385795844733312521e-01
-2.104400830835171377e-01
-8.341630160642037328e-01
-1.830041985370822744e-01
8.589541818158328290e-01
-6.516399607771705682e-01
-2.869517714427793909e-01
6.718492176957486794e-01
7.588093982051848929e-01
6.934596020774674852e-01
3.787415575521393407e-01
-5.480457327824339586e-01
3.441374584002538928e-01
-3.878741944466534974e-01
9.905960520068757269e-01
3.078937433684199032e-01
9.527590574009785485e-01
-6.902109063993431270e-01
7.743673077954467132e-01
6.431999395502860928e-01
9.890020635776004543e-01
-3.489638995417381206e-01
5.170276615995907932e-01
-7.188481015450665090e-02
7.499779673280120296e-01
8.865076061230938720e-01
6.993959676829319960e-01
-7.366370780376187977e-01
-6.551420663280351775e-01
-5.687971279132342239e-01
3.641462325331452643e-01
-4.467889565559328702e-01
-3.728294310256035082e-01
-6.802828544224643892e-01
5.896799935272221127e-01
-9.816928970959717393e-01
-2.949268945212073501e-01
-7.828143453206017899e-01
9.442418888242509745e-01
4.038342669865917500e-01
2.642707733730806918e-01
9.506314715395025594e-01
8.226733130252474879e-01
9.040060464441947996e-01
9.242689926800111699e-01
1.666653027104070262e-01
-9.464926795774442070e-01
-9.515580290448741874e-01
8.167402735804341063e-01
-4.676151234075682783e-01
6.885610008594249543e-01
-5.726676682363307513e-02
7.834681967220258336e-02
-1.936379171004292132e-01
-7.633182729388401366e-01
-5.272287566107110024e-01
3.190539157116949465e-01
-3.991469000810465850e-02
2.713474635569168569e-02
9.804330419464253321e-01
9.611368155568258409e-01
8.252189466639592297e-01
-7.583830271250342481e-01
-4.266184701668631618e-01
-2.384126276010665180e-01
5.537082331917466682e-01
1.788210426623395577e-01
2.180506316689134749e-02
-4.784409787861618746e-01
6.819302330926211297e-01
-7.610688902876718842e-01
8.945793618787221124e-01
2.650898313226379699e-01
-3.877875890164101946e-01
-3.170918013097410171e-01
-1.146062938199776671e-01
7.458616747193214103e-02
-3.828018837305922073e-01
-3.385167301709062215e-01
1.997244542793996658e-02
-5.740997766505375743e-01
5.727573520377866600e-01
5.508265734923574186e-01
8.843860681687214509e-01
-8.316649816233920856e-01
-8.120015546848868837e-01
4.104558157287319098e-02
6.181940083016306264e-01
-5.087898487370594580e-01
6.436597675595232548e-01
6.970594388744462133e-01
-5.105575405181783655e-01
-1.281914722666817052e-01
8.333357878196538948e-01
-2.262285007410012039e-01
4.862089148882431378e-01
6.484382181785197652e-01
-1.485757695751686036e-01
9.178900335031290325e-01
-7.790970041768630061e-02
4.691632497283877434e-01
-5.893542801794566799e-01
3.222228349811031567e-01
1.607386426775874178e-01
9.919117213888672957e-02
9.926916875668758689e-01
9.234203175397115437e-01
-2.305402704610219899e-01
-8.690895070380744158e-01
-2.050332067585887152e-01
-5.362599021149321299e-01
-7.016951618455262718e-01
-4.364965185066986830e-01
-3.262011214306526075e-01
-4.106289174265986830e-02
-5.592008622141697582e-01
8.072769618033373007e-01
4.025513828976683417e-01
2.774791422943394537e-01
1.930487208740732097e-01
5.742610242833059431e-01
-6.714577512845480989e-01
-2.390600832160378886e-01
8.002915708347706492e-01
-9.097309939609468099e-01
1.689931796985122414e-01
1.785783267853091605e-01
2.964288428443917489e-01
3.672113376427708076e-01
-2.172607262652765936e-01
3.602358909192384662e-01
2.411897601203540908e-01
3.201144644721569676e-01
-8.335057220296708813e-01
-9.433429994659900952e-01
1.855398142104855985e-01
-5.314501575002055223e-01
8.272005206086847640e-01
-4.848934646820866057e-01
4.455993054113394081e-01
8.674908058675492306e-01
-3.049583676047971093e-01
4.885363116503462777e-01
2.801514577982144871e-01
5.121126339454560306e-01
-6.558134537488140570e-01
6.510431791540287616e-01
-9.936323923044707573e-01
3.889996377115223503e-01
-7.569491417374163422e-01
-5.702753715055857153e-01
-9.091497116395441669e-01
-7.685123043957731159e-01
-2.342286877601693629e-01
1.114890707433056072e-01
6.625422038958526105e-01
5.669509071971843284e-01
-4.368009134788297665e-01
-9.351454704105428561e-01
-3.036252963049110853e-01
3.775401849953694544e-01
5.752380028190748895e-01
6.856879481292397216e-01
4.544257581921966604e-01
-1.967548711728612787e-01
-5.930649601705542118e-01
-5.125308949032199024e-01
-4.452609100046227564e-01
2.853983966243354153e-01
-6.780665504678586863e-01
-9.653579024805702957e-01
8.488747104569795976e-01
9.929457484183663585e-01
-5.616447231085357483e-01
