-3.992205548389270664e+00
-1.194730369685303106e+00
1.811106463583211257e+00
1.081278309197463372e+00
-1.011915050625556423e-01
-2.921282961358993013e+00
2.683367010622391469e+00
-5.304483079953581370e-02
1.726109340040024254e+00
-2.102832271257856878e+00
-8.042986200593851276e-01
8.276850207209740518e-02
-2.665367051601260417e+00
3.116091783839414209e+00
-1.041818429502698651e+00
-2.732824409288600265e+00
-3.233886469926668950e-01
3.182642169281983513e+00
-7.297894914372844433e-01
-1.443878083736742646e+00
2.203157450252346994e+00
-1.108729334180004855e+00
-9.313072757443920935e-01
9.538050078585236236e-01
-9.623260708253182916e-01
-2.033972599237920953e+00
-2.649758719585082467e+00
5.551320005093154375e-01
2.453464572632348961e-01
3.436852996880215283e-01
-2.398037768259444924e+00
4.244012949872710827e-01
-2.838940548757823201e+00
-7.393983923005564840e-01
-1.292832085180633861e+00
4.827713388267136363e-01
3.369076392786976459e+00
8.364728963084944180e-02
-7.979555864074454608e-01
3.181886693932628241e+00
-8.957802099467159218e-01
2.648582004362684206e+00
8.415322541047716154e-01
-2.268669995646320769e-01
3.217243677562138693e+00
-1.627280472339332817e+00
-9.466564544364048928e-01
-9.471420169614135354e-01
-4.458639719255081402e-01
-5.907185325708452783e-01
2.956071664071157068e-01
-1.912626003859937196e+00
3.711621650015748397e-01
5.383388560780788534e-01
-2.641576124183953045e-01
-1.623306141418835669e+00
4.175938132781097378e-01
-2.225021441032946967e+00
4.873613288435668878e+00
-6.298540866699113838e-01
1.560309803619305047e+00
-2.807620376119277505e-01
1.226801855519807249e+00
-6.661614446625898633e-01
-2.404176212683751146e+00
-3.207085652555132782e-01
1.978482420109247686e+00
3.044755056302929308e+00
1.348987591582777146e+00
-4.941623220776768521e-01
-2.619904289731609826e+00
5.987354416004537772e-01
-2.754821241645865060e-01
8.147028272281164885e-01
-6.653782487644570587e-01
-1.540962623397626130e+00
4.606834051605102065e-02
2.965129220217761929e+00
1.543047164439563801e-01
-1.279639770712476032e+00
4.800933072602169838e-01
-1.301909585460361285e+00
5.009527709093455350e-01
-2.046464463284751290e+00
7.358587278601494974e-01
-1.994208567258255016e+00
-7.226131176540140366e-02
-8.700194033815775718e-01
-5.910957573654452846e-01
1.806782402738278392e+00
-5.057668248140096967e-01
1.223526431674383019e+00
-1.447706979652312098e+00
-5.505344639156442010e-01
9.651189598173877116e-01
-6.931996160755888869e-01
-9.028164285330140260e-01
7.626548439323355133e-01
1.066455924170371716e+00
5.871476501224697220e-01
1.420726055739174543e+00
-8.382047159127214986e-02
1.157020368458666182e+00
-6.283464519241521717e-01
5.605785899817130602e-01
6.220920532099373235e-01
1.448843044757732512e+00
-7.501815222680732198e-01
1.679371319779691563e+00
-8.626573370545774777e-01
3.359865766483524641e-01
3.397953969167769595e-01
5.117174982873959888e-01
7.643411256842657098e-01
1.105383084248821035e-01
6.096581831878935542e-01
-3.205940958018041353e+00
2.030094768375689807e-01
4.953391080622282505e-01
-6.621111459451864967e-01
1.696334880796319222e+00
-2.472003852754287578e+00
-6.519594102575958505e-01
2.263116065181452807e+00
2.190421263950262709e+00
1.867557088258327225e+00
9.687239262019654573e-01
-8.958601983640068767e-01
-1.031576795284618431e+00
1.953851948867409316e+00
7.527414891618808834e-01
1.826931404695737227e+00
5.295136289251076711e-01
-2.450872431854933087e+00
-2.490296207587392452e+00
4.414339346283353005e-01
4.348181717385346534e-01
5.897152699811195609e-01
-2.887027407918019151e-02
1.049313908414266638e+00
2.282406889877027778e-01
7.247798155881829407e-01
1.521903448906471557e+00
-1.382670049235191101e+00
-2.604240723554538395e-01
2.652591478029838967e+00
-1.729061708647220197e+00
-1.430806098198447174e+00
-3.110604787119212733e-01
4.368440135474702668e-01
2.094694658403229326e+00
4.243188091019357566e-01
7.003784041475966671e-01
-9.582168961986829991e-01
3.112363627411692590e+00
1.034121048131960707e+00
1.439951909988456791e+00
4.797413724006394098e-01
-1.431268940751093677e+00
6.220014311615192915e-01
1.039773419923386788e+00
4.023046527024805030e-01
7.830628440536910873e-01
1.302053484550137474e+00
4.007012343035942781e-01
-6.761957025729111725e-01
4.148163084116782251e+00
-1.291343390978524130e+00
2.059304960182809729e+00
5.741736740562950470e-01
-1.600542139368379857e+00
1.074019326854772416e+00
-9.849970603231352761e-01
2.877895631693286216e+00
-2.037241225097959685e+00
9.986590874770908677e-01
-1.429476593951073848e+00
-1.177193157222183650e+00
-1.799743465748856686e+00
8.994116860457612717e-02
-1.345247863433602920e+00
2.390310342047356762e-01
-1.124800040437765380e+00
-5.985850005074888625e-01
8.265812375926424593e-01
1.041060846208178736e+00
-7.474525841643389068e-01
-2.647985596744904413e+00
-2.527571186229573108e+00
8.354522796536538731e-01
-6.265452647227744976e-01
-2.841452567105980931e-01
1.950948278583431117e+00
8.316599327312010903e-01
2.030755835193220005e+00
-1.279690334904360460e+00
-2.160880302798767971e+00
-1.450216823854413528e+00
-1.251724391050280216e+00
-3.880478076023995415e-01
1.460400431996573989e+00
-1.491117572144065706e+00
-5.166634849840656685e-02
-2.519280816064999318e+00
3.634237532107700730e+00
-4.428835857512662955e-01
-2.099975769769340417e+00
-5.826639893630931599e-01
-2.762693543543937036e-01
2.862224809581783269e+00
-1.484356749361893435e+00
1.582080431138725762e+00
1.522730717454190419e-01
3.984801407499972914e+00
1.256452386037461011e+00
-1.918527269671339797e+00
-9.455833286214461175e-01
1.378318830525287364e+00
1.088060863354910923e+00
-1.069277380158117907e-02
-5.696182235107909442e-01
9.412850648979991242e-01
1.404414501781328317e+00
-2.094251646111842557e+00
7.292432014661121009e-01
-4.054421073395084174e-01
-1.082926885054307231e+00
-5.359430226189852986e-01
-1.293533456834285333e+00
-9.422169144044582056e-01
1.761186120437974179e-01
1.947465466318963001e+00
8.692707776603045833e-01
4.251151372020842700e+00
1.996761581168792210e+00
1.312706523360175126e+00
-1.747004227948717237e+00
2.968066109446162226e+00
2.521992613505324332e+00
6.299433971651625663e-01
4.229044569212742632e-01
-1.806710951754227024e+00
1.369645521800257004e+00
3.042177276375344519e+00
-5.060089157449726427e-01
1.777666687153417691e+00
-7.726456489345343570e-01
3.778183470230301877e-01
-5.588324615906643533e-01
-4.236785241930158818e-01
-5.170375609730453181e-01
4.933240289838122017e+00
-2.467984985374038764e-01
-1.317681634630554655e+00
-1.568516249752155423e-01
-1.001464253082060551e-01
-1.441546430154123870e+00
-1.457644148114444427e+00
1.071308245321395347e+00
1.525255642912890952e+00
-1.457836228073792650e+00
-1.357721408502015059e-01
-3.989644075400593515e-01
-5.012867456602688065e+00
-1.834774564787061690e+00
