-8.587895010388035821e-01
-8.333301172674584256e-01
2.993093592889709775e+00
1.585227538361681843e+00
4.601606987403685789e-01
5.506433666282637418e+00
1.554634376023417808e+00
-7.883374688251588713e-01
1.362158596291364487e+00
-3.552657277096782362e-01
2.019712381854715133e+00
1.606189274616757867e+00
2.671128529912444982e+00
-2.061830462656988328e+00
-2.228207599360343405e+00
2.394476045866182456e+00
-1.073625320824819873e+00
-2.792265853250811780e+00
2.425492473133501470e-01
2.712982597529593143e+00
-9.697434605347912129e-01
-4.142416647669255880e-02
8.244372574047359459e-01
1.243095278544714022e+00
-6.674979241982326172e-01
-1.255101769716882920e+00
4.125678933801004256e+00
-1.344055493446145499e+00
1.274498381999082941e+00
-8.813402898951369080e-01
-3.060427992223603955e+00
-8.037831783836524302e-01
8.949119439828139289e-01
-1.123256002494499306e+00
2.166092978342449626e+00
-9.109797787982611972e-01
3.806575334808939282e+00
8.905470403856138972e+00
-3.426924934698442282e+00
4.298445579174931197e+00
6.185826309090172170e-01
-1.004237250404352189e+00
1.398974056549279754e-01
-1.679091603435836300e+00
8.218804430227062419e-01
2.569219127116377233e-01
-3.583941534467892653e-01
5.839321448166838735e-01
6.464946493918783954e-01
-6.507285286795858603e+00
5.870529347954787092e-01
3.809344197928603570e-01
-8.486224627589294967e-01
-2.223788913876235895e+00
7.897144204207022788e-01
5.745901197701153151e-01
-2.106621309803836439e+00
-6.673937445330990759e-02
-4.765238354423062539e+00
2.900025507482108633e+00
-3.199008235046594706e+00
9.874947279243111442e-01
-1.000274553186738302e+00
-5.134540042823784844e+00
-2.112913712608632810e+00
-4.209442296229120473e+00
-1.312770981739337151e+00
6.158555975874561161e-01
7.944177857074505855e-01
1.882068973079305207e+00
1.293819878567927573e+00
-5.819335425824417873e-01
-2.169098381763379546e+00
-1.088555684067804563e+00
-2.519463464553374887e+00
6.880350100683998438e-01
-5.509182924845251961e+00
-4.069432666010113220e-01
6.639820337580675247e-01
1.217598310385954896e+00
1.220849440262457453e+00
-1.227522841049628610e+00
2.179287920830466074e+00
-8.366085541941644665e-01
-1.764839533482328804e+00
-1.305402716400174468e+00
1.179415142771823355e+00
4.361158179830870729e-02
-4.450509047981878741e-01
-1.623758298043782133e+00
2.488086882817360790e-01
2.765104658049912345e+00
1.214242602445714914e+00
-2.127873414137860575e+00
1.979102673400944923e+00
-1.107480640166572883e+00
7.357159787387832495e-01
-4.285908499516851711e-01
7.979466824480884179e-01
-4.094660285707804270e+00
-1.174860447318313961e+00
1.317958123865778708e+00
1.034763243950465483e+00
-1.298676922690053859e+00
-1.678240882585429805e+00
-3.133384954843285275e+00
-3.202746801912005559e+00
-3.959705789404889487e+00
1.826011658666983672e+00
1.381219315103228151e+00
-9.630293922039447896e-01
-2.037010203757195104e+00
5.266024976891272580e-01
1.074059201442606692e+00
1.075841428362864782e+00
-2.969191996128293098e-01
-2.417803593178089905e+00
-1.574851794741314537e+00
-2.147561392890874998e+00
2.152364143223704396e+00
3.064280754931012485e-01
3.819359782486034582e+00
-1.710554695755403865e+00
-3.684302219128142042e+00
-1.019688260418891046e+00
1.002042981071246341e+00
3.819109799497765856e+00
-2.827832155194421881e-01
6.302744532806744404e-01
5.681825746637149344e+00
4.582313748951485799e+00
-2.802356823582078604e+00
-4.722922868773089533e-01
1.210106988486904012e+00
2.486173307283347178e+00
-5.510475901680412569e+00
2.270623553593195343e+00
1.717092632009054931e+00
-1.568376909043789569e+00
2.056960627411882570e+00
-6.840012975458553690e-01
3.425101919373170212e-01
-4.528019566330863555e+00
-1.186879847894531714e+00
1.117883302332388418e+00
2.832043239713633920e+00
7.345472597342483922e-01
-1.474425320823280039e+00
-1.626865112736400332e-01
-4.302771945753247174e+00
3.525104862421784002e+00
9.210798287353402225e-01
-5.619594992141176970e-01
1.667101963001227372e-01
-3.087735145964669137e+00
2.521093599977640487e+00
-5.384725291520574553e-01
-4.475439587837592992e-02
-4.805990939047051214e-01
2.033133883005650233e+00
5.525965720058862996e-01
-3.147413904666103157e-01
-8.374073635359478018e-01
-3.812239390253757687e-01
7.329097308155605450e-01
-1.967481749127321766e+00
8.819575016167380266e-02
-1.086520604250077682e+00
-3.262407614367840658e+00
5.017360257824353909e+00
-1.178681821337943525e+00
-1.686637353965759534e+00
-8.878746655996867521e-01
-4.627518980996272013e+00
-1.358767697653308959e+00
-2.341776885631345895e-01
-1.239444017476733162e+00
1.627348679856926772e+00
1.041904653130504954e+00
1.810875799160855948e-01
8.642039835666095460e-01
2.263955370292272118e+00
-4.090262852607899902e+00
4.509913623752079270e-01
1.486863512831426704e-01
-1.438156646852988718e+00
-4.755244309644535150e-01
-1.742738733160400288e+00
7.203207509434852440e-01
-5.822543610374791845e-01
3.994365786334419521e-02
1.424479634277458606e+00
4.833876051873176038e-02
-2.440561854260095309e+00
-1.386779392697547797e+00
-1.381661514711868266e+00
-4.936109945670618115e-01
8.604495032161513235e-03
3.317205105980582935e-01
-9.026722438001083537e-01
-8.385885378401182200e-01
-1.667973845052111770e+00
-2.017040924075243602e+00
1.490167400408745624e-02
-3.738886444353468619e-01
7.988321769698203401e-01
-1.754340818386045164e+00
-1.209576708852449611e+00
3.856735652344130960e-01
-2.709127768478839737e+00
-1.373330994668636951e+00
2.846111613922782446e+00
2.092109837656195570e-01
2.830365897340052506e+00
4.358377476532520944e+00
-1.800718211337040353e+00
-8.072462636643136236e-01
1.851455787681024256e+00
1.972656570899523398e+00
5.724714909315447020e-01
-6.575884971083849617e-01
2.607966930102935343e+00
8.668843627212114988e-01
1.788410698006322130e+00
3.050222640804225449e-01
-2.058255489833316076e-01
-3.230135215831611895e+00
-1.681333223729854831e+00
7.422068038567684045e-01
-2.062736663862070885e-01
3.560646688729851572e+00
-1.903312928538765991e+00
1.755813667390050403e+00
-1.405208196244243979e+00
-2.642677724403231121e+00
1.457653454413397220e+00
-2.750893484194762095e+00
-2.671286863761357933e-01
5.239157944651705590e-01
9.223295663016175538e-01
6.281027738286659279e+00
2.119263804678155338e+00
2.370444610256261520e-01
-5.833535599481978196e-01
4.298845566344607683e+00
-8.845007565961009455e-01
2.693223112896490079e-01
-5.446604322404912102e-01
6.276603556698652220e-01
-4.735597789835447324e-01
-9.395835824159828320e-01
-2.898154518720977180e+00
4.872759939627113734e-01
-1.026694767801034525e+00
7.893050265115327813e-01
7.133458461547140805e-01
1.956717620127410795e+00
8.553683065714761113e-01
6.728981585974518342e-01
1.441823585252308915e+00
2.144182807252059675e-02
1.236488639558252167e+00
-3.358156324019823114e-02
-2.214544809531107994e+00
-2.277036449098984727e-01
