9.901207483925895669e-01
8.033467286128648244e-01
-8.188831015679289838e-01
-6.348099994082441189e-01
7.734059135731645718e-01
-9.240394996038192588e-02
-3.185788317327886698e-01
-3.481802169893568610e-01
-6.261083026382834316e-01
-3.241178909920749973e-01
9.194641978829585227e-01
5.279135686248077608e-01
8.039977271691880478e-01
-2.530478560642346331e-01
1.366586979686483794e-01
2.531003841863399551e-02
5.974693701695048542e-01
3.327656756328118970e-01
-1.102369853214670847e-01
-2.881468187138531700e-01
2.429830342327967685e-01
2.448980664318978206e-02
1.697618901858761742e-01
2.543259869564957754e-01
-9.092040454626506563e-01
-3.173451604878774202e-01
6.639878530656664335e-01
-1.749742971131331704e-01
-9.270788593109147158e-01
-2.456247934333564142e-01
1.190037940003643158e-01
-1.169590989516324786e-01
6.093149347201509691e-02
1.407665847125303404e-01
2.504356416168498356e-01
-6.474961887544210537e-01
-8.332707589234717993e-01
-9.992410819053778592e-01
-5.831537218045832471e-01
-8.658778089544727496e-01
4.352278718945346014e-02
4.802455006810213423e-01
-5.996359908017694362e-01
2.487883680572879896e-01
-6.071232462572140332e-01
5.827888403649303939e-01
-8.948606680392010571e-01
3.557117784412973105e-01
9.519942377846788428e-01
-4.969040840527547687e-01
-8.979827327551055394e-01
-8.587381135682750077e-01
-9.638733877253398141e-01
8.479607650465910140e-01
-1.912037249687124074e-01
6.277912990960690109e-01
9.323468748478975776e-01
2.245383169007482138e-01
1.821806311096341169e-01
-7.760015685916332728e-01
7.170830699394885599e-01
-5.162696343276254041e-01
-7.502543727779633631e-01
7.476524881290782520e-01
-6.525425461401355154e-01
-8.488936875177910402e-02
-2.255095377471139084e-01
-1.499850310484092120e-01
7.145026350143619531e-01
-1.792980782262942885e-01
-4.290082115484921133e-01
-1.126631332727161539e-01
9.139101048237694425e-01
-4.098548692599697230e-01
5.030525144583100072e-01
-5.127600282219464400e-01
5.417757785502739232e-01
-2.198872499101207634e-01
5.876562784572747500e-01
-8.312371249422660924e-01
6.613535525370770607e-01
6.065156448799720046e-01
-9.351866953819141237e-01
-7.591395034678325437e-01
-1.742280480674525123e-01
-5.725647640559634599e-01
4.848197973298069563e-01
2.691271328410662633e-01
4.339081614593078839e-01
2.049551223205978712e-01
8.236177214653610523e-01
1.186213624675525047e-02
1.738531532574154603e-01
-2.908184095936363622e-01
7.971604926854494177e-01
-4.086414798246122970e-01
8.518904684022974294e-01
-9.021465489179287811e-01
9.506778888802431826e-01
1.115759977141337345e-01
-5.213003047840043536e-01
4.993822728004473355e-01
5.328435251787002613e-01
-2.510032448920864745e-01
8.999275486966586968e-01
-9.907030499674727153e-01
2.817176602852766720e-01
2.872223695447440051e-01
6.456038475813341559e-01
-4.076741174936890921e-01
3.917062425068358333e-01
-9.360235103418428348e-01
-2.570643476556502272e-01
-5.248068091028967874e-01
-4.069170977741594086e-01
4.468797449985457693e-01
8.952693627131322884e-01
-2.813898308517150948e-01
-5.377233518904691589e-01
-9.173824143135922426e-01
-8.250988929299074570e-01
7.803707793084413424e-01
-1.873653737938716368e-01
9.285134158648755687e-02
-7.136255479291917503e-01
-2.875561529179424536e-01
-6.974896180552692115e-02
9.524213763835813751e-01
-1.276139282268691222e-01
-4.444836272106011954e-02
8.210195667087893945e-01
-1.504668477707618024e-01
-8.113183341578189545e-01
-7.544282738292140689e-01
8.883771372507773822e-01
-3.210481158142701741e-01
9.159468461969508812e-01
5.626916904509671191e-02
-6.752496328538346582e-01
7.621339574664254268e-01
-2.033290753634948711e-01
8.350356198505777261e-01
1.472947183724859777e-01
-7.467588219313976428e-01
-3.201579503972231677e-01
-6.816367618618510704e-01
1.810682084296610928e-01
-7.167443246170313031e-01
5.145581358558475316e-01
-8.002465195123182884e-01
-7.263008269984085885e-01
1.579519671273661441e-01
7.228237069024792127e-01
2.989699483981353989e-01
-9.955723766588480128e-01
-3.080252161241074926e-01
6.258375673795388838e-01
6.398776642579486751e-01
3.939288656495121277e-01
7.945278545099898615e-02
6.677582157320598455e-01
6.602773100476466706e-01
-2.671073699146866431e-01
-8.640372673542460191e-01
-4.101136950090000788e-02
8.001027431869354167e-01
-5.731745063084467962e-01
4.204775981547299590e-01
8.707465133338201380e-01
-1.274170983908764487e-01
-4.074399424116985635e-01
-7.242950059800090656e-02
-6.841970936437680173e-02
-6.977843884390992901e-01
-2.871422987220726419e-01
-6.482324050274070881e-01
1.401346345791669723e-01
6.681013624237122084e-01
5.701938911961323964e-01
7.712396008063948649e-01
-5.761720154621863266e-01
-8.688151665776560062e-01
6.630307434572664249e-01
-8.612910421504893499e-01
-4.614689269959524331e-01
-2.597614118595941157e-01
-8.830483736784384696e-01
5.616254063965775423e-01
-1.819828361426818475e-01
2.100437728313264696e-01
1.644468455255800876e-01
7.033071324817519177e-02
-1.103002044159848705e-01
-1.966753786543828930e-02
9.013330263681742505e-01
-2.760910083293355299e-01
-3.551085528439315020e-01
-1.936449601190048941e-01
-1.175106314371821004e-01
-4.130037369495223043e-01
5.119872336948412261e-01
-2.624902822837837935e-01
-5.161731441448476065e-01
-1.873998080198493454e-01
8.702388417464919090e-01
-3.945982199768083287e-01
-9.288862508919721872e-01
-4.363233406683351134e-01
-1.504756997572944677e-01
-9.395111945653058516e-01
5.852200463517840401e-01
-9.392518601941863832e-01
9.507190597570174262e-01
7.619620486042677499e-02
-5.443680521228022595e-01
3.257197468156409759e-01
-6.790494045438144610e-01
5.184257692139304652e-02
-1.022936246932266702e-01
-8.689541687972603956e-01
-8.392881302907000407e-01
7.499545058679140119e-01
-6.487828005724596281e-01
9.928586833268775447e-01
-9.048182620660101261e-01
6.015364303493346831e-01
-8.939456826420904001e-01
-2.616815153488738499e-01
1.665242631490833070e-01
4.894592371229289363e-02
6.591897972133611283e-01
5.876066914365900562e-01
-1.577753031278199547e-01
6.366698421407599451e-01
-4.822181869385664399e-01
-5.934299451458857622e-01
-3.507499290846756157e-01
6.005541385884300976e-01
1.870579098869196155e-01
-9.984082093393529256e-01
1.962188836048222029e-01
3.578936744230776235e-02
2.330868301170658796e-01
-7.114682618237244682e-01
-3.103194058742420047e-02
-4.397696226860243751e-01
-5.595311661949275983e-01
2.143900812059558181e-01
7.567209265548766606e-01
6.168172530117144170e-01
-9.608524782879301895e-02
6.949778688781784730e-01
-7.398077978709942659e-01
4.989015157888849750e-01
3.782990715663236969e-02
-5.450429475992901729e-01
4.341267520513463207e-01
-2.528344992229045740e-01
-6.407685611221076716e-01
3.550457694483584170e-01
-5.573250333988561955e-01
-9.736018285351599744e-02
2.158129610860350933e-01
7.241539231698219670e-01
7.876744397955273147e-01
