-3.045379022997012797e+00
-2.784739941931535512e-01
8.745788764852999719e-01
6.699146928121528788e-01
1.858589336484331112e+00
3.794398815557513682e-01
-8.585886162542297750e-01
1.923178955141366497e+00
1.211182671769406527e+00
2.863318317495555210e+00
4.254264201528064504e+00
-3.012836513292496132e-01
-3.714257924516732867e-01
1.285327158059890840e+00
-4.488818406263234695e-01
-1.380134054400945054e+00
-6.829201474447754716e-01
1.379701276738383164e+00
2.203252540714726315e+00
-4.823257061902499476e-01
2.263214640086352591e-01
6.763271878980781082e-01
6.954120158549503827e-02
-4.718914322149193041e-01
-7.601688129442882857e-01
2.452234581164535854e+00
9.903476231948160624e-02
1.053756069755558133e-01
3.113061274587575200e-01
-1.461526224210818681e+00
-1.926605669929551734e+00
-5.582398006646080990e-01
1.650416491004844888e+00
-5.263996022736436853e-01
6.575629334976724749e-01
-1.037369155993873360e+00
1.428400578208531613e+00
3.106858144662809629e-01
1.649473731234539775e+00
8.352803833167465886e-01
9.700616161967676732e-01
8.334140650511674339e-03
-7.964464647974913714e-01
5.421338921183216364e-02
-8.180263474977882421e-01
-1.723052047669075160e+00
-9.702266249935537212e-01
-1.473272194706078952e-01
-8.275426251193387372e-01
1.520989966588955911e+00
-2.998379589895963093e+00
2.596334313396368998e+00
1.255685377403578551e+00
7.424656490826440081e-01
-1.693097061761451028e-01
-5.321454554902351752e-01
-3.047141039024978126e-01
2.919436955715812854e-01
-3.383370926583293414e-01
6.679506267003081366e-01
4.395883843819934356e-01
5.363720237351803366e-01
2.895429994512515925e+00
1.548461710995869156e+00
-8.745602487050553320e-01
7.510580968608335795e-01
-3.539697430920829557e-01
8.294173458902709406e-02
-2.188848263308866393e+00
-4.369196542073701117e-01
4.641407539998676501e-02
4.080910380614933275e-01
-1.601495919333338014e+00
5.980987729350093041e+00
3.412879795501708169e-01
-8.624728173737354897e-01
-1.502408542995753715e-01
-3.356578030751552699e+00
-1.469089457922569508e+00
-4.362951847404385464e-01
5.291978066900132616e-01
-2.596705815461348266e+00
-2.155960370138857662e+00
-7.914603977948770908e-01
-3.319254361039105650e-01
3.843970568903055107e-01
2.463874073945832244e+00
4.319806533715198071e-02
1.050119921864488326e+00
-9.838938155264351781e-01
1.373572973411867570e+00
1.719898087709928136e+00
8.284257598455180283e-01
-1.396717224295066062e+00
1.727934649928032584e+00
1.915675794431287660e+00
1.299782080503374182e+00
-3.328402926733753375e+00
-1.098561716956349965e+00
4.637658550380622247e-01
1.972479298666881542e-01
-8.099791771132972551e-01
1.774171968475872330e+00
-1.363217935599307262e+00
1.412950253118116395e+00
-3.849123396296805222e-01
1.115431321210380577e+00
5.279417158098145268e-01
-9.299623623881930756e-01
6.081579247232096197e-01
-9.594975261063081184e-01
8.591711039617633272e-01
2.532843199046712623e+00
-1.026304121182067264e-01
1.191199764662294047e-01
1.035132518661287415e+00
-8.654955528368064588e-01
-1.416565616149644047e+00
8.943366186587264899e-02
1.495505154723765662e+00
-2.361079914926530465e-01
-1.428159434355187329e-01
-5.047377023942050123e-01
-7.759932924093360107e-02
-5.598801367089843994e-01
7.413205994125402487e-01
1.554769778309623707e-01
4.767458802708410825e-01
1.167332986047657117e+00
4.866635429974244254e-01
-1.180252833354351605e+00
1.273941517254306710e+00
-3.333356338150021081e+00
1.619367120837867269e+00
3.148990954717396651e+00
-2.961162229196776519e+00
6.449330433764264292e-01
-1.801001451583700952e+00
7.978325987540443309e-01
-1.042385416506500739e+00
2.550995329548588764e-02
1.330097024855575460e-01
4.732131898308591378e-01
7.507800433815131624e-01
-1.047492173328899545e+00
2.377136146174384734e+00
1.661131659221624091e+00
-6.422930839223389698e-01
1.346414244297835960e+00
3.455910835871743636e+00
-1.291066625390687506e+00
1.239976851388426393e+00
-8.472277638696210644e-01
1.748261915070640216e+00
8.876309451139625661e-01
-4.902118418244016951e-02
-7.644471674811610384e-01
-2.122808856437168323e-01
-7.226670126706953301e-01
-3.989256080566577545e+00
-1.229230435871030647e+00
5.223639000474920024e-01
-1.800701344991921360e+00
6.708649549555970593e-01
-7.964121013301221907e-01
-1.316327822976205431e-01
-2.389355747261941332e+00
-2.262999297547396704e-01
9.740283482259318726e-01
-2.794411625792620590e+00
-1.413186575238656317e+00
2.481585716756671278e-01
1.917296996515614804e+00
9.509878144579769765e-01
-4.304672138903691270e-01
3.672708341978972335e+00
-1.095404159359607554e-01
1.999676380719558888e-01
1.332311143258310793e+00
1.154101090757323034e+00
-5.259785048856824297e-01
3.079978165936429479e-01
3.090099103976641004e+00
-1.448672481750505003e+00
8.974148435067567098e-01
2.687138059727840478e+00
4.755620116874854642e-01
6.835503908139184404e-01
1.378204047265103149e+00
5.022789886274000581e-01
2.958724007249120547e-01
9.121319856169042284e-01
2.158680911578920725e-01
3.176261429673838954e-01
3.765125111760861287e+00
1.971986543435586992e+00
-6.952571125970619104e-01
2.793027177530115868e+00
7.467851610264317763e-01
4.358654011367310566e-01
-4.305026790782688906e-01
-6.728732505428582922e-01
-1.438289604712439940e-01
2.983529160962724580e-01
-1.286749429967940950e+00
5.270327467336459737e-01
-6.471213754715229305e-01
-1.566141196727251383e+00
1.198773847863543462e+00
1.889847818513519240e+00
7.726601363120405574e-01
-2.246460544237393275e+00
-1.719529344138140070e+00
3.009438362342273798e+00
6.535060987487897322e-01
2.372558186487492726e+00
4.229720789853507745e-01
2.143467811578822213e-01
1.677189508744456381e+00
-1.144953120501923438e+00
2.451134302037705215e-02
-9.549664015257688376e-01
8.210642213725202199e-01
5.206954326031597580e-01
1.323289606818899955e+00
-1.131556649048228946e+00
-2.404138771477692949e-01
4.054275554484506605e-01
1.291369405761440436e+00
-1.861547111578586433e+00
-1.353525487035317276e+00
1.665947433800190502e+00
9.124108256469610767e-01
2.556131667009637898e+00
2.275085242100574889e-01
1.447802408496716708e+00
6.412410672778774412e-01
-9.870719542527173207e-01
8.064945506051789392e-01
-8.954138387432002411e-01
-3.109441606424471871e+00
-8.378520397515609730e-02
2.374528423076891492e-01
-4.217492705454377599e-01
-1.353894556366236346e+00
-5.141581276290674296e-02
2.896520825825965595e-01
-3.772103255024263357e-01
-4.779788386891319907e-01
9.488396088958842567e-01
5.828142866393654087e-01
1.923047306797407430e+00
5.437638485693083723e-01
1.650275034292340237e+00
1.599998811625806816e-01
1.389568807436467157e+00
1.143050797098709381e+00
3.233441346712112585e-01
1.814387482205793711e+00
-9.436730836456663774e-02
-6.469920826770902966e-02
-8.799504868963303750e-01
2.650500266429835605e+00
1.031607404951260021e+00
-5.671319876530369619e-01
