-1.049028543348133447e+00
-2.964323070498915413e-01
1.077429244416068910e+00
7.795332456848227398e-01
-9.689358403193594205e-01
-1.762665373842187355e+00
-1.624886159109716344e+00
-1.379657697671705097e-01
-2.946236123688091624e+00
1.087336230733408904e-01
2.643223749793701671e+00
-1.357039005306075019e+00
2.448608713619596644e-01
-2.172608031352384617e-01
1.724800013372187690e+00
1.513759549462123655e-02
-2.602679478149622305e+00
-9.824685105425106091e-01
-1.028917808279132817e+00
9.351805432032302967e-01
9.054035684790379124e-02
7.193286765676973893e-01
-1.993482811788471754e-01
-3.497552063379859799e+00
-4.153178029035059504e-01
1.215829744628805997e+00
-1.304769495854094075e+00
-5.082816009915833710e-01
-1.419953768390376458e+00
-5.035669746427075211e+00
9.535495587718845201e-02
-1.344572266932516191e+00
5.272835121929198010e-01
-1.154432887272250241e+00
-1.849713128291584407e+00
6.482552824144506287e-01
9.190008521136681097e-01
-1.713382049184950962e+00
7.523870667448502303e-01
8.605320352212819657e-01
3.709004324643893069e-01
1.663161811834313886e-01
1.134791251270554691e+00
8.976828835851089483e-01
-5.027045090901947066e-01
-2.359216774067661060e+00
2.582803597953233776e+00
1.155561668047740076e+00
-2.259383574511781401e+00
-8.814435431456388859e-01
-7.756706732472935517e-01
-4.485169051285298192e-01
1.736219926705287353e+00
-2.332599290593873498e+00
8.633616762190710059e-01
5.563356358541895474e-01
-4.913121384991965268e-01
-1.781726999941440015e+00
-9.882304812803219818e-01
-3.725535698371038595e-01
8.560964830835494643e-01
3.047908334232176664e+00
7.045908694917164539e-01
3.074100057849427081e+00
-2.013434483421982168e+00
-2.232984965962853341e+00
7.524772603537122073e-02
5.836273591784684189e-01
-4.155845048919887263e-01
-2.932956635991378569e+00
-5.087952474383250490e-01
-1.560439402971343315e+00
-1.794889927280573616e+00
1.373545221372215019e+00
-6.201902011565199047e-01
-1.269171575018619214e+00
1.432320798912710913e+00
1.427861219373308455e+00
-1.901987225775438883e-01
-3.193419630901808137e-01
-1.368565626915752231e+00
1.060836069393296999e+00
-1.619224385282067580e+00
4.438825774036769811e-01
-2.790690492795217525e-01
-8.958374953418922759e-01
-5.007689300741302585e-01
-3.077531855122384030e-02
-8.115258298319436014e-02
-1.034384711073413676e+00
-8.474737120707493965e-01
7.760977879032120441e-01
1.156312071541771846e-01
-5.506058361338489471e-01
-1.209282400893731957e+00
-5.316396803303458096e-01
1.820122783373125719e+00
1.465656610675549976e+00
1.104407500241438411e+00
-1.193148339363001020e-02
1.116332945587114489e+00
4.845835725182796594e-01
1.492485760043004372e+00
4.667395370216280148e-01
8.096932010217883224e-01
-3.391218430769381342e+00
-2.228180137807147965e+00
9.814236853663533822e-01
2.058821345486920862e+00
-9.680893716673343308e-01
9.356690597630432649e-01
4.006479856301685682e-01
-3.104220862911456491e-01
1.020168924963235302e+00
7.630759408288873002e-01
5.945830363961521758e-01
7.154776882705672358e-01
5.272542401326418826e-01
1.132862585878843253e+00
-1.946711283231100209e+00
-1.464477893018938381e-01
8.158049891307727064e-01
1.659554297049029792e+00
4.545032888742388533e-01
9.122582660888007844e-01
1.436393566882135486e+00
-1.263565148708994723e+00
-1.245673108001537965e+00
-8.942183331355475495e-01
1.177494298392811389e+00
3.323806935775971194e+00
-2.155560416800533785e-01
-3.031655707590886095e+00
1.089702526504478630e+00
-3.975783559500309927e-01
1.355979549456229338e-02
3.959740845439061907e+00
1.914162027691467260e-01
8.786483735898307224e-01
2.015145798848800851e+00
-1.983690938565417783e-01
-2.021502943880877368e+00
1.339022665832931391e+00
-5.267469701921886349e-01
2.216091343114859669e+00
1.935011269106050591e-01
-5.103782310497027908e+00
-7.420395047116823406e-02
-9.448463491979728346e-01
2.849537376555931756e-01
-1.510026556592643843e+00
1.500152958542123605e-01
3.312200200150784646e+00
9.555553490304801167e-01
-1.855689792221031587e+00
1.757810209964946191e+00
-2.803043550803748563e+00
-1.043016599603848071e+00
2.761255812361548045e+00
-1.857172556337608915e+00
-8.951813620416998463e-01
-2.759667476434553013e-01
1.791688233277331399e+00
-8.795919235904892108e-01
2.631977241211683749e-01
2.094585727617130022e+00
4.070151721491688801e-01
-4.834324385612969621e+00
8.972056631505984647e-01
6.315105624289163444e-03
5.644604539334896476e-01
-3.031949501052145557e+00
1.646545768818150179e+00
-2.950908410445374219e-03
-7.840939060826084273e-01
-3.824243093242623015e-01
1.366027796412564221e+00
9.414756521090544839e-02
2.432246006745786282e+00
-6.638960959923585481e-01
-4.787276847810668201e+00
-1.376015823415735584e+00
1.251557009035712209e+00
2.628555228118348852e-01
-3.004825061255004037e+00
1.216709227863496112e+00
7.355636847271480594e-01
-8.936956688012660521e-01
-2.616057239983103910e-01
2.371709347717425587e+00
-7.431799700490013816e-01
-1.440088485134229379e-01
-2.062564478077327124e+00
1.514122011774308163e+00
-1.921246168553650602e+00
4.141050606595239714e+00
1.616398873068941866e-01
-2.919338742155743738e-01
-1.871577139738508810e+00
-2.517824746115615575e+00
-8.347330627532061342e-01
2.777772938921169832e+00
-6.559929025457361673e-01
4.278679798522359023e-01
2.655344402240557677e+00
-2.579871583377951083e+00
5.326941173901461601e-01
-3.868528420888708741e+00
-1.168226575413330082e+00
2.168054298359009646e+00
-8.480174596574969748e-01
-1.150362590002952601e+00
-8.140713888463750880e-01
1.614061241039264960e+00
8.264702528220146949e-03
2.977185512725494920e+00
4.243536947442052565e-01
-1.558331444749207151e+00
-6.638246359041596323e-01
5.351379524410448951e-01
-1.091653495835640753e+00
3.327738263175081812e-01
5.017298262684730670e-01
-1.234373336168353541e+00
6.282081591771702112e-01
-3.587872227578894346e-01
-1.357197821179246588e+00
1.029435192051965764e+00
5.843441453175711731e-01
-3.360979048518191181e-01
5.600566554712393952e-02
1.801282046873792897e+00
-2.143109520786598554e-01
7.589821518905304210e-01
-3.935150701705451004e-01
1.159988671786168712e+00
-1.658271460374101558e+00
-1.500308759372313561e-01
-8.015963409117963234e-01
-1.325530875803051734e+00
1.535723407457407763e-01
2.147673869384461476e+00
1.468872739113336046e+00
-9.958234544969337687e-01
2.790163292869392464e+00
-1.923418853211737556e+00
2.830213147938763996e+00
-8.359048480965860506e-01
-2.486540641523794726e+00
4.890254630495665111e-01
-2.102848615280277222e+00
1.377873212767391164e+00
1.808089699113677451e+00
7.103909694763086424e-01
2.508707117059854053e+00
5.645600453313368572e-01
4.822498981331062584e-01
-8.910914887165688469e-01
5.285948773841966375e-01
9.463007723022722750e-01
6.769104317603799048e-01
7.222011493297092466e-01
-3.524228301985293133e+00
-4.034357222734550885e-01
-1.176256283033944694e+00
