5.579597412785217703e-01
-9.961585095126102019e-02
6.911967613979030922e-01
-4.359560981474455144e-01
7.886265781876922176e-01
-8.894662360491951691e-01
-4.079075590572802668e-01
8.113547853276907862e-01
6.479035343886581089e-01
-5.755556519063209642e-02
-7.229632260109779551e-01
5.546536675030424579e-01
7.951195777789488162e-02
9.578817533684218510e-01
7.393102565596811893e-01
-2.582836916473199018e-01
-8.022818051292033292e-01
-9.069682118463748832e-01
2.048441824810962597e-01
8.278441958880633500e-02
-7.025657642517815216e-01
9.979078379818395739e-01
9.827382393549077833e-02
-5.805678247837480210e-01
-9.433886292641224802e-01
5.679794856689337479e-01
-2.745455827707643515e-01
-6.392661256905953771e-01
6.050798670306731797e-01
7.336358774030284913e-01
-1.804878422671412075e-01
5.648660815674166891e-01
-2.324376841775215308e-01
-8.834075621423165270e-01
-6.127003075685450995e-01
2.381645013857023319e-01
-4.879107830179485461e-02
-3.554233715918613257e-01
5.121449099200701127e-01
-8.659880377934308093e-01
-9.525108434408124936e-03
-5.593811744628378602e-01
7.430646406211540711e-01
3.617129691687630544e-01
4.841977673961199713e-01
6.716706988686127477e-01
6.100445864644521432e-01
2.876987314994130518e-01
-5.988633211326273020e-01
-6.892749282643912956e-01
1.144194935958038339e-01
6.439373421805960618e-02
-6.794311473424352599e-03
-2.185337739013741842e-01
-6.926780105389540587e-02
-8.705301921827179878e-01
1.787144714621042851e-01
-5.844266570922029835e-01
1.246759857451684717e-01
7.073874427985009650e-01
-9.771772671784251241e-01
8.438813737373800361e-01
8.141774395717209512e-01
-9.967627508771519373e-01
-3.441603994664605981e-01
7.762444728064565869e-01
9.849207557938228774e-01
1.989729663216519562e-01
8.961552489984241365e-01
9.291374290782572487e-02
-6.534879798730086620e-02
-8.585872974124972856e-01
5.077225642312006570e-01
-8.603281193475362798e-01
-2.704920236218670837e-01
-7.787674636284205310e-01
3.214609634039056196e-01
-1.307906937230995936e-02
5.139629748041163460e-02
4.366294053160078015e-01
9.838909174472414421e-01
-5.575977618557808047e-01
-6.691913971603220546e-01
2.399051791282982293e-01
-6.859122144676337296e-01
-6.295027120009388799e-01
-3.708045884810882153e-01
-2.821138328811689799e-01
-8.617160443996962904e-02
8.819394539380231990e-01
6.672065954538346499e-01
6.487777623140078553e-01
-1.221171530799611826e-01
-4.060332185951414097e-01
-3.992573439977562533e-01
4.836829712168437823e-01
-9.822274217136515162e-01
2.192406231244909964e-01
-2.779406370880914690e-01
-1.841069815609976956e-01
8.747318587664916212e-01
5.588453469506575733e-01
-2.663115827486572940e-02
1.428618204187892538e-01
6.053771998064205739e-01
1.132812149809290236e-01
-2.951854823893422797e-01
-2.003803120653224745e-02
4.790588321847124575e-01
-2.655913207300435452e-01
5.952436894844150839e-01
2.219106464758446862e-02
9.458016660945407494e-01
2.598247707463416933e-01
9.479754654494583210e-01
-6.808904595029801055e-01
9.690109758764466896e-01
9.756806034328591171e-01
5.114530678421893573e-01
7.352998526154519432e-02
-9.261894491414341957e-01
-6.813847770801098047e-01
-4.847637777062168141e-01
-3.389422425811674522e-01
-5.574111001534485244e-01
6.242624174148685423e-01
-5.186520145525341796e-02
6.570391867799600938e-01
6.914388761334950839e-01
-2.092452031229841136e-01
7.271381130689453798e-01
-2.311296815544832128e-01
-3.877073672111228664e-01
1.954582876972901229e-01
4.713034822973971583e-01
8.187284897103694892e-01
-2.187161561130022136e-01
4.179773239917061733e-01
4.767067086609655391e-01
-4.568410430893887764e-02
7.214403364247077288e-01
9.449698674587811986e-01
-3.295891322192816553e-01
5.585537716376325346e-01
-9.632842083451069737e-01
-6.799682935515409810e-01
-9.044528516150247555e-01
2.981414608495269736e-01
7.350221619177361720e-01
-8.638356452407218722e-01
-8.102565328867576966e-01
-9.564028046407779815e-01
-7.379122318161512872e-02
5.145914802552702394e-01
7.846372750342300861e-02
-2.685125326730664064e-01
1.780296531666236692e-01
7.412027581356521733e-01
-3.095584942029594444e-01
1.496894662311425428e-01
4.193389690246600576e-01
-6.751541247870600504e-01
-3.824365882598734778e-02
2.311889743450330492e-01
-3.785366831030196888e-01
-2.667983758201644129e-01
-5.033031617568657357e-01
-5.587719698338744490e-01
-8.311317532322000101e-01
7.437693595589154327e-01
1.747781626397570953e-02
8.066428765846707094e-01
-1.733041732992561812e-01
-4.578633062408108412e-01
7.695924077245590578e-01
7.618835211529793039e-01
7.866674140193508080e-02
6.129821418648666587e-01
1.081575774386034361e-02
8.856785315523163504e-02
-1.491300852199692883e-01
-9.855899360203701498e-01
-6.369799159650344489e-01
9.333187784955905286e-01
-9.107019248013381585e-03
-9.607657156378883734e-01
-8.347655298635707766e-01
-1.910066061279680483e-01
4.365678573777445060e-01
-7.027830885508601355e-02
3.457365323245982225e-01
1.032727306105942766e-01
3.440825877076054695e-01
3.115263708914732810e-01
2.676755269824393491e-01
6.511619395917851438e-01
-8.249726685767047041e-01
4.447208512814841974e-01
-7.342616767893310747e-01
1.009818550493177813e-01
2.273436583133858768e-02
-6.797020128103570258e-02
9.029851504145909313e-01
9.365582453182526024e-01
-6.594199050349631719e-01
9.503046749588874853e-01
-8.169336317295510241e-01
-5.207800787137470966e-01
9.673658783468461753e-01
1.918580707172810040e-01
2.360884180238986829e-01
-4.497919465817263873e-01
-6.155457514735134250e-01
9.227396361723376739e-01
-2.400526195530174878e-01
-3.673231480935390536e-01
9.199485021636004678e-01
6.701513209707723462e-01
-1.351515390582977982e-01
1.017232126191378594e-01
-8.423444658488365988e-02
1.621721283893782228e-01
-7.290142855909442776e-01
5.751854985516406948e-01
7.479252817650159368e-01
4.537439199694868197e-01
6.297888687271391284e-01
2.960140672236544201e-01
-5.768351378659635209e-01
-7.390864998822344045e-01
-8.611304370109731376e-01
-6.580307703082268755e-01
3.841190148630482248e-01
1.780254875766211775e-01
-8.934494295744179748e-01
-1.098867717567095781e-01
-4.055873591486267582e-01
4.439677355887463595e-01
-9.365825527024589370e-01
-8.778756560013634136e-02
5.101198517892924222e-02
-3.507212286623251352e-01
-8.206036681421391421e-03
7.640048688139919886e-01
7.233331784177086110e-01
-5.116208004539821719e-01
-7.666205839442821190e-01
6.330051532054030705e-01
7.367434557195795541e-02
-6.924719736105584555e-01
-8.490084832156969963e-01
-6.115586956900915805e-01
-7.323867731438178375e-01
5.302265249712787565e-01
2.220902939548796695e-01
-6.106737967268862644e-01
-9.032421739199973931e-01
7.731627819037452110e-01
1.231272734394051049e-01
-7.410986219721102941e-01
5.410200278445438382e-01
8.819659051183093013e-02
-5.810614262165199051e-01
4.698464089348772799e-01
-4.303158902287069765e-01
