8.825870487391637154e-01
-4.589599050753096598e+00
1.477214394069444658e+00
1.166637600215259418e+00
-8.945932048616940246e-01
-8.347289050680672950e-01
3.980999922826158333e-01
1.288164511580517813e+00
-3.094973341973216718e-01
-8.999481229874561894e-01
-5.170699434937431338e-02
7.672670880980210217e-01
-2.191478636214389819e-01
4.970287741232456979e-01
3.006380822987593238e-01
1.242325860252853298e+00
-5.660268007081848962e-01
-2.153023434030836847e-01
-1.736762788301126959e+00
1.125512442257565748e+00
-4.750131661216140389e-01
-1.821153645293142942e+00
-1.399943647469433339e+00
-6.210629211633549307e-01
8.615585536863603622e-01
-1.861139207756134617e+00
-1.333169770852930869e+00
-4.784402873997635752e-01
1.477043234722372755e-01
5.171585766340194290e-01
-9.212061136366436198e-01
-8.920698832350733021e-01
5.533266397590804742e-01
-3.741107617212133363e+00
1.996439471529447562e+00
9.918116182704561634e-01
-5.774682891429341325e-01
8.527394962616319241e-02
-9.550760653816021684e-01
8.286601368939330303e-01
7.709415831199539770e-01
-6.621883978670817239e-01
-7.738483235184975273e-01
5.912892513891032653e-01
8.988013761099894472e-02
-4.878114179967150577e+00
2.277480431730776633e+00
-2.650676603006437149e-01
-8.744343287255761377e-01
-3.993879191660260286e+00
-9.638323715553112070e-01
-2.682351840426643097e+00
-8.769604846602178094e-01
4.847999145429633394e-01
-1.322243205833248503e+00
9.110377574223298414e-01
3.600803143036050535e+00
-1.843685642984837614e+00
9.545909600430375619e-01
-3.131954733694266579e-01
-7.481146747325757573e-01
-9.828082417008752181e-01
-3.135314234500213626e+00
-4.723857771771107217e-01
-1.087449029419126578e+00
-5.128039035879711216e-01
-2.740408307766287743e-01
-1.124985074365769666e-01
-2.208648204516388547e-01
-7.655750949844398745e-01
7.045599018651422796e-01
-5.713883359400815376e-01
-1.915337466620796292e+00
6.897279138494754047e-01
-4.162780665748482267e-01
-2.704603153887009892e+00
3.383790051278067423e+00
-2.592195398810537288e+00
1.603251093343285971e+00
-1.048317882536896395e+00
5.300695128635930509e-01
-1.117885831462829493e+00
-2.320693146019880082e+00
-1.752279713076824175e-01
1.511921418029847919e+00
2.027405165427335620e-01
-9.460994337677602894e-01
1.552264793472896143e+00
2.909897287570749391e+00
-1.974645348674645362e+00
1.280506986735409525e+00
3.625478403063235877e-01
-2.680530911839056785e+00
-1.828279306288136175e+00
4.694576909662584452e-01
4.614099216267739667e-01
1.748403615052538385e-01
-5.916723667849165258e-01
2.642968836781587894e-01
-4.705849563367590638e-01
-5.550651462283829884e-01
1.398138404091944009e+00
-1.302700380520202206e+00
1.950348529520294916e-01
-6.363940946072992322e-01
-9.515320300588591129e-01
6.753696808722119416e-01
-9.571005595173963654e-01
-1.721157342358831110e+00
-7.888352134694834872e-01
1.190664359536664385e+00
-1.010629683271598633e+00
6.781815016072898494e-01
-1.554340170056217385e+00
2.002142662622934388e+00
2.465000315184026292e+00
-1.247698815058928545e-03
-4.841646883477442320e-01
9.935636067429305385e-01
9.714511918884699559e-01
4.158022360034747678e-01
-3.963262744290272921e-01
-1.023481055631765502e+00
7.131576179265799453e-01
4.608079950052174079e-02
4.828030592060045256e-02
9.224208458143270395e-01
-1.324722880673606107e-01
1.497212532822197018e+00
-2.363162034132395561e-01
-2.202797274168163622e+00
1.941841202288632495e-01
7.161089151446073942e-01
-1.227613416977430871e+00
1.660797439799468700e+00
-4.065973844871378917e-01
1.754329981462879440e+00
3.289704292491238302e+00
-1.559326080730434105e+00
-4.485515876305183447e+00
3.189269039051403354e+00
-1.700748689123148027e+00
-8.450754086004186316e-01
1.037718558269936864e+00
-8.638812014015312402e-01
-8.637848642183673098e-01
-7.249815052372747815e-01
-1.011752989697814131e+00
-9.696171430808994129e-01
7.550810514486743230e-01
9.234839615057901518e-01
-1.640380560138212929e-01
-1.690537733064001014e+00
-3.446396613709223899e-01
1.380782696287094158e+00
1.845394170562312919e+00
2.952978380445296480e+00
8.431833956962786480e-01
5.153575682510375344e+00
-9.107079207845959479e-01
-9.777866903853382752e-01
-1.318181881378013065e+00
2.867954108461394203e+00
-3.612439024564665369e-01
6.562293151338520758e-01
4.838652713317594944e+00
1.014474944803927248e-01
-1.074468334606787145e+00
5.564678074761352233e-01
-8.941067765036652126e-01
-2.304812733264954172e+00
-1.063586528620108940e+00
-1.521991340966112105e+00
-4.790426268339686988e-01
-2.772666528266023889e+00
8.670951564862710015e-01
1.441785747685949026e+00
-4.431844341887086536e+00
-4.346334051418037081e-01
-5.387292923375898157e-01
2.340934492217824570e+00
1.514871448990521952e+00
5.138278330901923097e-01
2.304184232895071904e+00
-1.025385497254250877e+00
2.256680525886490152e+00
5.891280794597282267e-01
7.117119347336149371e-01
-3.256755065559759355e-01
-1.346275131007407699e+00
1.772973917503961161e+00
1.532694288640108260e+00
1.329307358505838810e+00
-4.283130122510389048e-01
-2.099049704296217733e+00
6.162974796727580529e-01
8.575913990522543440e-01
-1.054198846173276527e-01
-1.336199831195865828e+00
2.768363770566291127e-01
3.916534307167702789e-01
2.580367243905952179e-01
5.551668762856738493e-01
-6.557455947801980045e-01
-7.891627239522999160e-01
-1.133853060662816770e+00
-5.364659410183971744e-01
-1.314443815319066289e+00
-1.672043536826448795e+00
7.786156629710343502e-01
-1.829168337472006023e+00
-1.761745755913224576e+00
1.727904901016797279e+00
2.064122163582726710e+00
3.174528404190481101e+00
1.523384349868749377e+00
-1.081128132362187078e+00
2.997244524046785763e+00
1.666424740502379653e-01
-6.984626919314208537e-01
1.836612801267313300e+00
7.864675801741777272e-01
6.307618580477506454e-01
3.375379926802770214e+00
1.642920076860669765e+00
1.580840767424159354e+00
7.982513364505098297e-01
-1.362398502998515282e+00
6.029763635969597191e-01
-1.512645279310988133e+00
1.655765697818365023e+00
-2.521261868863058808e+00
-4.885994263285555750e-01
-2.281339213527370458e+00
3.016962346563469843e-01
-4.449795891793298708e+00
-2.470156936167995809e+00
7.585073132381807692e-01
-1.109827212810348795e+00
-3.243839231972588166e+00
-1.310693269848781206e+00
1.427809299843946889e+00
7.695234846442762233e-01
-3.218240432392676098e-01
-5.702672661055048220e-01
-1.816688993550553910e+00
1.569469145453321834e+00
-6.126236077655866641e-01
9.224863291970186729e-01
5.729609467285408098e-01
-8.889841559856931363e-01
-2.627162312435796121e+00
8.360387025237010494e-01
-3.279778134698370096e-01
-1.025074333395902260e+00
-7.578850792840126083e-01
-2.437560150521802527e-01
-2.271848603334123418e+00
-6.217268372414662680e-01
-4.629056488188443841e-01
9.797670307677330825e-01
1.335186151104308827e+00
1.099739313321341339e+00
-5.543065154103352654e-01
2.571790781370599799e-01
