-7.429196843557326346e-01
1.666757267883183236e-01
6.355859695171353074e-01
-7.871809395481508265e-01
-9.940887127182718164e-01
-2.508016556474959025e-01
-1.757410959427305741e-01
1.802442975437170691e-01
-5.372495471530300826e-01
-5.292987537584594726e-01
9.251011557046664446e-01
9.975523982679994628e-01
8.442685624345891426e-01
-6.816743770536006775e-01
6.951564084730714743e-01
-7.193176775862200056e-01
9.604965428225062940e-01
6.365383041524876884e-01
8.787932745805586698e-01
8.759447782628573265e-01
-5.924340573062552018e-01
5.306094734010955438e-01
-1.137801630384707163e-01
4.260459825950144719e-01
5.468413386449499924e-02
-2.383917799376191748e-01
-4.873346601961834335e-01
-2.217759364739775307e-01
-7.697659956480225052e-01
3.186118396023644994e-01
-1.929515081580261970e-01
9.191312567086651342e-01
-7.971022496764712528e-01
7.911714445070090473e-01
-2.262194837964868199e-01
2.101351580908783490e-02
4.521621550423040592e-01
-7.404095390489771056e-01
-1.061335415766038182e-01
5.230946018948341436e-01
-2.610675190939064638e-01
-3.942400040021647456e-01
-5.514869038136034352e-01
1.816557577923945122e-01
-8.723789690400298724e-01
-2.602588722261327536e-01
-8.814269850017877328e-01
7.328968108301010531e-01
-2.005471462623693579e-01
3.223824187880899306e-01
-5.372465089372147062e-01
8.195980355293517317e-01
1.841122153182577215e-01
-8.228712573155312349e-01
4.256410781615038719e-01
-8.733240348938255959e-01
9.003883934466228034e-02
9.430404435246435568e-01
7.246831783824791984e-02
2.981877800048340355e-01
6.963094774645159912e-01
3.377875049598240143e-01
1.732380043060981478e-01
-4.174564174532457983e-01
-4.331508675341406711e-01
-7.787078523332782165e-01
-8.301578209727769053e-01
7.019974745140993289e-01
-5.855885538060709994e-01
-3.184532356730029878e-01
3.822602165060615675e-01
-2.160203971319392124e-01
1.868022420558037577e-01
-4.184983980916650026e-01
-8.662932965352272419e-01
2.175024651299486411e-01
5.222116631356046312e-01
6.331909594227509430e-01
-7.553544334814310535e-01
-2.558586442905674829e-01
-3.631488243364702218e-01
6.787993991758276557e-01
6.603639438403465789e-01
3.267818999541118874e-01
2.061841254795979683e-01
-3.506249805215575499e-01
7.153977961019077902e-01
-4.940703137477169271e-01
-6.827125162508611567e-01
9.628464576278985554e-01
-5.199535772661785238e-01
-7.194473015271112271e-01
-7.318443215189485151e-01
-6.564915764723930902e-01
5.291678001237745121e-01
5.338147435522573314e-01
1.995621173947197402e-01
2.327736411681184947e-01
3.453230060617091812e-01
6.696783284070844111e-01
-4.043700158633025676e-01
-6.685361795592190681e-01
-3.464300271791722619e-01
-7.913575474726206593e-01
5.868082621095738194e-01
-6.072410037193027854e-01
6.397627660279476824e-01
-1.740744782764647169e-03
4.982380043032670347e-01
-4.019486550809385772e-01
8.891830390709805076e-01
5.515767493869767613e-01
-2.340664112698107591e-01
6.942224328062125416e-01
4.814715769464845696e-01
-6.964021329658471871e-01
-1.177945162748166297e-01
1.796391846851310703e-01
-4.070865826169698387e-01
-3.778546509245375162e-01
-5.125921645718110042e-01
6.319097573493706044e-01
-6.933109019960264074e-01
6.410825663020673915e-01
9.045910393280545136e-01
-7.211413675954012614e-01
1.825887682356706065e-01
-9.433784917370235945e-02
3.501083816263388382e-01
-8.753396088444003187e-01
1.702174319675160419e-01
3.074525794446798521e-01
-1.916007214217196886e-01
1.615648081244691614e-01
9.652687018764345428e-01
4.854121161164788312e-01
9.145579067833851106e-01
5.703137454047795263e-01
7.657230690571559251e-03
-7.417097249232471601e-01
-6.549411610508906190e-01
-9.627276742147317101e-02
9.804817339154729972e-01
1.251416709196595534e-03
-5.267001665936992261e-01
3.097646311441624167e-01
1.405651354477515103e-01
9.026978772987956923e-01
-8.741034870822708136e-01
6.812974664622111209e-01
-6.368264696252030621e-01
-5.157521175626289534e-02
-4.789412388489293626e-01
6.259354431336605629e-01
2.774380252658428248e-01
-9.194608674551052463e-01
4.654879508527471899e-01
-7.854645789236236464e-01
-9.079125578356810333e-01
-4.833283564788015685e-01
2.160569579890410097e-01
6.934325938346246332e-01
-8.015151601189405284e-01
-5.155353156739992393e-01
4.317037344702432389e-01
-7.369763718825432797e-01
9.305121781889424959e-01
-7.694408268390955374e-01
4.350372142018639199e-01
2.754714852163149263e-01
2.013174231688916738e-01
7.435849555358078344e-01
9.049429711776175722e-01
-9.231513897029532956e-01
7.699193263864083647e-01
-6.852408644956040629e-01
-6.351741843946179245e-02
-6.393778849228852756e-01
-6.606204745668726730e-01
3.310482499119302702e-01
2.439887961912172720e-01
-3.636452685380449079e-01
-8.953519462408499052e-01
7.457965806289323929e-01
5.399673514288685361e-01
-5.000435290711395808e-01
8.484416039275031185e-01
7.195013652300397133e-01
-1.239288541625440665e-01
-5.586846990433340654e-01
1.545791349264824532e-02
-4.626163108793797107e-01
-2.416410092552279121e-01
4.572375001249822102e-01
1.118589590555325586e-01
1.617715060377529213e-01
2.874312557807361390e-01
1.182828677548088958e-01
-9.131253680510529325e-01
6.271406210356633704e-01
4.513375332946820695e-01
-8.726934755847137737e-02
4.309103520191621683e-01
-7.324947706436049089e-01
-1.819846208490942807e-01
-1.529429077654449465e-01
-5.371521970895012377e-01
5.108947961610066368e-01
-1.262101944063831471e-01
6.438387358252042336e-01
6.644531253543610738e-01
3.277391276756016492e-01
8.588226335219397711e-01
-1.633491998496074959e-01
-4.505659476312671163e-01
-2.836509139665970292e-01
-5.862435335957036919e-01
5.349545770265715650e-01
-2.747466427329265937e-01
1.873381587811693283e-01
-8.569889309117988407e-01
-4.831363144736513515e-01
-4.710711388409238864e-01
4.686800382557085864e-01
-7.586174311133491166e-01
4.569537122238094273e-01
-1.341526340869885203e-01
5.871864403796163145e-01
-1.318834294642383664e-01
-8.033735330437397071e-01
2.974843480516893290e-01
9.772986401114025501e-01
-1.150559836356626064e-01
9.762922343142734771e-01
2.504103642234201121e-01
-6.532390340057361300e-01
6.871068505703217255e-01
7.185633540531184416e-01
8.984344955755827478e-01
9.693094121080350067e-01
8.552932165953708310e-01
-3.854236272433251287e-01
5.104108946743703967e-01
8.018112238395804781e-01
-9.445847850790760614e-01
4.223349200451897989e-01
8.950892750063279557e-01
-2.236994075102793911e-01
7.798999450008679002e-01
5.336883041591460319e-01
-2.481735672075864318e-01
-1.927676790506838156e-01
9.816880383382489139e-01
1.447612646728901886e-01
1.301711051801766050e-01
4.142028535754758156e-01
4.444149337170897329e-01
-2.185758558790038553e-01
-9.082191287798369039e-02
-9.370698661728520396e-01
9.037856345129657853e-02
2.963220519189611046e-01
2.882120828670164947e-01
-2.453313446070843895e-01
7.635284310543333230e-01
