6.025573934571917256e-01
-1.859182886849143346e+00
1.656253145052408282e+00
-1.815904245325766109e+00
1.260393266266517376e+00
5.336522598691467723e-01
1.079965819936319793e+00
-8.682870211215565348e-01
1.173052743843658208e+00
-6.831561467208691063e-02
8.017130885180179245e-02
-8.436898325622077532e-01
9.276197682561131419e-01
-9.372374331808487335e-01
7.378362885382508951e-01
-4.263427678386592090e-01
2.656146723223073991e+00
2.218567060450693518e-01
-3.744205498630434725e+00
3.983623766786402731e-01
5.159079313466370387e-01
1.659913243071739819e+00
-1.850039309230478102e+00
-1.168380610537172459e-01
2.449047981329652290e-01
-2.180931001625142640e-01
-8.660598623638899873e-01
2.943417805316747016e-01
7.652517052256002650e-02
1.310504485211743120e+00
-1.494578783017407320e+00
3.803485252897291224e-01
-7.304071627760716501e-01
-2.362912860842139029e+00
4.135989423606916127e-01
-1.965165323594793456e+00
7.563635191901021404e-01
-7.262016395773065458e-01
1.360740953934396202e+00
1.520704358454638694e-02
-2.037273821234815152e+00
-8.385402039670826202e-01
3.966459792911458671e-02
8.398338578000048571e-01
9.347394058928605309e-01
7.358592820524634259e-02
3.024262557417001229e-01
-9.790031983127307491e-01
-2.565040942026531878e-01
-1.930605289516340584e-02
5.956480418414922262e-02
-1.606485869980703196e+00
-2.655200964697003840e+00
-5.401173611565166510e-01
4.972692618953937771e-01
-6.747683101751948964e-01
-8.382848180870013932e-01
-1.092270592220609959e-01
-1.036125575693604528e+00
-1.742814621655606189e-01
2.389745239585198688e-01
3.716708427591700614e-01
1.462005090577493061e+00
1.169868848311855336e+00
-3.170711038350039201e-01
8.076793781273350348e-01
-5.170357853568690043e-01
-1.020883159577590238e-01
-2.518611906988300397e+00
-1.716052211918593029e+00
1.417392142133560018e-01
-9.873131126665821711e-01
-3.519051922006566913e-01
8.245839779895600685e-01
6.841011855223776417e-01
7.612031079074599305e-02
1.305616003633460753e-01
-3.357738454118591731e-01
-5.790876941334437422e-01
7.383470116059593913e-01
-1.645898687716205622e+00
6.846249831502401184e-01
5.700790616006921052e-01
5.249009593005784069e+00
-8.799912201844116710e-01
1.811563245265619404e-01
1.087592213447426293e+00
-8.248547192480063517e-01
2.411190276939846333e-01
1.121030321435158905e+00
-3.201145649626049861e-01
-4.330291062723942153e-01
-1.815247571312129438e+00
-1.315476907268788853e+00
-1.988918900282602653e+00
1.165995556177073844e+00
-2.113970199342757317e-01
7.426368000559654403e-01
1.590005474547835584e+00
-3.272111503301907920e+00
-7.175452290319817017e-02
-3.132386984256354534e-01
2.874276468772340554e+00
1.559294905170933720e-01
-1.289963407970373677e-01
-8.102649227450176017e-01
7.018047005770537972e-01
1.578487909254455701e-01
-1.451567457808789485e-01
1.021909600983520683e+00
7.862051373490598349e-01
2.410294500378140636e+00
-8.809012756116372245e-01
1.497626115835017258e+00
4.671632248686705680e-01
-8.225504352508439254e-02
4.422388157786998342e-01
5.999578138691323836e-01
-6.691574407730526142e-01
-6.453077856724629413e-01
3.090228575295437263e-01
5.830505465228936757e-01
-9.864846478150890441e-02
-1.034576185232042089e+00
-2.067524314529157747e-01
1.071619210483604645e+00
-2.682998018167590537e+00
1.515217109694755759e+00
3.290098775945368814e+00
-8.222649268493352759e-01
1.073010297873051133e+00
1.317072435536561503e-01
-3.841934761871598214e-01
8.171802499948706000e-01
-4.197284443947069121e-03
1.332755267231144902e-01
-6.702951168587626407e-01
-5.355395689475026533e-01
1.513910069968114724e+00
9.751995730303830712e-01
-8.667248618376022229e-01
-2.047645858714471245e+00
-2.969016344221266923e-01
-1.115482667493985502e+00
1.563578144062438779e+00
3.060184928994146292e-01
3.705018742775102458e-01
-2.850564187348436640e-01
8.684153134501444438e-01
-5.728517717340693149e-01
1.003449513998101450e-01
-4.487320679674011714e-02
1.645077554783982876e+00
3.477303040273429957e+00
1.001500793816874735e+00
1.322949314662399622e+00
-5.077385007479617851e-02
7.868174112244774587e-01
1.817561590227795065e+00
-1.688757166852427716e+00
6.935998718117417638e-01
1.409978545445440323e+00
2.318807354147430999e+00
1.264219997112395966e+00
-1.871353674181371440e+00
4.007535337651799701e-01
-9.434346190239657481e-01
-3.851355459747241028e-01
-1.469880645378158768e+00
-9.358637093857191669e-02
4.839619982754831407e-01
-3.140818401153470107e-01
1.050937284243022685e+00
2.893718073265629798e-01
-1.489646795824801639e+00
-2.079760935828687707e+00
-6.551485762266986423e-01
3.815784200938082682e-01
-6.205048031018626231e-01
-1.179272425695151671e+00
-1.657693088039989826e-01
-1.199181138797222435e+00
2.020699743069541698e-01
-4.096041474607745592e-01
-1.547431965847591240e+00
-1.762706292808351449e-01
1.446076691857501650e+00
-8.874164222771763200e-02
3.120892086805342025e+00
-1.007777215526767689e+00
-1.622536447100053847e+00
2.379847366150728560e-01
-1.490239671740200000e+00
-1.043499381008706539e+00
-8.377469263532112409e-01
1.556585192304689169e-01
-1.085133487134602115e+00
-1.527207823406890874e-01
-2.908336030830445118e-01
-2.699274989205924236e-02
-7.534926567844169032e-01
1.908416197960980165e+00
-9.669557520485101421e-01
-6.407377540990817355e-01
-4.150057066692267593e-01
7.515720452781056160e-01
-2.671749810985912355e+00
-1.658820340581954156e+00
6.066372411683154109e-01
-2.335010421350622034e-01
-2.039071719422241857e-02
3.788468340402071366e-01
-2.641405940436758470e-02
9.949594979171559883e-01
7.926487880564920818e-01
-5.506249594040706352e-01
1.176210119278377597e+00
-4.153525107454555387e-01
3.522784731201448194e-01
1.564419289069360453e+00
-1.646592129012455441e+00
1.519485577477038163e+00
-1.320915307003857730e+00
-2.998441369076615959e-01
5.456595352474231664e-01
7.942186763148708639e-01
-2.027106647382015403e+00
-3.685887558047866719e-01
-3.262594991716638027e-01
-8.641258399513804811e-01
-3.215517377792028064e+00
-1.296506431786193403e+00
1.581425895991250830e-01
-9.185264534687674898e-01
1.152626624778454456e+00
1.319022128421084350e+00
1.483716147930737306e-02
5.363339354341813969e-01
4.137789860611226778e-01
1.933416274943757784e+00
-5.507266763653562158e-01
1.331847502105498293e+00
2.145038126320974126e+00
4.932826230545361845e-01
1.214480054465957304e-01
9.230345532139323517e-01
1.753490120599354496e+00
8.880593697701524292e-01
2.426252217860249694e+00
3.274876758260195864e+00
1.375329270407326332e+00
2.439645137746830894e-01
2.007804587635155791e-01
1.732649741024769208e+00
-2.118680906382409412e-01
6.878976206938440807e-01
1.593867600563540377e+00
6.840952924409336722e-02
-8.689085140404861907e-02
-4.278727896637144479e-01
-7.007220296361205136e-01
2.058316894751758053e+00
3.712916005152200327e-01
3.162269504394550346e-01
2.417410444294090521e-01
