8.551732835263425869e-01
8.864915263928780931e-01
3.996375625615606886e-01
4.671608416233705707e-01
6.041761097763949095e-01
-6.599328106343096412e-01
-9.041708483152004483e-01
7.914562910318887479e-01
-8.577303356001335644e-01
6.953541645145049355e-01
-1.455862904990268270e-02
2.991392443533391621e-02
8.283373355861960441e-01
8.999874861916401514e-01
-5.853424963290938532e-01
-6.474703589754788879e-01
-4.863042771791912244e-01
6.572360614463423900e-03
8.637375976389869425e-01
-1.725467091988248658e-01
2.742011869669935820e-02
4.292706391896183860e-02
7.660495447527917445e-01
-5.872271924784053798e-01
2.503112306374721818e-01
7.973771489198266949e-01
-2.405836829597853832e-01
5.279496152729046266e-02
-1.560921770964405209e-01
-8.115824190013192219e-01
2.028292865665015654e-01
9.297403105180919169e-01
-4.279234856094091821e-01
-2.421353567090231973e-01
4.574395623197633487e-01
1.720292052890679546e-01
6.978446299892726579e-02
3.370184919101903986e-02
-1.208467837529925148e-02
2.813812117722986894e-01
1.196869826810222914e-01
5.236070298282038404e-01
-1.638385666808719332e-01
4.725122102464638374e-01
-1.017697443185388018e-01
-5.701202032020507016e-01
-7.131580037920643989e-01
3.360571672381484909e-01
9.593873887403301381e-01
7.417983955676623609e-01
-2.140729658107374256e-01
3.953021272716146228e-01
-6.061736414660370276e-01
3.123079990863035782e-01
-3.111083540693440064e-01
1.806451148821315300e-01
8.288278385752505528e-01
2.009822987798874916e-01
2.250571551256297376e-01
-6.602971944117796976e-01
2.029572598011408768e-01
5.201094120236400276e-01
9.504691473683113401e-02
3.006498932506960209e-01
1.566935382066381166e-01
2.217950531649865997e-01
4.903142761532612859e-01
6.844692119322830504e-01
3.131953456868992181e-01
-3.894579863766851613e-01
7.661791631795362711e-01
1.452915500616325239e-02
-8.794374402530469315e-01
-3.233372816658799387e-01
4.575136582928853723e-01
-5.641872298186503265e-01
8.094091305903559075e-01
-3.749462097004130356e-02
-6.504212659596229074e-01
2.224934147053860833e-01
-1.230520503555081469e-01
-7.608143899280830347e-01
8.723330810211027408e-01
5.559052204903760508e-01
-4.725855391040867381e-02
-9.912770548987082098e-01
8.161265123852128323e-01
9.573340140125521369e-01
6.651320119960995036e-01
-8.091521640587271413e-01
-5.212020808717443554e-01
-1.599423569726485805e-01
-4.492571186755547341e-01
5.088929734165734686e-01
6.784944747800047971e-01
-2.641433966424959756e-01
2.963280675904718109e-01
-5.034222661635692209e-01
-8.658280112153908803e-01
-8.157638944542222603e-02
4.693044832685606682e-01
2.904146125484778906e-01
2.263614574917500732e-01
-6.241665024074598556e-01
3.052231361963719802e-01
-4.849042338310294298e-03
6.981548143619131785e-01
9.038143139019365613e-01
9.673153361991491117e-01
-2.587678653141629592e-01
5.704260398038041302e-02
5.708636315890425195e-02
9.193013261674494174e-01
-4.004673221180143905e-01
9.542412106915434400e-01
-6.737332659004269253e-02
-4.780314739056914508e-01
-3.188247200733518305e-01
7.536492261729372810e-01
-9.972190395027602516e-01
6.116749491926918303e-01
6.721044968118481400e-01
6.567578589043530091e-01
7.204916845148257032e-02
-3.427818790296850437e-01
-4.867196437431644540e-01
-7.420955671940803189e-01
-4.302795524122067228e-01
-8.910051416614519493e-01
4.891615589284967758e-01
-8.905600323894256043e-01
5.902889564089268681e-01
2.835897471827684146e-01
1.627128712257226439e-01
-4.129765737594295327e-01
-5.568337195084624991e-01
-7.024186534634992984e-01
-3.538272839437144324e-01
-3.277083877571935755e-01
-9.137598801009461091e-01
-2.503564158877691348e-01
7.858013494064088889e-01
7.347951489594011232e-01
6.946798967642511258e-01
-1.743930951375882721e-01
-7.446615917789369821e-01
-7.369340054809241369e-01
9.128110197378582757e-01
7.883945582357616555e-01
9.760743606363757596e-01
-2.810120256810539896e-01
-8.160089251994628867e-03
4.210033511866611011e-01
8.424529331132246668e-02
9.332661913153392774e-01
-9.139564005493359122e-01
2.406122369835570485e-01
8.395871485565988834e-01
-5.589899378429126209e-01
8.327691172019129340e-01
-5.765114105213478002e-01
-6.320010741781207919e-01
-2.155467066986571645e-01
-3.756868551672785106e-01
6.241443778706976531e-01
2.626000388851479350e-01
4.753800928329203757e-01
6.972095608040460579e-01
-3.866661046352772857e-01
7.150419781121037932e-01
4.747489707112895196e-02
-3.239272411834801524e-01
-6.251896766202900135e-01
8.608747024510021717e-02
-7.252585666735560377e-01
-3.509743558132412122e-01
-8.640195433177257911e-01
-3.791382354436756419e-01
5.340264292106111643e-01
8.247465480861548848e-02
3.080763378166113675e-01
4.511987145156948209e-02
5.701403743498143495e-01
9.603787057377977110e-01
6.282189063761238756e-01
1.451531889535191411e-01
6.667335098239806079e-01
4.835081347408549668e-01
1.836514662659383124e-01
8.229950835872528181e-01
-2.367856709794211589e-01
-9.459634913193644135e-01
6.613043115433885344e-01
-1.174254353685890706e-01
-5.916929159871786581e-02
-5.065090112385566279e-01
-1.293615647608421515e-01
3.649686531234404008e-01
-7.078988020815932813e-01
-7.038372660017604421e-01
-1.542657194575305368e-01
7.309025520112581997e-01
-5.886324602309223053e-02
-2.646474385460024781e-01
1.916085489917518370e-01
-4.879169796559112982e-03
1.812665471261436512e-01
9.612759907252172997e-01
-3.472209786797171294e-01
5.849686490178889198e-01
6.205419908564311360e-01
6.021044217853599445e-01
-2.846909610969419191e-01
9.610334150779258344e-01
-1.774610909573919315e-01
8.362123397435996530e-01
5.877279555509942188e-01
-2.906378155849842493e-01
-9.060844015031666032e-02
-2.537471410523846060e-01
-6.580315650418862017e-01
4.370053257259032264e-02
-6.664219127927162312e-02
4.322795089089472853e-01
1.878761333631557839e-01
-7.225499178168774961e-01
-3.572296439226929632e-01
9.937497863367972251e-02
9.366273793055082120e-01
1.610018598639901821e-01
-7.641787007322682346e-01
-8.245459521695726046e-01
1.766719352564691814e-01
9.875617332539019522e-01
2.902593227053282821e-01
1.407778891764177587e-02
1.828702044907444257e-01
8.581890655552941727e-01
-3.901304942360017680e-01
9.162489825109025876e-01
-3.651620534710402488e-01
3.403687012097269537e-01
2.726964468035693034e-01
-9.650451275320515165e-01
-6.731069013207686691e-01
5.734826815535176703e-01
2.717295236543464387e-01
3.538380491226638114e-01
5.336803485312089368e-01
-6.891221068356305768e-01
5.638113465896323895e-01
5.092954942132759122e-01
-6.440388472849172263e-01
-6.457659729655347292e-01
1.169843981984588499e-01
-3.477365043523088506e-01
-1.868428562570934037e-01
1.640709736562748766e-01
-2.803967249236174464e-01
4.458081432195237781e-02
-6.428062827439910976e-01
-4.558256628659635989e-01
8.068582109012780723e-01
6.696330373222176835e-01
-1.807348612163555135e-01
