-3.629338976781029569e+00
-2.926434014389020177e+00
-3.117231115120150609e+00
1.983844407634351548e+00
-4.162055444683703254e-01
7.762246384195890414e+00
-1.588078420550431247e+00
-1.190288870881714089e+00
3.336270272948815396e+00
4.575032762450752521e+00
-1.629970116982498274e+00
-2.460371299065219119e+00
-8.251853601099977675e-01
6.802274133742660656e-01
1.228010230076883591e+00
-2.226328501299268403e+00
1.260867150036695472e+00
1.824954419303972397e-01
1.835004354428716677e+00
1.286074750514944354e+00
-4.267990836917878728e-01
-3.722289433064346564e+00
1.856615379295581292e+00
2.672772187094215379e+00
-1.878689075706443390e-01
-2.933280485719136355e-01
3.930009988784977537e+00
2.396052987804515144e+00
1.253722271076977091e+00
2.470633590962463266e-01
1.350263219531837811e+00
2.712021468206629038e-01
3.466262563316281908e-01
-1.313635533308207926e+00
1.946186218893444675e+00
2.900422298560784373e+00
-2.976361818765654310e-01
-2.440575660200931640e+00
-1.163534657338952449e+00
-6.318702470953951877e-01
-1.111984373916515167e+00
1.140853568883084979e+00
1.062451579064212615e+00
1.037316338981919106e+00
1.145184834123705864e-01
-2.191160997070455529e+00
9.176558655174031909e-01
2.362043080295105568e+00
2.877281271649618777e+00
-1.373802457637997576e-01
-9.475439788959674203e-01
5.169261438498063965e-01
1.322954806386848370e+00
-7.152235175600602624e+00
-8.980449681268085627e-01
1.524738504094553804e-01
-4.458707753752511049e-01
1.090387421202067220e+00
-7.293762201794257161e-02
-1.696499124990467067e+00
-2.322954566871821003e-01
3.544604842675521450e+00
1.179176928005166936e+00
-4.007545146697855110e-01
1.644227990490213065e+00
-1.635054974065750510e+00
3.356940040252814228e+00
3.264319829134925577e+00
2.011389172609041598e+00
-1.592333453896678463e+00
2.506805801194481376e+00
-4.752696555930786548e-01
-1.627219534864033701e+00
-1.603021534535272297e+00
2.254444295768420758e+00
-2.489912685357766886e+00
-5.827071981879753393e-01
-2.509828416466839407e+00
7.689499696319912481e-01
-1.676224212111617762e-01
1.709234218327147170e+00
9.943519903053826825e-01
3.641287213125588007e-01
1.538485088325979300e+00
-2.966418430228811021e-01
-2.431369532391253863e+00
9.925105500814401793e-02
-2.365133606113486220e+00
-1.049157603182396148e+00
1.247134244770383704e-01
2.962977315055671301e+00
2.125669630298232526e-01
-1.056855281380211453e+00
8.591612248004656394e-01
-4.395498595319914159e+00
3.331120731085066122e+00
-6.143220663108306390e-01
-2.034425898082526274e+00
-2.777501592252398233e+00
2.027129885407802590e+00
5.796989179933927927e-01
-1.205754981119939284e+00
2.234541511222513321e+00
-2.561535745775378015e+00
-1.765697015971718908e+00
-1.500140744551133887e-01
4.533924376648927890e+00
-3.060812280426013388e+00
-2.278263313973047488e+00
-8.208274463111473462e-01
2.661537938213295096e+00
2.700128390496716158e+00
1.359717652511589936e+00
-2.365953972970539887e+00
-4.840728794558987857e+00
-1.885314270169229811e+00
6.646541278310075240e-01
-1.443284755891900417e-01
6.565949416302589992e-01
2.511942168942565168e+00
1.236742919431586207e+00
1.266640407890753384e+00
-1.201795505459972491e+00
-1.180055857696935107e+00
-2.446908482933509432e-01
2.370340670166317665e+00
-1.558816828312599156e-01
-5.560495050270145567e-01
-2.398641636484369233e+00
-3.656422633065900651e+00
-3.896970000535504575e-01
7.244995680150870809e-01
2.296991223335971277e+00
-2.184859839326092512e+00
-5.310696685474875167e+00
-2.405584874460665379e+00
-1.096082215592168729e-01
1.231110995073576131e+00
1.915204070043032392e+00
-3.501661062397848134e+00
-7.545766670040288115e-02
5.432228324084655835e-01
6.316263124638143989e-01
2.706001293909640282e+00
4.271632223942219753e+00
-1.010237418543620702e+00
4.466060493530146225e-01
2.948361881243807492e+00
2.011790097338023831e+00
-4.306635646845228926e+00
1.154588842903227608e+00
5.344023156261007435e-01
-1.512848952034890893e+00
1.742420979610681986e+00
8.619097047318661220e-01
7.745558547930699866e-01
3.121729957439285386e-01
1.080309173132560030e+00
-1.074039710686825133e+00
6.158935600731336724e-01
-1.064167708698680048e+00
1.128217687932697721e-01
2.318019620954983484e+00
-2.602596617151224923e-01
3.888153917486107058e+00
1.915320443638126147e+00
7.178660278335581291e-01
1.642757744338389170e+00
1.062715243335411675e+00
-1.566094478732475537e+00
5.298708366200755027e-01
-2.143502651462606767e+00
-1.501444572100658403e+00
2.234242837557354755e-01
-2.560906547877027650e-01
3.732830219756229084e-01
2.325527761245488545e+00
-5.784194171978306320e-01
2.183408031646599579e+00
-1.309406990356150047e+00
-1.557931696175929304e+00
1.735794993097082184e+00
3.117824297349690355e+00
2.084125378494788849e-01
-7.240594457545600493e-01
2.114326289050540986e+00
-1.130118507192136468e+00
-3.003656184555966169e-01
1.566996728776319348e+00
1.113093005200651131e+00
-5.374671993414903426e-01
2.332429562713676852e+00
-2.732891163154246961e+00
1.288295613875521384e-01
-2.016319756705976740e+00
-3.752587574217374211e+00
2.136661325708097525e+00
6.153927483245535957e-01
-1.340182731681679174e-01
5.013409984037421552e+00
3.141260839485653378e-01
-2.532149270876857816e-01
6.849658342998719007e-01
-2.158112222424716009e+00
-3.974326291635676967e+00
-2.493500789714378385e+00
-7.450981312279704172e-01
-4.412460456219366556e+00
1.649150030542196887e+00
1.600905290709348616e+00
3.710736399892907933e+00
2.853274599483631491e+00
2.832313734199470634e+00
1.633697086529547482e+00
5.773882187822035883e-01
-6.317061641017671647e+00
2.830507141142324379e-01
4.342630711703949209e-01
-2.883235580060748982e-01
2.584474709394968706e+00
-3.084322310200945161e+00
-4.725580803228899285e-01
-1.363634338071763041e+00
2.647276645041538146e+00
6.700104156431918589e-01
-2.323420801104076006e+00
7.450825852180137376e-02
-2.208318674944376170e-02
-2.384168965012327945e-01
4.386217429797456546e+00
1.845307710780482502e+00
2.220822529995014616e-01
3.092945979762087294e+00
2.363457560434683469e+00
1.306451408142401682e+00
3.871789980899434935e-01
-2.043858140857150563e+00
1.311122211085263389e+00
5.970757639945719619e-01
-2.098130457985123876e+00
-2.714413904826072643e-02
3.614540369923663121e+00
2.780641117026982911e+00
-2.075423526445325795e+00
2.624683007249145827e+00
2.702856998863579774e-01
1.585831023591736777e+00
-1.220612907546969605e-02
5.360486255603644778e+00
-3.626118341726298766e-01
1.486084572017901229e+00
4.194100531066746740e+00
7.828272390769821509e-01
6.238896459994586197e-02
3.504530204535138083e+00
-1.117534124137593121e+00
3.963334622359251824e+00
-3.649399384171878147e+00
1.955075336859068091e+00
-1.328689577665184585e+00
3.355490173618576044e+00
1.679992049081186156e+00
8.018456025094961026e-01
5.592791758431709948e-01
1.074477828717032013e-01
