7.329621451747603267e-02
7.940820631888374503e-01
4.502203217718385719e-01
2.788556378241999756e-01
2.346314397653121997e-01
-4.898445332082677073e-01
-3.751641797520866017e-01
-2.555500946271662688e-01
-8.082797472326208599e-02
-2.846171008460447460e-01
-2.918638465617759969e-01
-3.657145607897955841e-01
-6.019341550208967551e-01
9.197880047304596296e-01
-1.035288210347906634e-02
-5.056667291006207154e-01
-3.237314404605169393e-01
-9.559563201016452183e-02
-8.208928092368688034e-01
-5.102094181216567659e-01
-7.791829405425099164e-01
1.952986013144517585e-01
5.660205451983604252e-01
-4.097518189659854482e-01
8.996688579734812841e-01
1.218976561816178528e-01
4.115899170344476943e-01
-8.521008798828315634e-01
-8.530380669170272157e-01
4.879809495235716277e-01
-1.578094750043841366e-01
5.136729750304842579e-01
9.472187323515419699e-01
4.379340345215121388e-01
-5.457194371089300056e-01
9.930232842413384553e-01
-7.229419712223779104e-01
-3.720733274221790232e-01
9.444852624856814316e-02
-5.637190259397735215e-01
-9.389314897160836448e-01
4.546975266064265941e-01
3.214612550659192713e-01
-1.419846775406370387e-01
3.271138862016902404e-01
6.452322420794220914e-01
2.621160081948328280e-01
-2.134010427003254495e-01
9.767358471375151563e-01
7.749131172177712301e-01
2.521304558623194136e-01
1.599192485207572290e-01
-3.350181621554499944e-01
4.772346622582532838e-01
-1.109789514729948579e-01
-6.916973087717799284e-01
-3.839850968916282969e-01
-6.006404902640904986e-02
9.451227940917439341e-01
8.008421647454173620e-01
7.802327721340729383e-01
-9.190349306845837507e-01
-1.704957948648913035e-01
3.413605016086898036e-01
-6.774693231329154131e-01
1.290940536645861503e-01
-1.935608550481768830e-01
8.835890811491087238e-01
1.726999909091087027e-02
-4.786115708287954629e-01
-7.731007367401270258e-01
-8.772513393816865346e-01
9.105709931049801309e-01
-9.307960399994066325e-01
4.290388541631389163e-01
-5.091065352947083955e-01
8.607574601765841660e-01
-4.438915918566841423e-01
-6.972491173158739119e-01
8.478263545908526488e-01
8.996822137544935316e-02
-1.818070153221953422e-01
1.835819161373331010e-01
-4.171239258692405194e-01
-4.399207916946588082e-01
-2.112367252097993031e-01
9.513254291661408235e-01
9.131493543719797490e-01
6.918892199375827889e-01
-6.228632707378427558e-01
1.392101931688842775e-01
1.077839155874489308e-01
6.441003261202769004e-01
2.192394446663403773e-01
-3.424084457029878958e-01
5.238194244522420551e-01
-9.972699794839889886e-01
1.251322711241686925e-01
7.462565556584335180e-01
-1.614325480576106475e-01
-9.568486322495091123e-01
-6.874915692245564536e-01
6.830080956799735592e-01
9.624414682175463920e-01
4.976401014148503776e-01
5.861350779326217619e-01
7.391846105403572231e-01
7.634700574176622734e-01
-4.943938324772327864e-01
-5.637882557883728829e-01
-3.915275625991423425e-01
3.243586954965982372e-01
-1.856856248912677199e-01
9.505158997218954298e-01
2.949087903720726267e-01
-4.084644306956564108e-01
3.184483452193458408e-01
-9.346727907559015947e-01
-3.274425373625939883e-01
-5.499065268186871247e-01
7.703525790105081317e-01
4.403825944405570514e-01
-3.281080649340770705e-01
2.164884419902057822e-01
-3.860120471513439622e-01
-4.238467414263566990e-01
4.148751051430690229e-01
-8.508206679848517862e-01
5.387071937805281152e-01
3.957154514490879293e-02
-2.972019915636496812e-01
7.335096323543974783e-01
9.394938488483610683e-01
-8.588572240991687590e-01
-3.996832984422140633e-01
5.087292765928643767e-01
-2.930955083199222599e-01
7.727088663367542853e-01
-1.913349665123504906e-01
4.861137700099549264e-01
9.195143048504890171e-01
7.087906234429035557e-01
1.685139609742505318e-01
-9.622812460849428096e-01
5.826087729546580718e-01
-1.131259193465512514e-01
2.034450472191224879e-01
4.342466974094887355e-01
4.562114853112995139e-01
-2.391179628641160182e-01
-9.821212914725998555e-01
1.450190763147372053e-01
6.853806380606219939e-02
8.194349865997070381e-01
7.634700574176622734e-01
-8.379268539903725888e-01
-1.063962351057750055e-01
2.270859468796262437e-01
-8.046176343694779742e-01
-7.490774323880813323e-01
-4.143922331877611942e-01
2.468046080171271139e-01
-6.985140123140711754e-01
2.949947827425241087e-01
9.578980269992516394e-01
-3.785734100861548601e-01
2.949087903720726267e-01
-1.747365761809718254e-01
4.215971028527134568e-01
5.368134044728094523e-01
-8.181108432355426174e-01
9.097781040351491377e-01
2.033823233766529626e-01
-4.660233368195558779e-01
-1.351251115250224899e-01
-8.613755898831711999e-01
3.422632935867120363e-01
-8.742516290047008809e-01
5.598538027123665106e-01
4.232977617675890425e-01
2.373774208354821891e-01
6.044784691523339415e-01
-9.271049664750754538e-01
-7.084787766983762225e-01
-1.066781588557843552e-01
-7.675058166138466476e-01
-7.415631242344169483e-01
4.355876461488144002e-01
1.816393349651799216e-01
-9.972699794839889886e-01
-5.221607277198285768e-01
-4.746230484485900458e-01
6.356151730076244899e-01
-9.918584124567670912e-01
-7.299296474216878661e-01
-8.854413954556408228e-01
5.431773096767966713e-02
-2.246327793817859408e-01
7.563055536377050192e-01
-1.852845195301429104e-01
-8.317346091269377517e-01
-7.340601063215137501e-01
7.401845007428016210e-01
-9.490299228257772501e-01
6.143569442573777462e-01
-8.055882686172846086e-01
-2.904077247754452973e-01
-6.985140123140711754e-01
5.163054702211340441e-01
-5.170634244352370068e-01
1.937984610517737849e-01
-7.918439409315574107e-01
8.321222818326490245e-01
1.303549887912898164e-01
-7.981363779714949480e-01
-1.490940445393524882e-01
-8.594245476208715040e-01
7.966116666732538931e-01
5.723923581662726523e-01
5.266810192542836777e-01
6.615633618111447234e-01
8.324424580353280145e-01
6.873410537867072900e-01
2.708367486877996111e-01
-8.371476024961017615e-01
-1.272089446189785811e-01
1.599192485207572290e-01
-2.531080764450743814e-02
1.578558440439130628e-01
3.647773964804272850e-01
-3.925747191333175401e-01
-4.627896211851794117e-01
-4.722311235329159640e-01
7.929016573134728407e-01
-5.802659294835534887e-01
4.621296430166466074e-01
8.232486134015133405e-01
-7.640134998708849601e-01
4.502815078349289291e-01
2.382691149777829143e-01
-7.935868458520012325e-01
-7.417354581076907039e-02
4.871687997174112272e-01
-7.421377128438375603e-01
-1.552787106670638906e-02
-9.907207087619793739e-01
-8.570833073144124015e-02
-4.807178046117344117e-02
-8.317346091269377517e-01
-4.486238952760446264e-01
-9.018993058796114237e-01
-9.104914778710015977e-01
-3.752681814125387039e-01
3.801733896265007129e-01
-8.054011578245325875e-01
-9.346727907559015947e-01
-5.846526062172638927e-01
3.199580956859826575e-01
6.291144471532335025e-01
3.733429749351782068e-01
7.165774996028095867e-01
6.089192096543725174e-01
7.887506342882257826e-01
3.537488535718043003e-01
2.552991010864658072e-01
