-1.419256888321945187e+00
1.015734905245307074e+00
1.433658199480814188e+00
1.132593091464665136e+00
-6.487772225331610576e-01
1.013587263885705081e+00
3.943935819061556547e+00
2.413877349895095392e+00
7.878169804990358127e-01
-2.723164910499970226e+00
1.405465712451561933e+00
2.027102210914929259e+00
1.717296158538214934e+00
1.255433029262717382e+00
-6.082949904987317025e-01
-2.945696728621085114e+00
1.684247751133475690e+00
1.906228220532439011e+00
5.744622576319056151e+00
9.189482109066176019e-01
-1.214425730029691231e+00
6.521960635665423389e+00
-4.480390704147973580e+00
1.774188254685293842e+00
4.469727093093062820e+00
5.012679105353334830e-01
-2.192772940017366334e+00
-3.969142376433865138e-01
4.665573295057120484e-01
1.596614406593909852e+00
3.149360539659052383e-01
3.844930426982606342e+00
-3.898829011996642890e+00
2.036856891528434854e+00
9.861875407489185674e-01
2.122683447813119351e+00
1.775179718764399450e-01
-1.075143481994235373e+00
2.885114707687361779e-01
-1.889806754233129382e+00
-2.110977093258526338e+00
1.167360365822247781e+00
-2.768981338621733457e+00
-7.732691754717933019e-01
1.394359621801729787e+00
-3.148313156826450410e+00
7.489545149160719006e-01
-3.487134153629691813e+00
7.163683874301330912e-01
-2.714336451222914004e+00
1.461466788059210486e+00
2.858077024268891986e+00
-1.137563535373955048e+00
-1.055585853669683161e+00
-1.678511342732574851e-02
-1.569372979189633366e+00
-1.441411558568743700e+00
9.964459467658556280e-01
6.348769364538602300e-01
-2.330934214621851464e-01
2.568095652416064745e-01
-3.080129810359409248e+00
-3.550652340047075750e-01
-2.249153203566033543e+00
5.802114553713759726e+00
-1.833818722329431550e+00
-2.124852202878785956e+00
2.656859546372630110e+00
-2.981392884780380115e+00
5.162361050851103528e+00
-2.690331920474203997e+00
-2.772859031094788484e+00
1.519987683222129071e+00
2.243871653928598331e+00
-6.591609031396254981e-01
1.711902853576120709e+00
-8.672356919444352830e-01
1.464884959993871139e+00
5.389797649551784087e-01
-1.946309515448652716e+00
8.129064708118043381e-01
-2.078974066132280640e+00
1.727787346015324133e+00
6.319558814276200476e-01
-1.175445555670769249e+00
-1.589097362676247016e+00
5.469943883184515965e-01
1.785794931211089231e+00
1.694921374449479323e+00
-1.189688839500527395e+00
-2.290574592632842688e+00
8.981359984636474447e-01
2.221392394709566620e+00
2.592882921164432641e+00
-1.182962200228457883e+00
-5.451692694987598564e+00
1.749802974928363897e+00
-8.702469079980994504e-01
2.299153557733628617e+00
-1.051458860416219609e+00
7.703932098582214616e-01
-1.074773144371158895e-01
2.160521313973938984e+00
2.518002872725878305e+00
1.361343195489821856e+00
2.954438815276402064e+00
4.040528727850822399e+00
4.724313554169633500e-01
9.984590550693674960e-01
-2.700669201538496988e-01
1.582909688613950427e-01
3.370075492866591471e+00
5.190107625551072523e-01
9.599769760074502445e-01
-6.984355130511934462e-01
1.376123899378917326e+00
6.866682233961534099e-01
3.566874803878311018e-01
-3.464465473169155429e-01
4.514370881743539066e+00
-9.534939115037966983e-01
1.266704350544667790e+00
-1.585131803841100862e+00
6.759179616840002014e-01
2.648062608543517271e+00
-8.214417359656512874e-01
1.276079216184098586e+00
1.121653635312092501e+00
3.282912172404933937e+00
-1.089662889544331215e+00
8.162193028118892579e-01
-4.690380185141139968e+00
9.342085374851358814e-01
-2.214772778138551779e-02
-2.458762367721537556e-01
5.900372732914808127e-01
1.434189629202764937e+00
-1.988133756464092183e+00
-3.789737992280284740e+00
5.487243635348560744e+00
-2.161540268370422346e+00
3.251903802751391126e+00
3.561975638452274939e+00
2.585515088177395171e+00
-8.362560830910564791e-01
-6.340902076145011890e+00
-2.105184823216605494e+00
1.669283860720007340e+00
-9.907945085414162634e-01
1.219914890425345400e+00
-2.271739721121013300e+00
-1.729068817337438002e-01
-3.530979927397453477e-01
-1.391905402071104803e+00
-8.214367788235543699e-01
1.624436915921220637e+00
-5.034772430878394767e-01
-3.682348963319315160e+00
3.293289165139427488e-01
-1.165577186834698686e+00
2.928331686039585602e+00
1.948013371941919036e-01
-2.242063714191315338e+00
2.014203337031332364e+00
7.439332376443481554e-01
-2.188069770281678927e+00
-5.577908276870975346e-01
-1.567138087476924069e+00
-3.639019886006861881e+00
-4.979267010139265537e-01
8.243083126655794679e-01
2.312495481806345232e+00
-4.943115019910300778e-01
2.032458106995334024e+00
6.949740950195102407e-01
-1.918643345835631786e+00
-7.053049859652943399e-01
7.600189550407979722e-01
-1.648587286023351917e+00
3.190387180419255841e+00
-3.097413944760251781e+00
2.276700089673311389e-01
-1.668585533962540168e+00
3.848306384727247398e+00
-1.976464774613593267e-01
1.668061702768767862e+00
-2.477536403754263539e+00
1.607080481825184926e-02
-5.029869830013111720e-01
-1.924841123080958394e-01
-1.145327733732278697e+00
-1.651653631139201162e+00
5.071085266067054675e+00
-3.011687125322507264e+00
1.728849206456527787e-01
4.125516797226311816e-01
-9.763629610366784117e-01
-2.238618433079210268e-01
-2.020821190770742071e+00
-1.106858100126505429e+00
1.498582343672749673e-01
2.709218331143782077e+00
-4.135764926602655045e+00
-3.070538554643063023e+00
7.382110035036217877e-01
-2.896600846577794819e+00
2.068060031534946663e+00
1.932906485230691529e-01
-1.301380969050182745e+00
-4.100167785472004667e+00
-1.317975736123299102e-01
1.833707624589340002e+00
3.685208718399433536e+00
-6.574834098916626512e-01
7.526748880097915428e-01
6.366564211626216663e-01
6.352859901348120175e+00
-4.481263668654932530e+00
-8.676284891758507811e-01
4.825717901922119690e-01
-1.674903170857463763e+00
-6.377818095887317629e-01
2.171189199358761535e+00
9.076431231681132417e-01
2.521537045482920014e-01
4.722804880172089881e+00
1.646025043792261888e+00
2.695257610234447654e+00
1.479499934998394495e-01
-2.371674037041322514e+00
-1.511058446243617182e+00
4.743885905714192441e-01
2.045578858376037257e+00
1.596481801857272398e-01
2.243396461216465632e+00
-8.340103866968910928e-01
7.058189184043617281e-01
-5.857306995516553538e-02
1.659404329099664732e+00
2.794067346802186158e+00
-3.487019461685094690e-01
2.754726619973886237e+00
2.463784264925430900e+00
-5.000798783495418176e-01
1.219328314196741481e+00
1.024751724246097506e+00
-1.359624879027792055e+00
1.798589846442942397e+00
3.668376440499502955e+00
4.858106822739629571e+00
1.066561171955502374e+00
4.012377789376381010e+00
1.158485355304933240e+00
-9.167825631738679704e-01
1.492124250045128164e+00
-1.549461614430091005e-01
-5.786109567655906005e-04
-3.404096063573001096e-01
7.867288504455918208e-01
-1.175908749796329422e+00
-2.848648744031897717e+00
1.907794060502363553e+00
1.085648425751045476e+00
-5.073887798653520242e-01
3.529317643666642468e+00
