2.939869586383295097e+00
2.663736531814330233e-01
9.344567962086300916e-01
5.440547413359140272e-01
8.058697847051602414e-01
-3.803548165748661170e+00
-1.028334736347263689e+00
-6.550115936778859727e-01
-3.798821825493394311e+00
-1.295743419206877300e+00
2.264537117957783785e+00
9.430103844853379158e-01
4.109368561584147983e+00
-4.830413382525503563e-01
2.578704998728272857e-01
7.408682377838546884e-01
-8.292075312335329684e-01
2.503508146475652119e+00
1.028549873235118373e+00
-1.727887346004004510e+00
-2.942344990269325056e+00
-1.698941270752145627e-01
-1.086946235241284642e+00
-5.665837049883959420e-01
-3.683285201517870755e-01
7.542133244485429433e-01
-2.348684267237163503e+00
-7.132567960266638085e-01
5.930708312451350439e-01
5.428343144280597388e-01
7.051728453132127816e-02
8.325934936190174662e-01
1.121541417779878591e+00
7.415971222130639529e-01
-8.601038291962852522e-01
-4.643228217236480826e-01
-1.457930908140958604e-02
-1.396365473112134881e+00
-5.659368719352850796e-01
9.057563772498158361e-01
3.829238147184864438e+00
1.500001161511279157e+00
-7.759315465143912238e-01
4.105843150097477912e-01
3.471436267481566862e+00
3.734115057846511654e+00
1.690894812442446327e+00
-1.986849934204126145e+00
2.717281022075552777e+00
-3.651037119591163282e+00
2.752696969156817719e+00
1.360424609774399496e+00
-3.799149349788590868e+00
3.693513901775554720e-01
-2.450922995958226380e+00
-2.944701453036819849e+00
1.143431547407086413e+00
1.719257629993195646e+00
1.140411691421109319e-01
2.490123848890398506e+00
-4.817528391576257896e+00
-6.151002539824617088e-01
-2.676537341706232365e+00
9.983955011568061977e-01
-1.652434699914267391e+00
1.249988136448604736e+00
-1.634958839247398155e+00
4.994471847743829906e-01
-7.349182815484381903e-01
-1.525155021353196805e+00
-1.274836416895438251e+00
5.044215458064572388e+00
-2.062985781159428544e+00
2.866074872241680005e+00
-1.218249662767995956e+00
9.881426204103231914e-01
-3.856173420521895601e+00
1.158772355663756359e-02
9.037149513829535463e-01
2.339501856174656780e+00
4.967423453718081028e+00
-2.009237898832003655e+00
-3.685421000121515966e+00
-3.716544809072885869e-02
2.687766881921965556e+00
-2.165843849922417519e+00
5.723014250933786684e-01
-3.361720348526394675e-01
-5.408026591977543873e+00
-3.321817098221601317e+00
8.416925688235695757e-01
1.099389999599006407e+00
3.799625102245463015e-01
-1.817531034391298705e+00
-2.903772912908674009e+00
-2.436660820024838525e-02
3.103715489294410546e+00
-1.022834737373803815e+00
9.346849530625916946e-01
-7.926545268766467256e-01
-1.575857843886807608e-01
-1.542826306711474249e+00
1.332291618039404213e+00
-1.857678373342352973e-01
2.230600074437881553e+00
2.209693931847360737e-01
-3.899506114913376953e-01
7.164493676597312177e-01
-3.192248438441212866e+00
-2.322858262464102097e+00
3.268058981877130620e+00
1.899443472113362397e-01
-4.606637949362401008e-01
4.698650064480804911e-01
7.922287490696622303e-01
1.903938717297835481e+00
8.948117904049208704e-01
-1.690877733295160557e+00
-1.384406227208421436e+00
-1.065471420282620763e+00
1.194296955346467737e+00
-7.533364739707967273e-01
-3.585251968494780783e+00
2.630363791155757802e+00
4.592188698464092944e+00
-1.709372815853481109e+00
-2.721344318830218434e+00
3.903406808808940753e-01
1.361911037194323937e+00
-1.368064372719917987e+00
-3.923528958535617672e+00
-7.893916249788874850e-01
1.172077866558318915e+00
-1.432983628566955048e-01
9.646730170188473341e-01
-1.394479905227568484e+00
-1.433787972217351214e+00
-4.434860332766626945e-02
-2.660422888886641690e+00
-6.324608769004228526e-01
9.314158261181237908e-01
4.919797640666199734e-01
-2.304232548162830074e+00
8.186175474254511197e-01
9.514092177511406234e-01
-2.356324559700910370e+00
-7.274776043654208602e-01
-2.569654240678875379e+00
6.625865735629854480e-01
4.096325397842777161e-01
1.381693829522911754e+00
-5.909856545082864621e+00
6.052327387124317726e-01
-1.172147856077377259e+00
-1.609701342710650351e+00
-3.664494021848472283e-01
-3.346939919395060414e+00
-3.756153552815691965e-01
-1.674730019380442858e+00
7.871610124641865713e-01
-5.949614930170782356e-01
2.118446938935325985e+00
2.234352022226803847e+00
-5.000907282130564457e-01
-9.583051910822020236e-01
2.005094617284594261e+00
-1.668474240012964627e+00
8.780397261791428321e-02
7.163908322719718669e-01
-4.826767987061920451e+00
1.598839675811004390e+00
2.092619591641799115e+00
-1.086702263480226582e+00
-5.918650960707599218e+00
-1.674181551340546692e+00
1.245716632937747814e+00
1.431916592230132901e+00
-2.126468724535766075e+00
1.281837657994023827e+00
-1.988022372984238340e+00
-3.817065688217309738e+00
-3.086203733026930962e-01
7.510417604675823089e-01
-1.702537746366095117e+00
6.099176100191819883e-01
2.400556030091330229e+00
4.354695211573144098e-01
2.261712307366734898e+00
1.192425744354674411e+00
-6.833378321659268062e-01
7.592441812610790652e-01
2.301556005038404074e+00
-2.699441308505657888e-01
-3.407530052978559598e-01
-2.837040967046144502e+00
2.783137390000811173e+00
-1.246868614825339838e+00
2.522631642036378796e+00
1.322712474833899865e+00
-2.733389370848767097e+00
2.549083682865549427e-01
-1.341486766924684604e+00
2.198164160780603282e+00
-3.390970635097061425e-01
1.702369932443038802e+00
-1.725544740767777085e-01
-2.210810564152113855e+00
-1.019914925271137696e+00
-3.664658519022349070e-01
3.016203769120501255e-01
-5.750476650156620906e+00
-1.125716950146445239e+00
2.617135142058292452e+00
-1.496373574956825214e+00
-1.265636118883684436e+00
-1.224944775971163358e+00
1.692270381009385871e-01
1.596946810796728622e+00
3.211914870148229184e+00
4.499680778077991050e+00
1.192667802241638153e+00
-2.398065049964423601e+00
3.672675959370792498e+00
7.234773045210385334e-02
4.038008691871228795e-01
3.592552494898533788e-01
-4.833942196173225403e-01
-3.280264393736009865e-02
-7.899517737812341567e-01
1.557510899397895443e+00
2.585137859504710534e+00
-3.945804276663114507e+00
-1.092937793582465567e+00
9.386236792218849434e-01
3.894613169526038643e+00
-1.090519093495143199e+00
3.884754643413040220e+00
-1.176223164461801307e+00
-8.944508671219317808e-01
-3.154419607620528865e-03
-2.100851263212860420e+00
4.338129766629029938e+00
4.068494978031537812e+00
-2.954978857315548879e-02
1.529519924759519478e+00
-9.595648115223506247e-01
-1.504068676405853622e-01
1.240190187730110249e+00
-5.298010569771485656e+00
-1.344509873994855775e+00
3.087685018587320585e+00
-1.152345151199493989e+00
1.981521894507483061e+00
-2.055258421676037450e+00
2.223506364206600416e+00
-1.794526051013947576e+00
-2.253958853565281473e+00
-1.562979482463699998e-02
6.326659276666121157e-01
8.347196343929823570e-01
2.423036090842679791e+00
-2.482664468769458566e+00
-3.469532844478360190e-01
-1.244140261477870713e+00
1.591693473914626566e-02
