-6.488780463499737028e-01
7.886317920141105997e-03
-1.521460103640884798e+00
-7.815752556207821167e-01
3.445930434387486918e-01
6.434684014771514526e-01
-3.347713088181247798e-01
-6.085507329947821287e-01
4.885909658618720064e-01
-2.251737861950485198e-01
7.261761833091540108e-01
-9.353360091805288379e-01
7.737899172184692365e-01
-8.125902441062404780e-01
-4.069974182182600764e-01
1.517179863134244799e+00
-1.416980574441693896e+00
-7.071473663055725112e-01
9.859367516571015955e-01
8.915521308040931237e-01
6.852153897956398954e-01
-1.254481452357423921e+00
-9.909356819212149503e-01
7.032060136413776918e-01
-9.639053559992047937e-01
1.126362616721846788e+00
2.154113534106980143e+00
3.629614849970346224e-01
-5.593592579213340521e+00
-2.158053875609071692e+00
3.978628322108991977e+00
1.914768139385484513e+00
1.672184498237085037e+00
1.893981870705577997e+00
-2.135688020233325268e+00
3.392909988636798602e+00
4.782114704317557141e-01
8.343712653030026516e-01
1.368004577797250709e+00
2.953551323101910597e-01
-1.025165180677394705e+00
-4.038610055309208136e+00
-4.628146228564591902e-01
-3.633564985363826327e-01
4.175872875162940367e-01
-7.578149163535989885e-01
-8.902403773104814455e-01
-1.725498036167914861e+00
-1.624937020936290111e-01
-1.760091679499448336e+00
-1.171577913310988706e+00
-2.775884345394328712e+00
1.648264069285312772e+00
-4.209588351021054109e+00
-4.500868829911762736e-01
-7.993487212992946844e-01
7.985676928818702391e-01
1.977452797095946568e-01
1.186396062567023346e-01
-2.285901714615310443e-01
-1.388885171217904002e+00
-2.599605428719635736e-01
-2.016367502420883362e+00
2.954962544217445419e+00
-1.342114134094971600e-01
-7.125720625265148378e-01
-1.626970107908800589e+00
4.438850265407764950e-01
-1.039298537878018180e+00
-1.907660543317644564e+00
-1.593022490274903502e+00
-1.973396150543746286e+00
8.206255090190527346e-01
-2.661293237722047178e-01
1.283357915682732386e+00
-2.546947042732138899e-01
-6.484288946497902550e-01
7.999418146751084979e-01
5.723710129746477637e-01
-1.629857416183063457e+00
-2.626045883392478797e-01
2.482337429600067757e+00
-9.756146464058113033e-01
7.206924452765650635e-01
-3.317175639824343492e+00
-2.141817375961688086e+00
-1.385600345105408415e+00
-2.048313506614848123e+00
-3.000922486739223682e+00
1.125786227651047522e+00
1.387514336764561040e+00
3.503352487256048420e-01
-3.548047132425425243e+00
2.479075592085130175e+00
-3.694784112971312151e-01
-4.459743580002349939e-01
-5.753724492122258560e-01
1.191721941927452733e+00
-6.749254980424024275e-01
5.763388070277205566e-01
-5.359729944840911919e-01
1.882751606641043018e+00
1.289571982006745721e+00
9.216664514176482470e-01
-5.052133257718813830e-01
2.485909272599514663e-01
-7.637515717734153498e-01
1.242406274779140896e+00
-3.725047143977979758e-01
-1.141946106827139484e+00
6.788958971059583236e-02
-1.419132353652790890e+00
8.622029928953932609e-01
4.264537817619158844e+00
-9.571950376057291043e-01
-5.841954239198441368e-01
-3.749351141503581841e-01
-7.000594868730718456e-01
4.675153531478348778e-01
1.655825461856311742e+00
-1.489075323849207599e+00
5.207399147806971440e-01
1.590701603888155624e+00
-6.004737257087796598e-01
2.655736327927510909e-01
-1.482304669038032596e+00
-2.010407678242936313e+00
5.543713057760825125e-01
3.709530681183056622e+00
-1.431697914483224698e+00
-1.796534530818440389e+00
-2.391711292486088603e+00
-4.480393176853559645e+00
4.933314400479535955e-01
-2.592140660630982918e+00
8.638195760516914623e-02
1.581771670465916269e-01
3.128224228805364326e+00
-9.746526438222716804e-01
2.653928740797917740e+00
-2.115360141891486911e+00
-1.790940003399108083e+00
1.618247287014540792e+00
-9.622248181473398443e-01
3.440234167012842903e+00
-5.823593057567857390e-01
-5.621060031106859256e-01
-1.544005615210802262e-01
6.895433712690579586e-01
7.867192313711903751e-01
8.677086507075653099e-01
-1.536952478223092111e+00
7.991731989522325996e-01
-1.996587860034088502e+00
7.217621182700664217e-01
-3.059457502784659777e+00
3.080808844982729333e+00
-1.165871444191732831e+00
-1.709597539364466345e-01
-7.082192785190910556e-01
-7.705995519979713659e-01
8.188773669364912688e-01
-4.482580520802994961e+00
2.905300836305373391e-01
-3.918628902549181614e-02
-2.420483194183747688e+00
-5.280849518813259813e-01
3.401057648265626288e-01
4.001366111660775715e-02
4.403194389931743835e-01
-2.153685566306389187e+00
6.156837185499128839e-01
3.796198496942088330e+00
1.156694040543956969e+00
1.842854925812475564e+00
-1.301533838246795804e+00
-8.000573540574662523e-01
6.665538599105476081e-01
5.443722258114425117e-01
-9.505154654844405471e-01
8.149910220487961432e-01
-4.740983015016404511e-01
-8.983702651616520818e-02
1.374044367677557110e+00
5.110433039162551871e-01
-1.986676964898375086e-01
8.462009406177846138e-01
-4.771990952474799430e-01
-4.190609631796755608e-01
-5.940603153281389659e-01
-4.766131021241305499e-01
-6.800823007324132696e-01
2.227367811126722330e+00
3.138230177763523976e+00
-2.352961416632740388e+00
-3.804630677545588480e-01
1.475189165270222924e+00
-5.575774819582224318e-02
-1.891003032883280754e+00
1.240543390004131830e+00
-5.307237359244376229e+00
-1.861487448707626946e+00
1.163054539650979352e-01
-3.693193348543724053e-01
4.605471214145112624e-01
2.621485941792606411e+00
4.949752291448211494e+00
-6.552636437663443836e-01
-3.300686074497160005e-01
2.814052043191590524e+00
-2.145387828936010877e+00
-7.478611493971787372e-02
-1.266318808345926694e+00
8.242072901322570200e-01
2.301862038829632917e-02
-7.104245683170655745e-01
1.666944502268002504e+00
-2.211582285821255267e-01
2.609632240800122682e-01
5.835025307366725755e-01
2.574266813266015586e+00
-4.036218015822694571e-01
-3.770786038756437364e-01
2.002762164876177864e-01
3.766871271831319090e-01
-2.812485622908100780e-02
-2.393953053312555923e+00
-1.001882799864097340e+00
-9.664333659473781646e-01
-5.162850627730428688e-01
3.933653752035399798e-01
7.478925500120479075e-01
1.598339588496356933e-01
-3.412106165802218927e-01
-2.824595869019391525e+00
-6.356871451782547533e-01
-3.121014692948421487e+00
-2.262422907563880425e+00
-2.930829686549862867e+00
1.317161634507583390e+00
1.267045211989009879e+00
-6.799208453085709980e-01
1.176005986140318926e+00
-8.019412584705358782e-01
-4.958363436705470750e-01
1.696762960920399355e-01
1.764141320809523128e+00
1.871963168615571327e+00
1.477825300933057084e+00
1.666253119396483795e+00
-2.834394422486738563e+00
8.057480620320240927e-01
-1.314885956651767218e+00
2.136123693651031941e-01
5.699483609620762392e-01
1.554657397495453619e-01
2.081189440458095952e+00
-7.227817360729229534e-01
-1.355868360754150181e+00
-2.595523120481066925e+00
-6.851260508778789227e-01
-1.367324398861742285e-01
3.302671800920656819e-01
2.945550860157174267e+00
-3.790220387120463164e-01
