-4.660343996204314720e-01
4.160931707738657614e-01
-6.363467703018088617e-01
8.799997960183905121e-01
1.215931558773777343e-01
-7.709921164020974160e-01
8.281749444048980280e-01
-3.528714327687594299e-01
6.243798586562112618e-01
-7.339791048092678682e-01
5.839624128980429596e-01
8.652560895258603058e-01
-8.374466335753323332e-01
7.713488872002627339e-01
-5.507953415755659776e-01
-5.912513771202987378e-01
1.044084201976369641e-01
1.339555216260557291e-01
-1.042764334024348649e-01
-3.396545453623978084e-02
-5.701039922645589897e-03
3.411875845106417948e-01
-7.929235393024434142e-01
-4.811401785651245877e-01
7.749612984539502314e-01
9.959469270719309986e-01
4.709923932919175549e-01
-9.856323403888744838e-01
1.943685555807705967e-01
3.650321178461710669e-01
3.881264871038880848e-02
-5.548505838962403125e-01
-3.449576501357591862e-01
-4.113798090889024817e-01
-5.624968598030422040e-01
3.744259004220928944e-03
-2.589094261001001485e-02
-9.537389153734994185e-01
2.613760828489208876e-02
-3.809114486325437809e-01
1.629850829046741723e-01
-7.487902253353109217e-01
-5.093691359184400191e-01
8.048904280809072720e-01
-8.283841659962314363e-01
8.810711761160661126e-03
3.464320003931027347e-01
-9.257185393652649363e-01
2.563881109554180249e-01
-1.390640632645463448e-01
-4.824626603582826689e-02
-8.904100710750331160e-01
4.643939774050767078e-01
9.516255201564693955e-02
-7.173761272471173012e-01
-2.326913678198150315e-01
5.394082830179858234e-01
5.755312909611680627e-01
1.021039084402608488e-01
8.628834433401115778e-01
-7.158707646336126551e-02
-3.785658378789324985e-01
7.653411583852518518e-01
-8.170178324553079019e-01
8.553983937945135452e-01
-8.386058972628842589e-01
-6.530360006039404031e-01
-9.226308174308994747e-01
-6.634245619584251408e-01
-1.334213823867864690e-01
6.093757294782200518e-01
-9.939353220207329809e-01
-3.462558583498540621e-01
-8.176510584407115090e-02
3.317532023897575844e-01
5.112923668001734256e-01
4.802661069893026102e-01
7.072853112851307245e-02
-5.613055250172866995e-01
-3.658154836988753988e-01
7.737444892709952615e-01
3.713877667666483084e-01
-4.615264299558454741e-01
-1.478676554247850827e-01
-3.456544515143089580e-01
-1.334157635617838622e-02
5.480956404622656652e-01
5.544815947409089674e-01
-5.939131070919709821e-01
-8.099772874336144124e-01
-3.404008319878386590e-01
9.728300290918401316e-02
-4.825421401269440747e-01
1.198037343888960216e-01
-6.023620266470020024e-01
7.759436042076228723e-02
-5.295606585689021095e-01
-4.798212587990362543e-01
-7.468792244747513021e-01
6.425276441744880440e-01
-7.483603427814844444e-02
2.417748946932984921e-02
-8.159759005733153714e-01
2.588121548847057696e-01
-5.837554490860938916e-01
9.762309670019309049e-01
-9.583532353093302536e-01
-1.567426893793519849e-01
-2.960163110691005350e-02
-1.145228869068715127e-01
7.190249483820156939e-01
5.029326818768398155e-01
-6.294575863505087465e-01
3.281769627575621406e-01
-4.731038284211050993e-01
-5.884263519621750760e-01
-4.220072415875524285e-01
7.255659751542311575e-01
-3.288056320514991526e-01
-3.010555569036905688e-01
8.319542966456525690e-01
-9.473167682889160890e-01
-1.634351828834357256e-01
4.217098336335778352e-01
-2.237111749777056513e-01
-6.340426805177399316e-01
-6.935821833499558053e-01
8.348928775366268873e-01
-4.014784336140793108e-01
-7.510385622387865112e-01
-3.200165386951336899e-02
1.544706675111813254e-01
-2.310125470935260328e-01
8.773200797427895825e-01
-3.334521058998665133e-01
9.549053504628552957e-01
-8.985112704620052959e-01
8.857436342785729444e-02
-6.536179686815055678e-01
9.244050448978309298e-01
8.140630808465945112e-01
-5.221315072302172844e-01
-2.715319646278888666e-01
-6.125431713905185038e-01
3.395527521626851009e-01
4.557256204581832115e-01
-8.034945857019362148e-01
4.121094013638915143e-02
-1.999192684879669279e-02
5.010732952586183231e-01
6.054774068792623254e-02
-2.021793332136256893e-02
-5.121382096734961031e-02
2.732665014220405642e-01
1.558506940993413803e-01
-9.689347400853860481e-01
-4.136755352308449929e-01
-1.991094746113377667e-01
-9.492858841090234812e-02
-9.265300122823121320e-01
1.804159524403883275e-01
-3.440553503771284216e-01
-4.946352605132349201e-01
8.527817940117947693e-01
4.012243215272099928e-01
-7.417008203729982263e-01
3.205656140249562025e-01
-7.799642163606579359e-01
7.128307086116603131e-02
3.510433459488226937e-02
-4.260164414483851303e-01
8.826025458445374561e-02
-1.132926131865217290e-01
6.446683673125175318e-03
5.146864179851851073e-01
1.367805043844028123e-01
9.683043988877426678e-02
1.894340721007734540e-01
-4.679881255361868497e-01
-4.848134807979533889e-01
2.250474743835249036e-01
-8.163907772230629689e-01
-9.353653732180373659e-01
2.150194773286693284e-01
3.570481052157181701e-01
2.974984300978247287e-01
9.996049443800925083e-02
-8.566599254383218121e-01
8.842119010656888101e-01
9.559253340962503565e-01
-8.428361880529231520e-01
-8.463128677836733171e-01
-1.953887465354122721e-01
6.200889786513741342e-01
4.578722101761532048e-01
-6.786527895600085181e-01
-4.194018968841579653e-01
-1.313854290327218788e-01
4.956954551019943089e-01
-1.906222933059074087e-01
-7.600343375797096179e-01
-3.508841900984962514e-01
-5.799155817908401289e-01
-9.830724824553023211e-01
-2.297820388528741820e-01
-1.848055906541148374e-01
-5.794044807606193448e-01
8.222632892338033184e-01
-4.659252475775688129e-01
9.414699028023425509e-01
-9.740545199841454949e-01
8.936142660375128166e-01
9.399787469164595510e-01
9.914913696120473130e-01
8.130233212624411454e-01
1.563407690178697518e-01
-6.066655047304410076e-01
-6.507783940422651181e-01
-7.459365266506565728e-01
-4.299436620211087856e-01
-3.082609917642664676e-01
5.988216501094274502e-01
-2.909825978332380991e-01
-8.977779354518955479e-01
-1.781081482489472734e-01
-7.559748339399212647e-01
-7.867107255748961858e-01
2.609808635881132322e-01
5.748343831895323941e-01
-1.038139780857272321e-01
3.074527633008017347e-01
5.577534834258075502e-01
7.640958895120857353e-01
5.330903793488026565e-01
3.492153490253551151e-01
-5.868115924741394984e-01
-5.286216778621921630e-01
-2.578597382151768258e-01
6.877474343433633841e-01
6.829606050605028233e-01
7.765563308140452925e-01
1.210506438577918509e-02
6.811988469550152026e-01
8.595887199824268077e-01
-9.759777505694819943e-01
8.322135807215187420e-01
6.005994705196608940e-01
-1.346994272429333783e-01
-7.770668960530966451e-01
-5.495269314955630868e-02
9.927046147436475731e-01
-5.243591475924529455e-01
6.434504015436182112e-01
5.933592165571965893e-02
-6.818786379821197841e-01
4.661271040825980538e-01
-2.043805536669007772e-02
-7.396520479471428988e-01
8.512309077607760344e-02
5.851636541785243395e-01
4.418200829725666967e-01
8.314163387385677950e-01
1.771550088777247289e-01
7.530959008169855196e-01
1.530522036199251090e-01
