1.063793163182244150e+00
2.471297159269072452e-01
1.589262770083585075e+00
-5.607797742568840782e+00
2.989134392243505634e+00
3.126475809109098947e+00
-1.557128482321430418e+00
4.590206554666900196e-01
-2.595465908329663840e-02
-6.048022696583807978e-01
1.292392195897198448e-01
2.196037389358329150e+00
-7.514673615859668310e-01
1.214633658313061915e+00
7.872937571284094327e-01
1.347243087362020586e-01
1.532841930893167559e+00
1.496023463449959623e+00
1.017964372515868021e+00
-2.475648974252478762e+00
1.642541922857946313e+00
-6.339656542856949573e-01
-1.398282050937187382e+00
8.006105445789940545e-01
-9.725186386679189887e-01
-2.612872397481558195e-01
-2.594684358789473677e+00
8.025778706339727897e-01
-2.867775622240860578e+00
-1.450038061226083697e+00
2.230652879403810518e-01
-2.299886069062115457e+00
-1.048221412381540318e-01
-2.979970673217804844e+00
-1.963279620826311467e+00
6.511065745422794926e-01
-1.445222861517205581e+00
-2.076555082491323034e+00
7.344956567348978060e-01
-1.142856631252102129e-01
7.395552374778220361e-01
2.080884242781393667e-01
-1.937895357973115962e+00
-2.899508883380909730e+00
1.262480141762024388e+00
4.814425694998749172e+00
-2.562615316209120309e+00
-3.341140428549271402e+00
-4.888555016173279366e-01
8.449215042756141880e-02
-2.429586210902896060e+00
1.486669912433785212e+00
3.979011813678541731e+00
3.589549193385296100e+00
-3.779527014337561219e+00
4.251913977635674691e+00
3.510179804719035790e-01
-5.786807183273047217e-01
-9.354099453508610829e-01
-6.928857736603201145e-01
8.559532764296950980e-01
6.570845851335500587e-01
-1.842222891424047049e+00
1.488211700502719559e-01
9.082984940659160067e-01
1.255213935510904877e+00
5.205792847048053007e-01
-1.528196835831254763e-01
4.396951755485903890e-01
-4.487707998575933388e+00
5.681204020607788507e-01
8.236634054685635364e-01
4.487526938924132125e+00
-1.601913885277602256e+00
-1.050722878727024190e+00
-2.860357164625168203e+00
-4.037810961897855933e+00
-8.436329972472522698e-01
-1.206506382248189180e+00
5.758611390118391071e-01
-2.487809547383891262e-01
2.571543572748877793e+00
-5.062188362825326138e-02
6.989627558820310504e-01
3.395421781746736922e-01
3.093106058291613447e+00
-9.539759777644936101e-01
-3.353825201003569845e+00
-1.420558461192753752e+00
2.434570543615615090e+00
-7.540368581473311238e-01
2.338405087608640187e+00
-1.909442768318895256e+00
2.709118180589074054e-01
8.821015548039095044e-01
-1.269577521109252594e+00
-2.554300568995950815e+00
5.281521132990919520e-01
1.274996550729582623e+00
8.662795872618052062e-01
-5.227124218929439792e+00
4.829255901299199238e-01
-2.102330812653100622e+00
-3.147968539261497778e+00
-6.092161688573262346e+00
5.172263710337714482e-01
7.586560072468817584e-02
-1.304288508959495774e+00
-1.666976566082249978e-01
1.482718695463890235e+00
-1.688495692366504652e+00
-1.675115411214471939e+00
-1.568548070648784210e+00
-2.529207552507647616e+00
1.768858802904306415e+00
-4.387996642856036300e-01
-4.566757243499692809e-01
-2.212379281922282059e-01
1.273660976770057074e+00
3.642714107152020819e-01
5.119398254753791733e+00
1.788832826856710856e+00
2.676212780919789314e+00
-3.774250811582811616e-01
-1.713419273832796685e+00
-3.046837971168629977e+00
-1.050571418419505854e-01
7.740157125907388691e-01
7.517137231974533318e-01
4.394850599887016429e+00
-2.497610258824828344e-01
-3.770858109597488905e+00
5.517421137299656220e-01
-7.670094263287653424e-01
-1.002352609434730812e+00
-2.706484335023223942e+00
4.355169019640525718e-02
1.672874593597940773e+00
-1.652135106723620739e+00
-6.576752721369718557e-01
-2.329135997579778294e+00
-6.994710713868940388e+00
6.217224056754998562e-01
-3.661741648697858231e-02
-1.848358154451469115e+00
-2.224799649263564660e+00
-3.395396307105578160e-01
2.052990039646164777e-01
1.410416531511092364e+00
-1.651823186878284666e+00
2.379928684932895167e-01
1.875432693860114242e+00
-1.862563850260817944e+00
-5.745698473561690278e+00
4.835004245527806388e-01
6.112711426166981266e-01
9.042391120244067659e-01
4.622851105378603109e-01
1.027357092320517085e+00
5.516407928498709978e-01
-1.671757507542678711e+00
4.440028582767114429e+00
-1.002403563033962941e+00
1.962532483196509192e+00
-1.268687347482561512e+00
-1.603502571716629133e+00
-8.970028623464930684e-01
2.287316608308335830e+00
-1.843696143279736521e+00
-1.992643392448739226e+00
-4.619094051095601339e-01
-7.467208762202840466e-01
1.197893261772626117e+00
-8.299042524691389033e-01
-1.908948066899055940e+00
9.414943556283750237e-01
-1.898621847926749373e+00
1.232378738077372082e-01
6.121991439754175257e-01
5.918078224007496946e-01
2.675974326322635655e+00
-4.777046142007836949e-01
7.917947896441367428e-01
5.868731096784383094e-01
-4.011599516338855143e-01
3.068191964898598023e+00
5.213842382928743469e+00
-1.441151689274147385e+00
-3.994884447778897840e+00
2.007839144945630316e+00
-1.041365781162933157e-01
1.904429293248497856e+00
-1.150596015023360064e+00
-9.118847799861583558e-01
1.751476871446416173e+00
-8.812720241375560093e-01
5.517053291312022933e-01
-1.489535150859128354e+00
-1.762466939366579277e+00
2.623346692808196101e-01
2.225063605381301102e+00
2.182960008901902782e+00
-1.712314601935168712e+00
-2.430797660987901398e+00
8.040175804126590275e-01
-2.302371486651733079e+00
5.635050214382933964e-01
-1.452395673239228469e+00
2.637440545959182092e-01
2.070757832426912248e+00
-3.240462164163703918e+00
-8.118151257634886875e-01
4.882051004180517850e+00
-3.705863879947484119e-01
2.202880755730947993e+00
1.415357901465739809e+00
1.237736361635202176e-01
-2.415395071133106253e+00
1.194328554691956645e+00
2.729891880994183673e+00
-1.287811696974773046e+00
-2.400076393872825342e-01
-2.332834778034217127e+00
2.898042450408252702e+00
2.027942144967052940e+00
-2.291458150239921387e+00
-4.151213879890407910e+00
2.034458305192161198e+00
3.406952388774802998e+00
1.049356927962359576e+00
-1.671318052901774376e+00
-8.149321647775786825e-01
-2.112374567142543569e+00
3.222261934680861750e-01
-9.849368180132862527e-01
-3.400440982752969354e+00
7.673903264262926793e-01
8.259543839896144046e-01
4.230726395805000095e-01
-3.463672296489639812e+00
-2.368770445374099864e+00
-3.715620072834650012e-01
-1.402810273798602125e+00
2.213237799510654025e+00
-4.544914576478076285e-02
-2.088019007607847755e+00
-1.681665483739467781e+00
-7.234651333199062506e-01
2.185410157740601989e+00
1.865174884656872201e-01
2.261350459787025535e+00
-6.118395337566577830e-01
9.568359874931806619e-01
8.856247659110709769e-01
1.486849100040297245e-01
-6.186285831863891360e-02
-2.909497436482139099e-01
-2.909036059745260694e+00
9.721864089426753841e-01
-3.295227085691716518e+00
-1.450606693128418723e+00
1.628572904334305793e+00
7.052847304494637148e-01
3.168542576733509808e+00
3.708891620951498602e+00
