4.006435804803754053e-02
5.200939756971452166e-01
6.762655462277133989e-01
3.971280493408553269e-01
4.288920037806387420e-01
6.394291250938943794e-01
3.297737006244627622e-02
-5.380777829669651791e-01
2.906949706939334632e-01
3.299667250170494892e-01
-3.856626872688424523e-01
-1.144957358438314365e-02
-8.299260858297914378e-01
-7.723645814694606315e-01
-4.276686812046530672e-01
1.166450537503411766e-01
8.729462516460522181e-01
6.855048748423875349e-01
5.869491183579793603e-01
4.017869701425631490e-01
6.337128312681330478e-01
7.026622156633794969e-01
-2.136554071975744762e-01
-2.218336377813405758e-01
4.690228722563170027e-01
9.413883070542770071e-01
6.556744374602090364e-01
6.913607532540702039e-01
-1.771426457812035338e-01
-3.329804599698336087e-01
5.462626728862947090e-01
-8.153023669268275597e-01
-6.693491878235851011e-01
8.803444870615109163e-01
-1.561356138093696888e-01
8.346237213333418392e-01
8.767293135678899674e-02
1.871281127007942136e-01
7.472399592173495364e-03
2.673485021594115274e-01
1.055381012012899244e-01
2.985333293394973886e-01
5.661641874369118810e-01
-1.162511895008919716e-01
-8.600301141539681282e-01
4.093211356969208570e-01
-4.634698524304408096e-01
5.848038279201417389e-01
-6.921268962654969492e-02
1.074957367012108200e-01
2.136818918036649251e-01
7.804349049676566619e-01
-6.571510305883345726e-01
5.148592727209466702e-02
-7.969562030392625118e-01
-8.797268123832635567e-02
-3.992626725419690104e-02
-3.906569488856328487e-01
-5.624967652430850062e-01
-6.017929185544497184e-01
6.720579251553997491e-01
-7.834968612061261606e-01
8.630087382632045667e-02
-8.451685370918788909e-01
3.945693992327725663e-01
9.579121540441806193e-01
8.269474336141984239e-01
-3.126404742495756395e-01
-8.678076774985667985e-01
7.819400550962041230e-01
4.714553551973288403e-01
6.043825195558385488e-01
4.021047136055015958e-01
-4.462076593482846576e-01
8.060429495673671063e-01
-9.880247901162915181e-01
1.129284131815895265e-01
-2.462801947877291120e-01
6.714429098304097732e-01
8.979679896540955220e-01
-2.913357651061001530e-01
-1.322318078926034701e-01
3.121255721178555209e-01
9.403248028333790476e-01
-6.859291872931023715e-01
-8.099646207722062119e-01
6.063253103878782913e-01
8.588513530427333009e-03
9.679950902411855740e-01
-5.703527937390615588e-01
5.512852360606828039e-01
-3.756769406481741402e-01
8.243390216321857533e-01
-3.216562399836631059e-02
-8.653523264193994091e-01
-8.220159487705032131e-01
-9.212846574218165330e-01
-8.954401493574670745e-01
5.259720705897821258e-01
-5.486529039621577120e-01
8.070181981600990095e-01
-4.107723446839341985e-01
-4.042563978247544210e-01
-2.157845950290351311e-01
-2.197383095330460723e-01
-3.624867024462459231e-01
3.433513948358790646e-01
5.987403482892617035e-01
7.145162697451099554e-01
3.898660493404730865e-01
4.305816758674592126e-01
7.330459292705002738e-01
6.718509451832352930e-01
3.752034071004728411e-02
1.004980383528981669e-01
8.038491342629359160e-01
7.363877382859529419e-02
-6.997946472066118861e-01
4.660817233805190085e-01
-4.957257285237173239e-01
8.492919777309484441e-01
2.040386584199669340e-01
-5.654278033265003334e-01
6.389407855640658607e-01
-3.108367720625297981e-01
-4.627906486684196796e-01
-9.572143039252243302e-01
-8.099669195477732231e-02
1.580064969506898009e-01
-6.940364917910539777e-01
-2.127317989106709550e-01
-8.097513685943518169e-01
-4.661941217339866661e-01
7.120636301488958431e-02
6.449334692446830886e-01
-1.019290576720743857e-01
-3.238740001732187679e-02
-3.131133229981302168e-01
1.242720306250257867e-01
8.311476346580268793e-01
2.551928064829369625e-01
-3.821241438082834119e-01
-2.370289965278122857e-01
-5.085138256279562174e-01
-7.968972025090366174e-01
-9.518757716235521915e-01
-8.874918608995208125e-02
4.460015418427900613e-01
7.561522372094919842e-01
-2.119146664204811792e-01
-9.262239573527937253e-01
-8.954401493574670745e-01
-7.569672259753572607e-01
-5.544345998319737401e-01
3.959506303431454821e-01
8.869237932652112022e-01
-8.999694444926547021e-01
8.560281962461391281e-01
-5.943208647463114058e-01
9.541306088285346210e-01
-6.552427423735329715e-01
-1.764565164302185352e-01
3.733692906550123425e-02
9.714216017150900662e-02
-6.182906466271294033e-01
4.973272664312120561e-01
-2.415374104111052134e-01
-4.495343950732442195e-01
-6.644491844863749108e-01
-2.631268916364655208e-01
2.958976306584557570e-01
5.528288524725446518e-01
-3.514363935563473706e-01
-4.682800045043258308e-01
4.036403403294568371e-01
-3.349953029581826947e-01
-6.727169045425518412e-02
1.738043408944922597e-01
-3.265032647219707762e-01
8.767904883598804933e-01
-4.684052300409276004e-01
7.084856530184389101e-01
7.722569025029561995e-01
5.696472576929771936e-01
9.700774816310531179e-02
9.092143037084534640e-01
4.463694303478755732e-01
8.043407567216944720e-01
-7.758131134659720374e-01
-5.243563561833219921e-01
9.424272307300851637e-01
-5.166744464879831078e-01
2.752774034107343670e-01
5.802856499269049007e-01
5.125664206574473969e-01
-1.719701484866664742e-02
-9.846849333693543649e-01
-3.671120688433489043e-01
-3.915651990527477810e-01
-8.351698894401384798e-01
-9.218004500583902860e-01
-5.014070153327609969e-01
5.696472576929771936e-01
4.511714997946507655e-01
-8.653523264193994091e-01
4.726230969959843708e-01
6.156640449293870887e-02
2.986451808809942321e-02
4.307303587453878979e-01
2.206573288499056318e-01
3.090865995387457321e-01
6.661744478326712127e-01
-4.954895353945356629e-01
6.144249842234736914e-01
5.988763672999113385e-01
-9.218004500583902860e-01
-4.122305935191108439e-01
2.561701634990853904e-01
-6.905654003176553424e-01
7.020211216911409480e-02
3.803490800585735965e-01
9.883987922672619053e-01
-5.942904756433102786e-01
8.923953002335274221e-01
-7.817181640973527301e-01
-3.009498842911328964e-02
-2.682508392895810445e-02
2.870985171245028500e-01
4.641917662998287231e-01
2.874569464433340826e-01
4.292859536356128380e-01
2.099658045239549686e-02
9.617992835574451504e-02
-1.986681732018924507e-01
6.673958409834552796e-01
4.848348297561884124e-01
-7.769554472904278697e-01
9.463306835580875820e-02
-2.328194403210257502e-01
3.394825950833082473e-01
-8.873838896955201783e-01
-5.616400494255959774e-01
1.712251939551763247e-01
-5.139884375437189235e-01
-9.498400735062302314e-01
5.305265164625809771e-01
4.708422011758455206e-01
-2.011281669033944119e-01
6.386191185031859785e-01
8.025040113532817543e-01
7.939589409684955079e-02
5.231529564661334675e-01
-2.016122639239688041e-01
3.838198210211918315e-02
-2.035206288934110486e-01
-1.840415491112574742e-01
-8.447563028469682322e-01
6.351836749027630624e-01
-1.072858112114347673e-01
-2.658062872515687403e-02
-8.265686305841630777e-01
-2.266555947040107544e-01
3.644501865476406088e-01
7.246969493931461059e-01
-7.919189031492002151e-01
