2.056630872931310972e+00
2.937764141080960734e-01
-3.455613722354920481e-01
-7.506520429410922235e-01
-2.025827948616472529e+00
3.086050061680571943e-01
1.138138967472272167e+00
1.020833144335522524e+00
4.728311363317255989e+00
-8.127224930725954977e+00
-3.231207094389064172e-01
1.707801344289536782e-01
7.054127093915232849e-02
-1.448011173661167161e+00
1.343867302568562572e+00
2.734469737898010955e+00
2.565906275321433672e+00
1.228878923950462276e+00
3.351845573423319902e-01
-7.637862125403463986e-01
4.155192169853362927e+00
1.033154399512941524e+00
-5.480229887062330052e-01
2.241111102088843232e+00
-2.319625326924227515e+00
1.726679095313361278e+00
-2.541316872503670332e+00
2.716798530396364875e+00
3.656795053935404827e+00
1.394634602419064784e+00
1.709637417984821717e+00
-1.895387091849125571e-01
2.052411334846742097e+00
-5.423022470160030473e+00
-9.442111683215315132e-02
5.431660010023995344e-01
6.326999454244144339e-01
3.375697798735872723e-01
-3.294354677215222349e+00
-3.002127882545579052e+00
1.680573503389070966e+00
-2.181669984748577651e+00
-1.671750407394102300e+00
-1.127300401697511889e+00
-1.633211824022350100e+00
-4.317959726030660139e-01
1.827652949225049284e+00
1.667102620689323800e+00
-4.725962445872911033e-02
-1.500336206112129034e+00
1.296252841126917632e+00
-2.973845905304551285e-01
3.327558276950886018e-01
-2.515909154755866517e+00
3.257857708079203718e-01
-1.287855077848962804e+00
1.752593335777594463e+00
-1.433285463038905361e+00
3.196669043075970329e-01
3.450050129784545394e-01
2.678001506234585882e+00
3.229354233287549558e+00
-1.883085040553376999e+00
3.382948702032364530e+00
-1.726886184967048710e+00
-1.750139360622650520e+00
2.793679034081526957e+00
-1.068716405753837861e+00
-9.870914963009145282e-01
3.309405247552626772e+00
2.131444134499571597e-01
-2.167604534000422412e-01
2.542849659093309178e+00
4.686383750443782747e-01
-3.533207768437702789e+00
4.082644652820517361e-01
-3.306751783006586010e+00
-7.382702305155752764e-02
4.398509431457489072e+00
-2.790842187109385808e-01
-1.595845567954274236e+00
5.385273469225486664e-01
1.097689806325216511e+00
-1.688094533391577112e+00
1.185082999836915896e+00
-3.608982196787860364e+00
3.055203048302267632e+00
-7.503936979912463334e-01
1.667509410106237322e+00
-3.731924326725455821e+00
3.068313577759886890e-01
3.175281615520395562e+00
-1.395597928684582545e+00
9.996472673033212075e-01
2.066143496022801784e+00
2.211686244754170971e+00
9.816056153641335991e-01
1.666257558406343708e+00
-1.613274028095485590e+00
-3.990187111751975380e+00
1.101596198445847552e+00
-7.159995373362804116e-02
1.224547209124617453e+00
1.265975320987265729e+00
-4.196224592016320365e+00
8.123795658311860901e-01
2.966907483871850104e-03
-4.294679625933895961e-01
-9.205945350910773595e-01
3.129783036616423653e-02
-1.544083580871495887e-01
8.257963319850709638e-01
-1.033315448326039832e+00
7.394266797502619948e-01
-4.455415822071392640e+00
5.488004746942005241e+00
2.312517586743670694e+00
3.897365951476206014e-01
9.907077651682516528e-02
-3.413454135687244761e+00
-2.841776065442497057e+00
4.689903087502306223e-01
-4.988976906276168855e+00
1.879558911425690981e+00
3.070312765236232977e+00
6.533547353539312930e-01
7.577480452320803916e-01
6.045941125482978684e-01
3.792124492021874183e+00
1.540390637414281727e+00
7.143366840949030294e-01
-7.431249401890197559e-01
-3.415938414764864817e+00
2.709180417890144632e+00
-6.296543388366586669e-01
2.627867392678897573e+00
-1.756102421339201802e-01
2.293715989803312816e+00
-1.051863792856229773e+00
1.230486477504851406e+00
3.421547258758769194e-01
-1.555573506917811821e+00
2.776346900103550563e+00
-7.511903633891952037e-01
7.802737576023884847e-01
1.214855880125188081e+00
7.823281198864552310e-01
2.189595297211170077e+00
-4.419457468607085326e-01
-1.818757729221383013e-01
-5.098798104736403936e-01
-1.426551966488792456e+00
-9.049162925550811032e-01
-6.849182628896210989e-01
1.519102453443618383e+00
5.340152251547671813e-01
-1.985224356210179009e+00
2.050357508751245117e+00
-2.842287036349290030e+00
-6.634961061199899923e-01
-6.259838410448444357e+00
-3.136506712278811504e-01
-1.499836857177940352e+00
4.348459452173438322e+00
-4.100817112543503562e+00
1.275317393055364068e+00
-7.918447279453707521e-01
2.762586961517426776e+00
-3.224737413025914101e+00
1.858218793717173689e+00
2.712678048600790870e+00
3.370062507115273442e-01
1.781065905432424490e+00
1.504181683949822546e+00
6.168284002797249643e-01
1.794756597933652609e+00
2.260176967496747125e+00
-1.327841462646645265e+00
-1.648629842066044571e+00
2.769897992190241798e+00
5.724755255563790390e-01
1.009293712544439447e+00
-4.545439443566170468e+00
-2.701155428262733249e+00
-1.063238331347553078e+00
-1.010594792749757165e+00
5.376021403534618770e-01
-1.269491891404774808e+00
-7.896332663009745234e-01
-3.539544494014521980e+00
4.861150602800105247e+00
1.933747708859634429e-02
-1.136670957464683163e+00
1.367469066859956728e+00
1.775291590912313477e+00
9.059078336836927647e-01
-3.121334381162085947e+00
6.886090165815862418e-01
-2.221939574666506267e+00
-2.909776752567158287e+00
1.979199250153676815e+00
1.334608770698612501e+00
-2.468729283379031525e+00
8.173022270323100358e-01
-2.173606657521161889e+00
-7.383350772532244477e-01
6.906253847336397689e-01
-1.074750349336828226e+00
3.312277494425847735e+00
-7.148023805511929396e-01
-3.177540026863202582e-01
1.657269797854634685e+00
-2.989218361754362618e+00
1.629265350637781662e+00
-5.893453825997836404e-01
-1.886991247093732227e-01
-5.932678158520378053e-01
1.141683511349589786e+00
2.359203708504823638e+00
-2.250802628758179491e-01
-1.902068768737843918e+00
-4.018298822622931032e-01
1.421190228712642778e+00
1.412634770589756394e+00
2.517581663128031444e+00
5.121585777483889323e+00
-1.241298871185654074e+00
1.397425008007748604e+00
-2.320285668996000528e+00
-5.720495175427107171e+00
-2.737658252850345253e+00
3.890530506041255165e+00
-1.210927144381989340e+00
4.478835662017649488e-01
-2.750904061556214142e-01
1.101232810014048935e+00
-1.930145619458689010e+00
-2.622511753848089100e+00
5.323331588325411978e+00
3.290815347516748979e-01
-2.664650002153527542e+00
4.067444476781392204e+00
2.981681169631776207e+00
4.580156642035136727e+00
1.494867342414230471e+00
2.125624535984822483e+00
-1.602858937365103875e+00
5.832075669021022923e-01
2.261837592369021710e+00
1.661808714338554260e+00
-1.105545334541784275e+00
2.082927484560940457e+00
9.261698602783847711e-01
-8.519675036875402618e-01
5.471079644607412362e+00
2.190191760495949325e+00
9.875529358055923357e-01
-2.537896975390363075e+00
9.020831752968361261e-02
-1.068790047261836129e-01
-3.578353580573532811e-01
-4.067366567599698390e-01
-3.520243629736234059e+00
3.341402019391885858e-01
2.056200292069830127e+00
