-7.117814298387108440e-01
-6.249934953284748129e-01
2.772846672998205975e-01
-6.625838388924885081e-01
-8.303917827102158533e-02
7.277776340665269572e-01
-3.097068753648035688e-01
4.415621666693900771e-01
6.817786442590312301e-01
-2.575585133352089606e-01
6.332240590911930589e-02
8.330832791441009633e-01
4.874225151238142928e-02
6.781900889345673367e-01
-9.162677515530417427e-01
1.495420240821261348e-01
-9.961096868303709329e-03
-3.316190989104204068e-01
8.469860141362217654e-02
1.070338395599745862e-01
-9.926414695545646705e-01
1.296328718823704929e-01
-9.218249432438674340e-01
8.209933159125102353e-01
-4.015358834308075942e-01
-8.811134649703458166e-01
-4.766856635104508300e-01
6.046267879961231273e-01
-9.552848770729245320e-01
8.802430444875788407e-01
9.819217059639284706e-01
-5.245267717178609956e-01
3.162240793484012435e-01
1.958777267391154098e-02
5.472542067029382284e-01
-9.884040205496504861e-01
2.091795117835548723e-01
8.100007049868769293e-01
7.672973189496228308e-01
-6.776884349579961331e-01
-6.824640453026822318e-01
9.505385376919788243e-01
2.834030979069765976e-01
-5.006557440971002304e-01
-1.663438164771562366e-01
-9.679846946842316502e-01
9.191474750149937201e-01
7.824263238136484055e-01
-9.484267376496200441e-01
9.998824471430205474e-01
-1.139200265837150283e-01
-2.623377761537259989e-01
1.007534188091863125e-01
-7.289241380811553039e-01
-7.975391654496446492e-01
9.736274292126383401e-01
-8.146009627435244482e-01
6.978548974926068738e-02
-7.934787561367757647e-01
1.438626102143125696e-01
7.593577778095033093e-01
2.528309318514945225e-01
-9.806740166478855603e-01
-4.030765509674925084e-01
4.148372809080922430e-01
-2.491406865698333473e-01
-4.248540137221883395e-01
-4.846484482931967541e-01
4.909279392583514312e-01
-6.166050833191656366e-01
9.690430395337366054e-01
-6.727315011228520714e-01
1.042971467874573843e-01
-9.305312291652658718e-01
9.527717975882636914e-01
5.103326582256915156e-01
3.017086164326066022e-01
-7.183068098075484631e-01
5.015830477481781902e-01
7.725224915763908573e-01
1.940619442165565367e-01
-3.877168722604780182e-01
2.252222119144020596e-01
2.320826651797582851e-01
-7.154237412776154326e-01
6.253827079689018298e-01
5.392997903016067962e-01
-2.121942371278264794e-01
5.395924152416069486e-01
2.127904298625149515e-01
-1.425022799306017163e-01
2.133713263964442941e-01
3.794538977772392574e-01
8.956308336542209148e-01
-9.249262756869933710e-01
5.952407402225405875e-01
-4.516546912950099024e-01
2.255642610109434010e-01
-7.091193356286249472e-01
-4.027768243545781779e-02
-5.715185882320266142e-01
-1.173392695297599264e-01
-7.409591817422234161e-01
-9.447367464082960797e-01
5.522661901420129471e-01
-4.209792410010559927e-01
6.574933888304421714e-01
-8.091436459306053930e-01
3.070898461781210731e-01
4.430551756103018324e-01
5.905033726015895823e-01
3.071177854372899585e-01
2.901849139486183393e-01
-2.651402510613367625e-01
1.299946727632390608e-01
9.969066481588109152e-01
-2.332111688211033762e-01
7.384370443134187223e-01
5.991918815539514220e-01
8.476492064858249798e-01
-2.517600676141698024e-01
-6.625931297501230777e-01
-3.682943254090220719e-01
8.522750154152369806e-01
5.022940112428551096e-01
7.067715997509838033e-01
-4.418765883042830023e-01
-2.116445238080177926e-01
-8.058446034689088489e-01
-5.035665535498692336e-01
3.309134022722757251e-01
3.024904586336929491e-02
1.063494828731885722e-01
3.216954621455476726e-01
-8.708822177278139343e-01
-6.192058645034228537e-01
-5.205218000479401308e-01
5.518672346348594271e-01
9.443782120157666604e-01
6.441187790979574501e-03
2.759153896238322190e-01
-2.868367602305550434e-01
8.981974437325936922e-01
-5.423401179014388784e-01
-2.878605147159807309e-01
-8.280869589076453874e-01
2.782057664827464194e-01
-7.817268766142559944e-01
-3.273831262387691954e-01
-5.553058449122263429e-01
-6.096120375339422193e-01
2.617351485861942884e-01
2.446475531847198681e-01
-4.209294730570749543e-01
7.328115951311529042e-01
9.613991122979594905e-01
2.697885198284479813e-01
-4.852564543469450875e-02
-6.125077673775929377e-01
6.977192173589081836e-01
-9.285892831173023776e-01
9.093348382951460529e-01
5.097465956790747654e-02
1.899890068391236753e-01
2.904853579421384779e-01
3.875094344864493667e-01
8.262323597493836935e-02
6.574586216689826124e-01
7.514272592130797346e-01
-7.946550316820548687e-01
-1.377552502830454717e-01
-1.995460281837131422e-01
1.948314848487899820e-01
7.392130473544211711e-01
6.572577748766939010e-01
7.169527026465039032e-01
3.788707062965523953e-01
-3.620766180840977455e-01
6.180236228396671638e-01
-2.262226376919755921e-01
2.067512611540414103e-01
-2.927021580746793639e-01
6.554025932232117047e-01
2.143098426065315198e-01
-2.205608078604666122e-01
3.760404476387950723e-01
-1.493783805516541996e-01
7.685675436139878247e-01
2.008112008482720867e-01
-5.444399031048456905e-01
4.235570079769106488e-01
8.402650112819181061e-01
-6.704143126226969063e-01
2.297416369983835693e-01
4.123382080915609649e-01
-7.359170992784855869e-01
-6.071640887824141242e-01
4.015494340262284467e-01
6.330367011054094384e-02
9.661983746855142829e-01
-8.613830842390839404e-01
-8.807899419455189616e-02
7.288192592994562347e-01
-1.064603807318298401e-02
-8.701193837362275474e-01
-3.545695230234886530e-01
-3.163148477626445132e-01
-3.575188843382495207e-01
4.437065668667026230e-01
-8.845970641142155699e-01
-8.900804633861090220e-01
-6.090987126316185218e-01
8.593490126032945486e-01
5.643823939392100808e-01
-1.440238248306759949e-01
8.851198411472191996e-01
-7.593333201074292660e-02
-1.903093495220187226e-01
-2.997319554067656711e-02
-6.148958851893382427e-01
-6.647279043091742778e-01
-9.978684734151705982e-01
6.844296380786649703e-01
-9.107884450102643470e-02
-2.109329103896939728e-03
-1.660304255623084035e-01
-1.542079805630880429e-02
3.686654508623221638e-02
-8.259482045050288157e-01
-9.294178802842134601e-02
5.084242231869384732e-01
-6.123709786645596953e-01
6.090237173864021525e-01
-5.783792338820439305e-01
-5.651583363745129596e-01
8.477487717884566454e-01
-9.470843516726559219e-01
7.380311575798741419e-01
6.206126030023997320e-01
1.613539549245133209e-01
-4.910229957038356741e-01
-4.705738162026085192e-01
7.599335707871974765e-01
1.220384015949753653e-01
4.409476987403360138e-01
2.043320695635764128e-01
6.515492874374673171e-01
4.226612486110694622e-01
-2.603366674494966837e-02
7.955331613504001975e-01
-4.479750799515287429e-01
9.052540905657928683e-01
-9.493358920909231724e-01
7.735916115648078240e-01
-3.899974955191289894e-01
-6.195074255800063767e-01
-9.874075945824540845e-01
-4.246621184763583745e-01
8.684956946588908711e-01
-3.195331428763898973e-01
-8.169234566346974535e-01
8.179591632625116127e-01
7.904167506466828197e-01
7.681167660732826086e-01
-8.195291445053800583e-01
