8.455330001535439344e-01
5.201006544995574465e-01
-7.978840082636061704e-01
1.679992649473998068e-01
-9.016141633359251450e-01
9.257015238465322593e-01
-1.819210986673346575e+00
5.203100776347957535e-02
-6.075425890468747481e-01
1.122471432758024967e+00
-2.986749942990423179e-01
-9.914442121220663484e-01
-5.404062931974106254e-01
1.962088450233089088e+00
6.299682247469740037e-01
6.589115586308089689e-01
1.375607337481275394e+00
-2.357888525210662500e+00
1.345606435324137706e+00
1.750109123276258671e+00
-1.354960282415438311e+00
-1.638792652670739702e-02
-1.301300995687322493e+00
-1.484741605284965793e+00
-6.009842532413200988e-01
-6.209088654501801474e-02
-1.233108431978554353e+00
3.100165326590131443e+00
-6.657629930969470866e-01
1.035536136959603670e+00
2.510519525133465546e+00
-2.828762436221856635e+00
5.358110839688745575e-01
-9.810831394566157382e-01
9.839669109931781232e-01
-1.176701390959420168e+00
2.125275911622725111e+00
3.731194369789770926e-01
-9.224434820339105778e-01
2.508359518822654177e+00
-2.947885560372144997e+00
-5.263695825541159223e-01
-9.729341469967960343e-01
-5.038140481621948830e-01
2.702858144001405449e-01
-1.606034031784488780e+00
-5.819228578454136436e-01
-1.392474664703749587e+00
-8.742508657609510125e-01
-1.280384284635402103e+00
1.534345656102583888e+00
-5.215383887253797202e-01
-1.080451923067263564e+00
-1.490343394506072228e+00
-1.807423178219178528e+00
-1.377838610434704902e+00
3.733362391597037089e-01
4.322621178815493348e-01
-1.834353605935813425e+00
1.208391964722944412e+00
7.901705810373573780e-01
-6.387389094695447023e-01
4.410953790852178980e-02
3.058173232771883021e-01
3.721723059544288503e-01
-2.346190634583632306e+00
4.808781377769266729e-01
1.073482292926069226e+00
1.612386495702184508e+00
-5.976933062294620402e-02
-3.797509489371677649e-01
-6.311644277638825962e-01
1.276169835451296031e+00
3.388759280113942118e+00
1.145919304924710946e+00
1.660041659940689973e+00
-1.859568969305728237e+00
-1.236089114092493890e+00
-8.865706141469198442e-01
3.637951731624943896e+00
5.420139333680964455e-01
-1.028060911222751894e+00
1.991055279341070072e+00
-1.042739565235460075e+00
-6.986748746597126747e-01
1.169865101888331038e+00
1.909254104154946008e+00
-1.472382696084764797e+00
1.413673951136976414e-01
-1.776200951099582648e+00
5.043555194874396186e-01
-5.153711913578358228e-01
-1.695443525630928150e+00
5.890668428962345660e-01
7.941109494107777556e-01
-1.611247918481697461e+00
9.783084349355180009e-01
5.515849990218686383e-01
-3.046359794861261072e+00
-6.308472078209528267e-01
-4.268795524129225250e-01
6.757004272914228782e-01
-1.951796173594622097e-01
-4.977561295779426853e-01
-2.241864357614803682e-01
1.446241538689615913e+00
6.482785665200343495e-01
6.864820770002895145e-01
7.951247427477168284e-01
3.249360339007511644e+00
-2.246693589968541627e+00
-7.757033440545467728e-01
-4.037198506892822891e+00
4.635549444126319529e-01
-6.414918580220916322e-01
6.324314811562561367e-01
-1.547734658638756589e+00
1.133533917219830212e+00
6.225848939792490988e-01
2.932536174070231816e+00
-6.421809269792530528e-02
-1.917154564052253596e-01
-1.792578159264580084e-01
3.881691535551412553e-01
-8.356527453533584282e-01
2.569260009355696095e-01
6.443801452075108571e-01
-7.379983589006615663e-01
-7.232080083106118273e-01
-8.375511105040495119e-01
-1.406263052955009751e+00
2.845999157263284784e-02
3.340140030266246285e+00
-2.330397632947256437e-01
9.474761852646187421e-01
4.614554177586910333e-02
3.435877705530652193e-01
-2.804037678985299209e+00
9.849236510457728411e-01
-1.267635083973227550e-01
-1.225688548059651328e-01
1.373491221362161729e+00
-8.026189213983248028e-01
6.472846166148886748e-01
6.760591107828739510e-01
6.559740443412995781e-01
-1.362148998459508653e-01
-3.482351009073851866e-01
-7.729733625501897798e-01
2.103924515480876112e-01
-2.314856002276972635e+00
1.374902539638360732e+00
-1.403382557173527001e-01
-2.582340709951348678e+00
1.415718556023789265e+00
-5.681653391715590917e-01
1.623186568405635910e+00
-1.895001209644264550e+00
-7.004713323905908950e-02
9.395876174560192640e-01
7.112151893134099900e-01
-7.385768814853381770e-01
4.767068177432774445e-01
5.606016560907263191e-01
7.834411235010350083e-01
-5.351873302884825323e-01
-3.226264324681870077e-01
2.414259034129524473e-01
-1.340416865229831833e+00
2.404745345976269655e-01
5.553139556642019414e-01
-4.404361727763218826e-02
1.630787911705511295e+00
-2.993017564931944596e-01
-1.870323749485873766e+00
2.437248578040583369e-01
-3.139342410516032356e+00
-3.963494833310798882e-02
1.540922370927462204e-01
-2.006808502921761939e-01
9.369136145163079465e-01
-9.058009191081115574e-01
-2.716372738787338204e-01
4.818518249533254583e-02
-4.592393573538031681e-01
6.066246308946350307e-01
-3.119431413006478415e+00
-1.749237844884121262e+00
-2.138490495840980721e+00
9.843910701723992407e-01
-2.760388273125459202e-01
1.082135498754335234e+00
-2.749314860935403448e-01
-8.063684752630059238e-01
3.516882041464372222e+00
-4.689494514225018840e-01
2.416338552802488326e-01
-1.712789271106013755e+00
-3.816840342614015169e-01
1.538415258338359237e+00
4.033175517488911677e-01
-1.019306046151340350e-01
-7.382830463542386923e-01
-2.399088387498677477e+00
-1.115718197224620845e+00
2.958879268026559650e-02
-1.017128101596394885e+00
-1.608336215738617181e+00
5.906781746315066250e-01
-1.884050763841616849e+00
1.234343784236909158e+00
-4.259791837093751532e-02
4.913330577228270934e-01
-5.011007897330749250e-04
-3.992463065267348732e-02
1.902909815477799582e-01
-1.176324696333883590e+00
5.609434038839968828e-01
-4.669845428567012124e-01
-6.960381807250838326e-01
-1.919428932591081161e+00
1.460719778549504078e-01
5.724301280498562683e-01
-2.298167527566228774e+00
-4.237613310498832275e-01
-1.867061286814390542e+00
-9.054475784154869533e-01
-3.460297607210052750e-01
-1.514323358982223144e+00
4.987288716755320372e-01
-1.578127875495178412e+00
1.259196859443919791e+00
1.454991140105463820e+00
7.761696429812527942e-01
5.672978316850024738e-01
-1.893730766424327028e+00
-1.290994328064366314e+00
4.800088704054663591e-01
2.129138763726729167e+00
4.677568788529515853e-01
-1.286766021519783365e+00
-3.517106237045364292e-01
2.189576440655138345e+00
9.531711292852695916e-02
-6.513079592674388962e-01
-3.579294296969229627e+00
-1.883113243685997640e-01
-3.857982436414857386e-01
2.314902171475700321e+00
-2.684900131196019113e-01
1.126183351418046819e+00
-3.952612610885319899e-01
2.159720602491970176e-01
-8.694036945683334405e-01
-1.088326025693271415e-01
-8.489839880563296859e-01
6.831501294405926128e-01
8.512525691281727092e-01
1.331114221961304245e-01
1.490535019507969627e+00
1.654983708731272429e-02
6.618763592051113420e-01
1.621592792169228581e-01
2.322758904244821565e+00
-1.275147594365528381e+00
