-2.609132481803988490e-01
-7.191464844894208674e-01
-1.022329485173938624e+00
5.595714440478147811e-01
-2.334691269613864417e-01
-1.964901520572156501e-01
-2.176362415576031384e-01
3.731852823135350938e-02
-1.789006849071969940e+00
-1.864938301013023825e+00
-5.383782612802177070e-01
-4.995544929921269528e-03
9.478585408115502986e-01
8.251687858414700205e-01
-1.378841151247546692e+00
-2.850178067077070665e+00
-1.806633578029051446e+00
7.031290887870633721e-01
-2.275278831496404308e+00
6.206811703709558259e-01
2.367946099815747107e+00
-1.506334313748343146e+00
-4.516748858230257291e-01
-7.546306912258515798e-01
6.165925972507741992e-01
-4.526178748087817283e+00
4.017909630424322254e-01
-2.250519115224256517e+00
2.375221554643988098e-01
-1.917565129136347135e-01
6.924758555754997325e-01
5.817928485657773985e-01
1.605200572549323468e-01
3.749506877957252904e+00
-7.912272250801420936e-01
-5.021076468194629605e-01
4.863566241340256946e-01
7.294634706865643636e-01
-6.325575655947452969e-01
-4.833649605305885277e-01
-2.449342495490765881e+00
-1.011807473823436387e+00
-1.180375309930613570e+00
7.292731762461547307e-01
2.842158009573727107e+00
-8.713357872920657332e-02
7.073460005802089112e-01
-1.192908107386003280e+00
1.179119279549167842e+00
3.371327868954676621e-01
7.062951153094667589e-01
-4.785789441097753616e-01
1.294527725027795562e+00
-1.573441597214182419e+00
3.211720432017295401e-01
-1.249205684684048911e+00
-1.307080091121991972e+00
-2.289253235260788166e+00
1.455412757631293186e+00
-1.021120070980315653e+00
2.410722986475904439e-01
-2.041148225915621062e-01
2.390593711283278022e+00
-1.849139963505532114e+00
-1.567484956592780643e-01
-1.942205532464231110e+00
7.476814573459538149e-01
-1.459355635018220188e+00
-2.593903801314997981e+00
9.738630364930696004e-01
8.204528918697581163e-01
3.150259925830241614e-01
3.110902079113532892e+00
5.574997478601123602e-01
1.012112010601460943e+00
2.577531491486578119e+00
-4.761058640581057877e-01
2.290424476474323789e+00
1.878588564941482963e-01
4.782204887383127989e-01
2.008865785633246581e+00
-1.861650329375721169e+00
7.561990702912819717e-01
-2.924156069423806237e+00
-1.475416256959161121e+00
-1.456315771979638019e+00
-2.336802623729651085e+00
4.920208281907474390e-01
-3.974997507534056007e-02
2.517821356371396924e+00
-4.571276984876218030e-01
9.650234383088542867e-01
7.168572412008457073e-01
-6.054913281321803176e-01
-2.639086218933532901e-01
-4.467410352370047022e-01
-7.692844910648750645e-01
-7.174351304770838489e-01
-6.505116413427882716e-01
9.771477864754880560e-01
3.923972109090448690e+00
1.203520733230580175e+00
1.622247221858581501e+00
2.133001386566327207e-01
3.258969440278375984e+00
8.814191574832369591e-02
4.117242829115658864e+00
-2.455947256238824927e+00
-6.980266200230702545e-01
1.280479568863787776e+00
1.680328504566408476e+00
2.011688983593529656e+00
-1.684110085219101549e+00
6.336290435689072575e-01
1.667617795304451311e+00
-2.145179299668428241e-01
-5.416240361465096687e-01
-1.771139396867183580e+00
1.872558549744833822e-01
8.010082037883647921e-02
-1.916507622534093347e+00
-7.250194066850504937e-01
-8.028726806827168883e-01
-8.329974039260472640e-01
-8.212180005139479988e-01
1.329755494713368957e+00
2.395635091497436697e-01
1.458004802675332723e+00
2.025835554971251007e+00
-1.984223836746993097e+00
1.638431019624776663e+00
2.646630134219742914e-01
-3.614287236630589484e-01
-2.078911634966446043e-01
-2.323896135082510472e-01
5.766925182178439524e-01
5.059723410437388935e-01
8.740146486524980052e-01
3.822916833577547635e-01
-2.412006680485545562e-01
-2.547808813320617816e-03
-4.556016753396385788e-01
7.025342579192206394e-02
-1.928618161122401364e+00
-7.533303142640157546e-01
-1.082698543188092888e+00
4.899487276292817661e-01
-2.473041373681739596e+00
1.742015853711606832e+00
1.873367974413312265e+00
-3.167855683791622190e-01
-8.583325718800762782e-01
1.771324518293654338e-01
4.126752724418184526e-01
1.357284677069718892e+00
9.054524486469852640e-01
5.107041861467254140e-01
7.416478934005419354e-01
-1.834842533629813310e+00
-1.161668262762325377e-01
-9.761354579230842043e-01
2.749195080564468263e-01
8.090302378854807852e-01
-7.315364724332071855e-01
5.551195900608785205e-01
-8.223591299941706012e-01
6.557367174972074109e-01
-1.825092865010651044e+00
2.135398680025343277e-01
-9.299082443666777387e-01
1.020774079833222658e-01
1.683318348211100268e-01
1.386648180387538343e+00
-5.184847632097466796e-01
-5.291511698934778796e-01
-5.688618968949818999e-01
1.008847149983033820e+00
2.239172919045967269e+00
-1.604759623536586854e-01
-1.361440869565341716e+00
1.937645352676833799e+00
-2.229625345053701801e-01
-4.113396647167073539e-01
-1.912847788900969626e+00
-6.847766725790713771e-01
2.728062532828213760e-01
3.274003059934997295e-01
-2.849813731822768981e-01
1.750671899486144767e+00
1.596378943352630753e+00
-5.092192318450422528e-02
9.426451526209332910e-01
-2.547078537396553877e+00
-8.595526261587054240e-01
4.338958482778743964e+00
1.097467607866009942e+00
-4.736930415666948391e-01
1.848761486615154437e-01
-1.073164550104525272e+00
-9.002389534628087997e-01
-5.843864165983594372e-01
-1.082782875562263714e-01
5.640659781072512313e-01
-8.411047999603014080e-01
1.801349946098822485e-01
-2.247495321194517004e+00
-1.223245661565451226e+00
-1.325449121410808839e+00
-3.709131736403105783e+00
-8.373543752551154684e-01
-9.926997375111612509e-02
1.702146567634129637e+00
7.929738689690826181e-01
4.129101369697634749e-01
-2.120266408053553819e-01
8.022879130008631066e-01
-1.122399211101303251e+00
1.999055981661682191e+00
8.486760327802110870e-01
1.156136305599144487e+00
7.976499929185520976e-01
2.941203118548989526e-01
4.792093608467786758e-01
1.249849237407826719e+00
2.081763459864949262e-02
1.736864631633862732e+00
3.100222028861748802e-01
2.202435077031418942e+00
-1.730132041911839891e-01
1.687223137433040421e+00
6.331396591188487299e-01
5.124087949617712745e+00
-1.260752992135334871e+00
-1.751912307853746853e+00
-1.202911184962689894e+00
-4.994334640051849572e-01
2.791383058444402154e-02
1.666653883180774676e+00
-4.051400892824877920e-01
-8.625269755017428430e-02
1.224504937459966136e+00
-1.242684760737288840e+00
3.300369250430681412e-01
-9.364527276917355980e-01
-1.061591885964992432e+00
-2.702367323228942908e+00
6.515457056471264385e-01
7.289617799800092168e-01
1.418589400453827531e+00
8.215346153328323409e-01
6.278579663827716928e-01
2.284635698566697570e+00
-1.473564854216266262e+00
1.664819957488191671e-01
1.411685584631716006e+00
2.771217175678698741e+00
-3.309946078501862843e+00
-3.068775630970554946e-01
-2.127244633365310555e+00
1.903790551922130314e+00
-1.552403113465099960e+00
5.002585237100931614e-01
1.441443552137994910e+00
-2.069748116809942307e+00
1.835959298193230449e-01
