-5.444738017951866738e-03
-7.080313867055620936e-01
8.606137847503563254e-01
2.404106397639615977e-01
6.721589048516873888e-02
-9.200533579390652861e-01
-4.175722792568039576e-01
4.193782779724637422e-01
4.285692727908445576e-01
-1.623418267595106990e-01
-6.242007717852184889e-01
-4.067433602135834825e-01
2.917190723210472125e-01
4.165378361987039924e-01
-6.940392736872136314e-01
4.664853250915510507e-01
9.982848810588551558e-02
-9.226275536388375276e-01
-2.925989540417894830e-02
-9.876922863574115752e-01
-1.579890090619435750e-01
8.147120832678664826e-01
-2.490251758105679336e-01
1.125241548017430482e-01
-9.854353806196169963e-02
5.626220841396076811e-01
-4.072313763188564195e-01
-6.036471545025561269e-01
-4.751388549117478988e-01
9.717142753161622792e-02
9.397047697170453073e-01
8.833023998005036237e-01
9.289165847550033828e-01
-5.404647288103303637e-02
7.014797789730742306e-01
3.423686331629236523e-01
-9.898959460022911383e-01
5.421480740096875639e-01
4.541711004098902826e-02
-9.638769741305073246e-01
2.343495338256027516e-01
6.240618139062181768e-03
-3.335575006082323046e-01
9.290358079359819499e-01
6.453826181780726312e-01
5.409595097237425154e-01
4.791443282379792556e-01
8.493520633583728774e-01
-5.370161415925096549e-01
-9.913853748930789855e-02
4.413229462594756569e-01
-2.610439524769065933e-01
9.840351887297904554e-02
1.440129324729988447e-01
3.819511908582282622e-01
-9.112165610131284232e-01
-2.382463402911569883e-01
-6.909821597047853814e-01
-2.694654469797601593e-01
9.550503436382333788e-01
7.985397497221662366e-01
6.388072777993576423e-01
-2.813655621403854390e-01
9.819265119136790787e-01
2.720857051270746396e-01
-9.580820829083533940e-01
-3.694080818238318908e-01
-8.206541842174981394e-01
2.695742784651788959e-02
-1.539219738792378944e-01
5.815752338000885757e-01
-1.234374959805872862e-01
3.375487590209222954e-01
-2.871477103645279083e-01
3.351441991297547940e-01
4.193782779724637422e-01
8.560040566558091424e-01
-8.270799691394710162e-01
-8.681640400882533193e-01
-5.901360828834651961e-01
6.190072425747410456e-01
-9.461909085744786285e-01
-1.234374959805872862e-01
2.507757179691783023e-01
-2.511418473536040086e-01
6.551144181033070613e-01
-6.708473167973176832e-01
-7.082847448348899011e-01
-6.061427269192585232e-01
5.639229457893584208e-01
2.682502935582340431e-01
-7.428668805549880627e-01
6.830788488565175953e-02
7.340933307026260568e-01
1.011904003608552483e-01
-7.281629673344629516e-01
-9.461909085744786285e-01
-4.056753378676714039e-01
-8.996899120049948184e-01
-1.367673851768875792e-01
4.927197828781675337e-01
6.153187815634209024e-01
2.843968231689728565e-01
1.993901515444922445e-01
-7.104390362606209930e-01
-7.272626832507431693e-01
-3.518394185229378746e-01
-1.543883809369805959e-02
-1.965870489381382757e-01
-7.657923544665368176e-02
-5.442864065933743500e-01
1.834326324894202109e-01
2.297294968073226862e-02
2.324163797259317654e-01
-1.811537356028078971e-01
-6.150005554073423308e-01
-7.080313867055620936e-01
-2.172226290881740240e-01
-2.768834690182977454e-01
6.377077687255090499e-01
-5.791801329553614153e-01
7.654854791294938288e-01
-7.847511681442538301e-01
6.712161976650952155e-01
5.418969742988120064e-01
-3.533776897718143850e-02
7.305325398053450492e-01
-1.849460338037478557e-02
6.930710810452844761e-02
7.528870112880627907e-01
2.695975529408352056e-01
7.682051479937110905e-01
8.321845073988451968e-01
-8.914640286649078149e-02
4.209233873077031785e-01
-2.988126893553955110e-01
-9.744086509658695938e-01
-6.871730723114533035e-03
-4.615098548289564562e-02
-9.497462318234652923e-01
8.125735616756486479e-01
8.823432460265330235e-01
-9.747987963900466291e-01
3.868320196393508770e-01
-5.035021823634915350e-01
-6.678386613190774312e-01
-8.987089369833412000e-01
-6.819120068732389406e-01
-5.316790413529215442e-02
3.987518167165975402e-01
9.447581261066555491e-01
-3.317712947963806780e-01
-9.850466713000463059e-01
7.797851426247093265e-02
7.552054562997858600e-01
-2.569114947767265900e-01
5.106129594953832118e-01
-3.622489194183278194e-01
-2.224665358169988227e-01
2.184704888619324326e-01
3.343662122051487273e-01
6.606695859459974507e-01
-5.177070749285093143e-01
2.202211507957794190e-01
4.616056903658645183e-01
3.572427639753381623e-01
4.762962058431350343e-01
4.325428628662948416e-01
9.532230877606537867e-01
-6.971500683732245740e-02
-3.965167907186224472e-01
-6.927705380520794431e-01
-7.468481768166739254e-01
8.445921024692926160e-02
6.015584029073937078e-01
6.093702322464422672e-02
3.456754787131535167e-01
5.743328865186463350e-01
7.799249635708949135e-01
1.630403050309341406e-01
6.461185337504060655e-01
9.680608239983836683e-01
6.555475076594952100e-02
-4.181330225894288599e-01
9.705399025729557483e-01
6.145797490579079092e-01
-6.987723357449564521e-01
8.635724297596309995e-01
4.373963548332360229e-01
6.497374468480110465e-02
2.183215425940523424e-01
-1.130649141973352201e-01
1.682629389186798274e-01
2.208968594369054017e-02
-2.722930559161387265e-01
6.040638441046581875e-01
-7.173412460436348059e-01
3.152450721582553683e-01
2.096743866407089207e-01
5.117317208327269995e-01
-7.554440743364980726e-01
-3.826587731804065307e-02
-1.291221580636363608e-01
7.002304882020062848e-01
-3.774206016025098975e-01
-3.193336001192581541e-01
9.957546094452267571e-01
-4.630249757165854074e-01
5.630762483997964196e-03
1.945070363825549542e-01
9.596359130079390454e-01
-4.145341643527911124e-02
-1.695489301887942446e-01
3.054705278483094144e-01
-3.235185272631420084e-01
4.165378361987039924e-01
-1.261535029798630525e-01
1.011904003608552483e-01
-9.555202009324799128e-01
7.164032447724233421e-01
-9.389708748449019371e-01
9.337906352111473574e-01
-2.714486855414199873e-02
-4.417830783464105071e-01
1.606854906744468181e-01
9.672153151772275859e-01
6.551144181033070613e-01
7.505318194780199459e-01
-4.647799609393983289e-01
-7.880234207067640106e-01
-6.369453246523395507e-01
1.038805595694536343e-01
-5.911157697091824481e-01
6.453826181780726312e-01
3.657371863107403698e-01
-5.859611560690547449e-01
-1.596431381604745958e-02
-4.911722798382649469e-01
2.506135135414577775e-01
8.125735616756486479e-01
-4.371482889527786853e-01
-5.779905271712237891e-01
8.024288639456631511e-01
8.462438922643416017e-01
-3.710795042325210069e-02
8.187588484983612247e-01
-1.543883809369805959e-02
9.188816949058540295e-01
-3.021659082858259016e-01
-4.224894209144216539e-01
-5.035021823634915350e-01
3.111229482706399097e-01
7.306925699816877451e-01
-4.246119720302889977e-01
-2.868238867599846031e-01
3.484801987632684117e-01
2.199993083526621263e-01
7.528870112880627907e-01
4.217178023742482740e-01
-6.914911185968464213e-01
-8.347395422520316188e-01
-4.175722792568039576e-01
8.644005525968756487e-02
7.388057724761423195e-01
-6.914911185968464213e-01
