-1.113655859553094540e+00
6.943339680337108355e-01
2.672368667831424460e+00
-8.086274799607298114e-01
-1.766303074461067490e-02
1.599794710369815132e-01
-2.351841426690111092e-01
3.197524689012253507e+00
-2.120930807681145058e-01
-3.491884583962676647e-01
4.225875266014343379e-01
-2.346968226133062885e+00
1.936548834362106675e+00
-1.854229039176363281e-01
-3.327058727466331689e+00
-2.998444034451213103e+00
6.563164280950763985e-01
-4.746701599365997559e+00
-1.043272018329997497e+00
-1.487407694514854661e+00
-2.550498603834517652e+00
-1.505751387189607549e+00
-2.058508425188491309e+00
2.644015162360699556e+00
-7.431638540337003329e-01
-6.267815557282712113e-01
-6.866990527155810708e-01
7.898445673436591541e-01
-2.414352988006422507e+00
2.744607553768562358e+00
3.456160607818038244e+00
1.876329192942673307e+00
6.915721897464907064e-01
5.005934302600547614e-01
-4.214824723821481989e-01
-8.499617347942226564e-01
1.193410952890018972e+00
-9.294193628644169536e-01
3.534785893007847957e-01
1.934142558025386371e+00
6.001191250019131118e-01
-5.198336421227427451e-01
9.942130920517691095e-01
3.479863146044924194e-01
1.153901926642152187e+00
2.350929071893714362e+00
1.108610667385711235e+00
3.595388648765148742e-01
1.637442704698000906e+00
1.446754747879596348e+00
2.924290214801998355e-01
-1.000909670197333234e+00
1.250757304453700147e+00
-2.261210760571323863e-01
-1.931425013957878689e-01
-1.154922973161417232e+00
-2.442111892917951721e+00
7.759165602755017099e-01
2.384850712396752392e+00
-6.603785473219545565e-01
-1.036677433267852777e+00
8.380803141227168851e-01
1.207413494543648103e+00
-3.089222746958961707e-01
-2.137774560682581537e+00
-2.169098914433114977e+00
-1.023237033358792569e-01
1.396872125536804177e+00
1.899803974380543492e+00
-1.454161058478867785e-01
-2.890584493538247424e-01
-1.795920319392565467e-01
-1.792470550714934774e+00
9.875771459114297546e-01
-4.947559214666275018e-01
2.356497489956582925e+00
2.692871768316762449e-01
-1.985286996538293103e+00
-3.128322290445061160e+00
2.000624786399056720e-01
1.766182102328340831e+00
1.151809717711000269e+00
-6.797401844300157148e-01
1.141450728442678253e+00
7.073861133318268823e-01
5.490263573938017894e-01
-2.432662654661080115e+00
2.925617136701773591e-01
-2.300353968444204256e-01
5.481003200345806459e-01
6.414440075735337032e-01
-2.995363706507487844e-01
3.152638942475536332e-01
-6.643409447420738356e-01
1.186191764775627489e+00
1.345533696586744821e+00
1.011096733216064969e+00
1.572870080668367532e+00
-3.628422403768836624e+00
-5.984700056347360686e-01
1.592564471863242015e-01
2.809255728010908282e+00
-1.208540322094959540e+00
-7.948663676077358797e-01
-8.844433604178054686e-01
-2.735195808405715301e+00
1.656766486148345763e+00
8.921199885979758104e-01
-9.362583523185893375e-01
-1.271774317765248519e-01
-4.857820305395901261e-01
-7.500252108794391859e-01
1.298152586301200007e+00
3.750081034701480132e-02
-1.053179179744258454e+00
3.636358566567733597e+00
6.586825791320345402e-01
-2.263713745148863143e-01
-6.049814583646687116e-02
4.164407281919735304e-01
6.678398582583551235e-01
-2.581525138493228066e-01
-9.621953395409121867e-01
-9.713085319933152384e-01
6.178344646601128254e-01
3.099626144232515035e+00
-1.611581943977907327e+00
-1.953944091795932314e+00
-1.684829368655448967e+00
1.416283538242883111e+00
-5.653562462986693404e+00
-3.157293110795791335e-01
-9.555917197096153171e-01
-7.618546726115166257e-02
-1.203915241892435262e+00
1.008145549434014576e+00
3.679618768512076254e-01
-1.606684611161030896e+00
-1.692338409215215611e+00
9.849492344008625722e-01
2.042825242498077287e+00
-1.945083167090689180e+00
-2.059408145762689823e+00
-4.372906269458006756e-01
-2.348643083192690550e+00
-4.919180875084829263e-01
-1.332264929880998316e+00
-9.423925133515975716e-03
-1.028008057855225976e+00
1.357660370016920526e+00
7.752011267929870275e-01
-8.709216536470860692e-01
1.940345800589468706e+00
-8.136926520335211466e-01
1.687991182498762566e-01
-3.842642331588437266e-01
4.014930629240967441e+00
-9.280607930009134865e-01
-2.702576989355690573e-01
1.164626186239927641e+00
-2.515628338347394521e+00
2.418063519532299421e-01
-1.369270090459956957e-01
-3.122999757904571627e+00
2.360093372445315030e+00
-1.260474321225012684e+00
-5.721635923377732524e-01
2.982759472027925796e+00
2.592894139782730978e-02
-7.764770746537348334e-01
-9.173337062261945896e-01
4.329556819271016543e-01
-8.502449412803818607e-01
6.201112754435249563e-01
-9.015156895941394133e-01
1.079116209757544187e+00
1.896605081663057746e+00
9.296696396010475372e-01
-6.042242314665913216e-01
-6.018244009400262051e-01
-5.592580735573923212e-01
1.505723703130285251e+00
1.022256001988439689e-01
3.878423408563799857e+00
-4.669455609764778248e-01
-4.141675936707482908e-01
-1.433694859530427745e+00
4.286210611510481439e-01
2.687143271405012523e+00
1.866168375976872795e+00
2.378257864223753959e-01
-2.591916200039938278e+00
1.189813981923313779e+00
-1.186938083502490748e+00
-3.746299826388421739e-01
1.728215938030017496e+00
3.353249624319801780e-01
1.040461282630848139e+00
-1.715978919604010056e+00
-1.209950495571348261e+00
8.549060096876405224e-01
-1.790339607082811701e+00
-1.033063708729437868e+00
-1.302367661447487723e-01
-1.590909480073630533e+00
1.074858717817282816e+00
-1.059213424306648110e-01
-1.260729713841228783e-01
3.133524343849186655e-01
1.852377523611419718e+00
2.764904497507332248e-01
7.999263645344059093e-01
-7.263907832891887129e-01
1.849541721011048190e-01
-9.038440298165630882e-01
-7.822303487911593800e-01
1.396949650865136672e+00
4.698713431539800478e-01
2.247684869586203948e-01
1.071724029554256274e-01
5.863781642030878594e-01
-1.019189918521027138e+00
3.937301798015004906e-01
2.408320367490930369e-01
1.251481981718332914e+00
6.001085415801993284e-01
-8.648835985131512194e-01
2.793570570245101248e+00
6.239875524888227609e-01
1.465451338333356723e-01
2.223032680158994467e-01
-3.035102422626373420e-01
1.408731709686724676e+00
1.613253698405149761e+00
-1.106208122289301876e+00
-2.155334904981879851e-01
-2.622705887461422858e+00
1.407621703267897484e+00
8.068771339675324672e-01
-4.180366537681819428e-01
-1.389550045903848563e+00
-3.125558087556724041e-01
3.046200132482045908e-01
3.238985374778388104e-01
-8.667418988196486929e-01
3.640387549907669218e+00
-2.442660504835314494e-01
1.687371753269678143e+00
-7.942642264616128767e-02
1.583659672285028686e+00
-4.326448527489008988e+00
2.252486856326346043e+00
-1.905018268907526791e+00
-9.394558433391304586e-01
2.913636900204721325e+00
1.813060766335828466e+00
-2.867464990524920321e+00
-1.857009433851426028e+00
-9.462985108629291542e-01
-1.002945899078391712e+00
-1.002526128935267824e+00
-5.450294402687200224e-01
6.397812635400829118e-01
3.243259027450199339e-01
-2.074451124464464780e-01
