3.549635947762970201e-01
-2.625504344048226191e-01
3.500275582523126872e-02
7.088502668881531132e-01
-6.476885347801830672e-01
1.312490602045282007e-01
-8.200485764833675972e-03
-1.161505732514289679e-01
-6.553360424119965000e-01
1.763967973713789217e-01
-9.806001791119585143e-01
-8.060323417900128184e-02
1.760040085634260176e-01
1.303163872099368792e-01
-9.334645317263909892e-01
-1.928495385459725320e-01
4.914983283030616157e-01
7.332371570361508883e-01
-7.309876513744766324e-01
-6.476845125667141101e-01
-6.535903396967202017e-01
7.179230795965567680e-01
-9.154752966893386912e-02
2.702343029602469748e-01
7.289250050000060099e-01
9.266488698375185962e-02
-9.439100340715156356e-01
1.744169275584070977e-01
-7.265034423620302384e-01
1.353622881708367309e-01
-7.667133140746298370e-01
-3.148996799077312669e-01
2.624298119172374655e-01
-9.008874064385994362e-01
-2.293187570501051820e-01
-3.703134325378456548e-01
-3.540512627244258859e-01
-3.620855638553825973e-01
8.004167957116976595e-01
3.336057839275543557e-01
2.005995953142716282e-01
6.721265933457944985e-01
3.005564936259830233e-02
-8.436725084264893315e-01
3.778848778784116291e-02
-5.883965737383962669e-01
2.854284891713290140e-01
6.730181752089541281e-01
-5.882969901652006506e-01
-5.827570483023820636e-01
4.074961309495137574e-01
-3.349674380350431413e-02
-2.293709045812220015e-01
-5.335399321951219687e-01
-5.242756169235665009e-01
-8.722883663585079272e-01
-7.156220941757598375e-01
2.034693344793385705e-01
-4.583190122394560362e-01
-8.398008689468450250e-01
-8.209804504157953708e-01
-2.398343292649807168e-02
-1.608492826894436512e-02
-2.425053953256062211e-01
9.545884144306855390e-01
-4.202656414552197184e-02
-8.665288050186936708e-01
3.297931713687600741e-01
-1.327146920178046141e-01
3.191509826187579613e-01
4.864098165021575326e-01
-2.103202594196496023e-03
-8.182423806810039668e-01
6.421942704062673091e-01
5.946737525524796730e-01
8.109483704649602664e-01
-4.500467258440925544e-01
-8.549558118584310584e-02
-2.282099360747067429e-01
6.941184736745091843e-01
9.836032327561838873e-01
-8.311354504860717363e-01
5.551783734766304601e-01
7.727479958021654660e-02
-1.523980133394167158e-01
-7.354265578468199838e-01
3.743817617763973704e-01
-2.506159304319850456e-01
-3.875031154314347859e-01
-3.330983767611324087e-01
-5.235290769713183412e-01
-6.738440840058290693e-01
9.863291594229084414e-01
7.385247359686073487e-01
-1.248004020359132493e-01
-4.821726979582179329e-01
6.485441578218766878e-01
-3.683484698536174662e-01
5.718594881540259856e-01
-4.670276986519235063e-01
-5.541485347079300183e-02
8.417996094738398050e-01
8.643266189374898545e-01
8.766037528723606975e-01
3.892295689253972846e-01
1.102090182933559426e-01
8.799945984651800224e-01
-2.254116537945425325e-01
-4.317826107028541749e-01
-8.418182282580120024e-01
5.473131021325299272e-01
6.024305018833322478e-01
-1.460769468354232714e-01
-3.858023253428228827e-01
2.858244235738784944e-01
-5.300488186497456233e-01
-6.082953090584575229e-01
-5.354967494596434285e-01
-1.428674673764511738e-01
4.450724219945163540e-01
6.534135015070510200e-01
3.898198989740280229e-01
4.803627275447253098e-02
-7.444594563436102153e-01
-9.142016480750714269e-01
-7.869273767728486302e-01
5.997441122883655495e-01
1.663647967093448976e-01
1.474514144880156863e-02
1.111564355890704014e-01
-4.484325199949383833e-01
2.017577198211213396e-01
5.656533944511694667e-01
7.914214551513198970e-01
-8.706791496763548466e-01
1.722985095364073516e-01
-3.095724333326410616e-01
-4.101356524191204223e-01
5.232636650493838193e-01
7.786499442199603660e-01
9.002828896027215144e-01
5.977004522388082997e-01
-6.233688514405697489e-01
-8.089891285825847600e-01
-7.650788000680184275e-01
-7.538528565685511662e-01
-6.151070921123187318e-01
-7.527774243779419283e-01
-7.269926666785893055e-01
9.850618421379651046e-01
4.324240256849161135e-01
1.610509853434047844e-01
-7.548330346582035055e-01
-4.091590948133909666e-01
9.331902414867621065e-01
-4.912569316655122087e-01
-6.890929914044514604e-01
-1.178651010645361819e-01
9.072844299126150425e-01
-2.213427363887485733e-01
-1.406243647173508471e-01
-4.224316509122962859e-01
3.711743231160393730e-01
4.612249668031287442e-02
-2.973863295766570047e-01
6.908630139875462373e-01
9.516482387827753797e-01
5.202792194678971249e-01
5.984391101673853797e-01
-3.852169530893705396e-01
5.853597291849781392e-01
-6.286789393687512995e-01
-2.385784984973995382e-01
3.706107857810376771e-01
-4.553968147183879989e-01
-2.569253088577960753e-02
-9.026001790959470306e-02
-6.910435316249761151e-01
4.377654347172055260e-02
-6.909279014510549821e-02
-5.908260879817623934e-01
7.487637031059251047e-01
5.952994637301216585e-01
6.930325302536146648e-01
6.491613478236633039e-01
1.618686061144960497e-01
3.429871994152593473e-01
-2.298182615136288298e-01
-7.220319293126646887e-01
-9.996118906356203926e-01
5.453971689627685748e-01
2.788625941799409702e-01
8.069292427542911206e-01
-8.144016839717642675e-01
5.993274348906689752e-01
4.998482965227406538e-01
4.856582396846751415e-01
-1.718168124761900728e-01
5.013928201767203774e-01
1.367710470373046938e-01
-6.597533541622537800e-01
-9.478678303618099932e-01
6.047621158638802896e-01
2.803942758494277765e-01
-5.764335178501134305e-01
-3.840392731734181275e-01
-8.284600773378221206e-01
-2.575440314092227734e-01
7.455868380461432299e-01
-8.469911413296760117e-01
-9.613646695966162614e-01
-9.790515060005091641e-01
-6.700294254643641700e-01
-4.501881584924285473e-01
5.352277294814733466e-02
3.557765550444187408e-01
-5.703920810352518522e-01
2.131664970212860943e-01
6.233361899828038233e-03
4.722150218958915957e-01
-8.204868757667724832e-01
5.837156042579949577e-01
9.326912566261429394e-01
-5.046275673070299561e-02
5.482248346503664216e-01
-1.951553698820702731e-01
-5.572083778295788825e-02
8.257396060331287924e-01
6.421228068736699601e-01
1.075737508905061368e-02
2.134436602992224596e-01
8.769202278683763119e-01
-2.115234172876594432e-01
-6.857887323762963394e-01
7.434685273701331365e-01
-1.961337732291772440e-01
-8.293515138277061105e-01
-6.270685967921056925e-01
6.459324313186374233e-01
3.960225599885602854e-02
5.574991456817270929e-01
-6.945554911136047060e-01
9.778951589138875633e-01
9.870233518127826677e-01
3.755143582991959939e-01
5.468708583468273599e-01
9.791861544127071770e-01
-4.443356134359792708e-01
8.284015071871504432e-01
1.288763406781348042e-01
6.715305357278189557e-01
1.459345822271114201e-01
-6.530731195635355313e-01
-7.090182973575358538e-01
7.801690077280754032e-01
9.431554297312418900e-01
-7.875877600298752945e-01
-8.051411912524344405e-01
-4.909464738545457063e-01
-3.940163324468131112e-01
-1.911254401791850910e-04
-3.331797182455795703e-01
1.046959860460128233e-02
3.758289501735121441e-01
6.457384426991406023e-01
