-7.466133490324544653e-01
3.552607652274975436e+00
2.734998008659404789e+00
-3.172894643886493338e+00
1.450329275595450218e+00
5.668326691356195823e-03
-2.379212456739430159e+00
1.447859034202930717e+00
5.613059138308532647e-01
-7.688459820147653945e-01
-2.128049937667254587e-01
-1.938031080434706066e+00
-1.168377581206810012e+00
3.166908388867444302e-01
-1.161607731007166633e+00
7.910340436596613456e-01
1.810624982844474040e+00
6.972915465567453008e-02
5.619659839274302460e-01
-6.272664328244219600e-01
-4.006184637107479851e+00
1.016089607226169145e+00
1.360111032656490249e+00
-3.376529409876860566e-02
-1.804015174615269057e+00
1.823651634618595807e+00
8.547427808036228702e-01
-1.271561432225098542e+00
1.209895726485401335e+00
4.574828373834812112e+00
-1.213310944062134578e+00
9.545755155102799705e-01
-4.745919901241606453e+00
2.279826323408589150e+00
-1.721469115986564713e+00
-1.442368721659416098e-01
4.763137153241376431e+00
-2.389253840513580585e+00
3.829336044828573371e+00
8.087749558142229844e-01
-1.393441012215062669e+00
1.516663319182831593e+00
8.093948641245655162e-01
2.640826386167867135e+00
1.099817436310389418e+00
-1.794941860743388018e+00
-1.160335304459170214e+00
-9.277683315567841760e-01
1.673998873733508086e+00
7.197300297684752213e-01
6.607397314798479915e-01
1.235260095860042373e+00
2.291414389595356482e+00
4.017115509028033049e-01
6.056731179351485528e-01
1.342062378778334342e+00
-3.211436340115225718e-01
3.159437654043739663e+00
-1.010587831602951292e+00
6.222894408852405190e-01
4.827558553047579526e-01
-4.462409356009887418e+00
4.568376579297247497e-01
-1.355926819065468747e+00
-7.945179887342839198e-01
1.926499199858522360e+00
1.234979734602404289e+00
1.582971090496039679e+00
-3.879758248594012748e+00
-2.557364817156083658e-01
3.542746766720146212e-01
1.762805096522372494e+00
7.460699301355245838e-01
1.798511437788121503e+00
5.114346989012927835e-01
-4.679895586702904620e-01
-2.384785160376401425e-02
-8.762590753944511368e-01
-8.726140149142262992e-01
-4.657275138688615757e-01
-1.114530655177595309e+00
3.484476019981329387e+00
1.602571231853803235e+00
-1.389023110878061740e+00
2.526339964064550081e+00
1.577193595427580419e+00
-3.157348899137399023e+00
1.125898362176459111e+00
1.061492549358513227e+00
1.218715818025370434e-01
-1.520736780513987974e+00
-4.840221542431750734e-01
4.165416864623261439e+00
2.437862432304682692e+00
-1.193400634542443051e-01
-3.555064332436072561e-01
-1.802738227383848146e+00
2.429740901476358239e-01
3.138424000984658679e-01
-3.403666481174310920e+00
9.727309470864093921e-01
1.012165094467825099e+00
1.635038457715634053e+00
1.148746613049426157e+00
-9.160393993007481805e-01
5.616665806340404021e-01
-2.589968818788386695e+00
-3.660623718025318718e-01
-1.671836204430761086e+00
-8.276616439033325223e-01
-7.909227566469954063e-01
1.194252963419382585e+00
-3.257294237182387087e-01
-1.735542190040942900e-01
-5.894135247241990783e+00
-3.371620954511008961e+00
1.960544305146206590e+00
2.553773224283180099e+00
1.132679367421026040e+00
-3.423319524884076870e+00
-3.814278771316370609e-02
3.802765208665805918e-01
1.075733949969422731e+00
-4.125315350482519960e+00
4.958764346428901071e-02
-4.957480341019279146e-01
1.476245991119291556e+00
-8.268208456546579654e-01
-6.855911482123483447e-01
7.109730205365929478e-01
-1.257026095683733136e-01
1.744840459064915805e+00
-7.167605872153146596e-01
3.254828217850887384e+00
1.397712299043122552e+00
-7.837769904523029796e-01
-2.537026574195715867e+00
2.052763755828375558e+00
1.097435698462869258e+00
1.548329132222773907e+00
1.753922651222929119e+00
5.228591116817125073e-01
-4.283264060553076957e-01
-2.544258138307422534e+00
2.255491405247441961e+00
3.447497138517506166e+00
6.118749301097454740e-01
2.847298592929104366e+00
-2.602271008775512318e+00
-6.904117147453511238e-01
-2.273900742123239116e+00
-2.929729971261403332e-01
-6.950840669202302813e-01
2.449917068598861380e-01
5.757189746770425831e-01
-1.434702041929309280e+00
-4.143176559382316104e-01
1.516999400090458749e+00
-2.608113553186504063e+00
8.359839908730293256e-01
-5.366396499806347364e-02
-3.374525994215836100e+00
1.079494113747471840e+00
2.809739512211111290e-01
8.872741618605637370e-01
-8.376512159575555394e-01
2.202514750525519815e+00
-1.097652015185256902e+00
1.935380892715945489e+00
1.907086846282463721e+00
1.192095581263765913e+00
3.568956534343119547e-01
-4.676471757859684830e-02
2.050294747508186965e+00
5.526151888046324512e-01
1.350815174117843576e+00
-7.463623846226385972e-01
-4.706178481969915950e-01
-3.673246527205540346e+00
1.211015508883783287e+00
1.386793787467388128e+00
4.502169168096404883e-01
-4.230949822835413515e-02
2.905584806586242186e-02
-6.214084614798831563e-01
-3.016616960621067101e+00
2.889619896790273645e-01
1.759389526989989960e+00
-5.903428319552557202e-01
-4.942384902792564816e-01
2.092614928038957878e+00
-1.896847505222129415e+00
3.351679829249404108e+00
5.294364164724663091e-01
1.653506102873459227e+00
5.099847457993262889e-01
8.769402582859937567e-01
-5.406462106555605385e-02
3.822255659187392407e-01
-2.050581717287097483e+00
-1.692419058515936436e+00
1.100822243350674245e+00
6.307194826662050335e-01
1.956721857695274958e+00
-5.163171377275693752e-01
1.908702425798424196e+00
2.515153249133923463e+00
-9.870903753057636010e-01
-1.266677536742072174e+00
-1.980858107323933526e+00
2.524778769935736022e-01
-8.490238205745510858e-02
3.047014898270067995e+00
2.805200539239109947e-01
-8.089224013531886026e-01
-9.080017623042906383e-01
2.474485992429282799e-01
-7.712768925243453921e-01
-2.531722318897886126e+00
-7.112014018221973766e-01
-1.889632969462001100e+00
5.743159757179614466e-01
3.746197885083955015e+00
5.240461571411094699e-01
9.143618175862174846e-01
-6.917999625256467944e-01
2.566352550889369866e+00
8.693034392060043913e-01
3.998100367268303756e+00
1.320590225486295566e+00
-2.585129114607576106e-02
-1.028727525224190309e+00
1.223202943249203312e+00
1.068576790324243575e+00
2.113186535828744383e-01
-1.230587120859981676e+00
1.968723856638378011e-01
-2.014487827378061535e+00
3.833798439213444098e+00
-3.279733202655591207e+00
-9.141603076446173093e-01
-8.557637571586637071e-01
-1.098863709118155008e+00
-7.296083108761125757e+00
-3.578447398404751567e+00
-2.345683135147322851e+00
-5.290287816457441394e+00
1.408528943407030276e+00
1.964503276590645053e-01
3.049217554454815016e+00
-3.337243048606872708e-01
-1.678710871080888456e+00
-5.270560287062382443e-01
2.737174086803832562e+00
-2.481483594014768812e+00
-1.321985594503701122e+00
4.481488259069535962e-01
9.170221803430964602e-01
-1.015569342664854657e+00
1.551986035229171002e+00
-1.361736619417353467e+00
-1.036140306395108679e+00
-2.205699639514975718e+00
4.372896923636178101e-01
1.626820682594648293e+00
