-1.223169723481842830e-01
5.040897648044562196e-02
-1.029512330884814197e-01
2.205606042148418044e-01
9.570283871993552349e-01
-9.252792339756885642e-01
-9.527983220417606258e-01
8.601187956538201007e-01
1.317290672302489085e-01
5.827023712851440163e-01
5.957842269877766661e-01
2.645250377698982192e-02
-9.927760452238920674e-01
7.679229858383573859e-01
-9.247255382797141543e-01
-3.711758278233445729e-01
-8.509268099031683796e-01
3.373363920386267534e-01
5.783082515988580141e-02
6.182274840092927271e-01
6.377239295305137112e-01
1.041660444785985629e-01
5.952550882199139082e-01
-6.619690200754457798e-01
9.583377289893142414e-01
-8.346023194491094532e-01
6.696627506995929124e-01
6.524560951685391963e-01
1.176841650920903426e-01
-4.111018009393518913e-01
7.918723484564789139e-01
6.794936051041453595e-01
9.571039481181864428e-01
6.119488130493557776e-01
2.513167579233213100e-01
9.581011792152180906e-01
-1.516346874041001325e-01
-6.522690554884573721e-01
5.100043520031876110e-01
5.218820727432429418e-01
-5.022536001296309394e-01
-6.317772650558706182e-01
-4.106080101750766431e-01
1.060366309188007783e-01
-2.480561609200209183e-01
-6.622494121079636198e-01
-2.549905640807026419e-01
-7.008567696182517182e-01
-9.401482174326014629e-01
3.713502892565472280e-01
9.378656060014207707e-01
5.352156574585416049e-01
7.654695826081636678e-01
5.520860368374225224e-01
-8.871152003742044378e-02
2.141229082590700994e-01
-8.509268099031683796e-01
-4.772041935894315579e-01
-3.423871650701415525e-01
-6.676801712402973266e-01
-3.129661395026217541e-02
1.996088379539817659e-01
-8.347739887288461169e-01
7.116939254049745589e-01
6.306621603414419575e-02
-2.350593120867818797e-01
-9.394718811846565210e-01
-1.907498674651322279e-01
-1.671164668722573410e-01
-3.560647107898360364e-01
1.100190446330988614e-01
-7.116176178266278018e-01
-8.775862556100813006e-01
3.654918264158273367e-01
-2.017458696413942931e-02
-2.667802849493736694e-01
-9.401482174326014629e-01
3.795446408738918365e-01
8.443797758399580466e-01
7.020955274497924226e-01
-5.726912003465356449e-02
-6.731655772806155458e-01
-9.272044168988815560e-01
9.402271506111103960e-02
6.951305634873368167e-01
1.921695040144602018e-01
-5.610221849194023669e-01
-9.617399172737637336e-01
2.721563848827597276e-01
5.571505753548078310e-02
7.173553828980676617e-01
2.840768880900679250e-02
7.010185530574182255e-01
-6.676801712402973266e-01
4.430287674660595698e-01
-5.732077281964147453e-01
7.041305842313532182e-01
-9.485057450172940108e-01
8.736494689574496597e-01
2.915289978980075691e-01
-7.584211300890921770e-01
7.494479717142992214e-01
-5.483970703148699499e-02
-6.834402577033009685e-01
-6.291800503547235746e-01
4.174628726069993245e-01
-5.234768475326894155e-01
9.571039481181864428e-01
-5.234640533068302126e-02
-6.521877257822645824e-01
2.236472119766539368e-01
-6.243002368769137167e-01
-9.901928060103717399e-01
8.415452141921344609e-01
5.320049467470313598e-01
3.462840104932118912e-02
-9.836975942252337290e-01
-5.334814397970215616e-01
8.176357506527414110e-01
-7.675492795523295442e-01
1.956885901197535915e-01
4.168328681125330615e-01
-5.046370467874803367e-01
-6.960864988461084035e-01
-9.529224616264486691e-01
3.200535137862703383e-01
-9.252792339756885642e-01
9.642093412866339364e-01
4.638546178160765088e-01
7.202725974179546853e-01
7.020659787188563428e-01
8.612052161964012242e-02
6.593380722630148849e-01
3.843198941131091839e-01
1.106147959740746423e-01
-8.346023194491094532e-01
4.290958730241578589e-01
5.325193740053340008e-01
-1.402384042271740405e-01
-8.754822772672909981e-01
7.942246549270537415e-01
-5.677965718678779083e-01
2.863038638578738748e-01
-9.184391924715833433e-01
-8.444591829591561183e-01
-6.007269763933529294e-01
-3.734256450143551564e-01
2.650875078401953022e-01
8.771447449565585863e-01
4.292143324464543497e-01
-4.236548514912406027e-01
-1.081504506567043666e-01
6.677796557105446507e-01
-7.372077422871816665e-01
-6.046934170609274961e-01
7.855031995254573296e-01
-7.717720598452744163e-01
-5.386935777836223682e-01
1.328309105757632391e-01
8.901411295381547184e-01
5.827023712851440163e-01
4.292143324464543497e-01
-5.783550945109916519e-02
-5.234768475326894155e-01
3.025551949154963172e-01
-2.250993295563785690e-01
-4.330420173146343199e-01
9.975719728146568155e-01
3.751370389494810276e-01
2.633508141160056937e-01
-5.135414698245197584e-01
9.800385205322015292e-01
8.484437368564672344e-01
4.872423674195609511e-01
2.715598183792689024e-01
3.664493547745288904e-01
-1.350579910408622464e-01
-4.030676810857489745e-01
-7.305420588685438421e-01
4.168328681125330615e-01
1.568193246924332040e-01
-6.951622705421216519e-01
-9.751918862770445617e-01
8.171059144710570710e-01
-7.483096347747180133e-01
6.947791832146283930e-01
-5.839864587648579963e-01
-6.899195474901131941e-01
3.795446408738918365e-01
9.800385205322015292e-01
-1.516346874041001325e-01
7.297285517893576934e-01
1.996088379539817659e-01
6.752029576637734731e-01
9.996885964159654137e-01
3.698863445059064059e-01
3.139507493301960661e-01
4.210229881580409561e-01
-6.301999729937437511e-01
4.753786349427360225e-01
5.606704923042373778e-01
-7.262339940887287959e-01
7.251368465568794885e-01
-6.171596588945587047e-01
-2.549905640807026419e-01
5.935398739456108075e-01
-2.449584478032758028e-01
9.196111591715283584e-01
-4.986081383205840378e-01
-7.545078668360838403e-01
8.887380392487376213e-03
6.301231001159484091e-01
3.232361204391072107e-01
5.739484940453527528e-01
5.345056726505308387e-01
-5.839864587648579963e-01
-3.312264506446722656e-01
4.185002050381518846e-01
-2.480561609200209183e-01
-5.610221849194023669e-01
-5.490332614753956619e-03
5.878204548198806556e-02
3.968848005792255940e-01
7.234156364285746488e-01
9.996885964159654137e-01
-6.345028015043021608e-01
-9.537055232071487421e-01
7.924049249227325120e-01
-5.715487766771385481e-01
-1.516346874041001325e-01
4.358384897176152961e-01
9.378656060014207707e-01
2.648552991667834089e-01
8.654593331110174148e-01
-6.709746712635027421e-01
-7.039117343392238269e-01
-2.697994363421041264e-01
4.436386092690376426e-01
4.293952301955841211e-01
7.723749522921530275e-01
-3.312264506446722656e-01
-8.785033702710662862e-01
-7.927775980860232163e-01
9.391407810341572127e-01
6.256988714292346376e-01
-5.253118712478368479e-01
-6.243002368769137167e-01
6.906966464767145819e-01
6.593380722630148849e-01
3.068768721382184594e-01
7.525804877365047663e-01
1.594218852041131562e-01
9.167521522245851706e-01
6.202733431513451912e-01
-7.435562460089832904e-01
-4.133349571533795341e-01
-2.417848587687430051e-01
8.416858785047367508e-01
-4.494664328487383287e-01
-1.346636197355133291e-02
5.972878282491069779e-01
5.218820727432429418e-01
-9.006473789183775391e-01
-3.941114583504883306e-01
-4.383996637651077499e-02
