-1.154069036098612333e+00
1.942824212293595032e+00
-7.984084192416385228e-02
8.383938156972763345e-01
2.365757050165106179e+00
-9.813893881961921473e-01
-3.508231778394867439e-01
-9.201232693166674359e-01
8.757431824609065441e-01
7.087596520776620057e-01
-1.482685002227590143e+00
1.368709595483901253e+00
-1.588509452325101989e-01
-1.345652189795775389e+00
-6.575051975098678003e-01
1.379229997584182854e+00
5.734546260924151539e-01
6.266653634652354921e-01
-4.233919747515345611e-01
1.836050576154071856e-01
-1.131276568268579252e+00
-1.166685824802643712e+00
2.563466818701803707e+00
-4.725665006775343624e-01
-2.765034637138276352e+00
-2.772851613615509692e+00
9.879295403543087994e-01
1.719390639407520238e+00
8.758445234647138644e-01
-3.210727436216727071e+00
-2.016265026584279862e+00
8.801453128844805018e-01
8.525643967675697876e-01
-7.913723742301628228e-01
1.045628256907725540e+00
3.661775443210589120e+00
-1.072797336129754031e+00
9.652416886670174279e-01
1.764498261122212863e+00
-3.413012801236984806e-01
2.049878110104399187e-01
1.981511688170408458e+00
3.805580099493253154e-01
-4.192160687253407847e-01
5.922761973660334300e-02
9.541648364223485057e-01
-1.142345617338347274e+00
-2.148863990887527553e+00
-1.169933300648760888e+00
-4.852373375348549844e-01
-3.499201408822467663e-01
-2.492434150674731175e+00
-5.003926595276986244e-01
-1.303390424390559632e+00
1.515696349582320801e+00
7.836094204366506055e-01
-2.440295110355004127e+00
-7.254383366494272511e-01
-7.602213691489649872e-01
1.322817463625773016e+00
1.228722409633458135e-01
7.766310043521357231e-01
7.027979173653164935e-02
-5.292183873130906768e-01
-3.390432269562764667e+00
8.101228762673032824e-01
1.956658447967199566e+00
3.346566409164526412e-01
2.241990600770209063e+00
1.144692023649054313e-01
-1.919263933998662575e+00
1.891383122901483804e-01
9.899270468071683649e-01
1.723973007096125665e-01
-1.142564360654798161e+00
-6.411517013267078458e-01
5.680248706595812935e-01
8.459496345129047246e-01
-1.632702075105576744e+00
2.115475753275060988e+00
5.271679947879212014e-01
3.126121946038823651e+00
-3.337462929617376339e+00
5.617750725241068110e+00
1.241829055434075235e-01
1.430480503519794833e-01
-1.338260944117513063e+00
4.110485558717913435e-02
-1.930091662228429650e+00
-8.514621895203567936e-01
-3.899736993580225963e+00
1.964799524009752663e-01
-1.770164580495918072e+00
-1.853148452118300593e+00
1.176026080680379726e+00
-5.785611076298348143e-01
-6.036932965227400638e-01
1.322874654961439189e+00
3.863306281466085679e+00
-3.279625003182279896e-01
1.781809352832805615e+00
6.814340545846727659e-01
-1.956663147644044587e+00
-3.474111406123547408e+00
9.307763203552544828e-01
-1.229868361788762243e+00
-3.994191856677935526e-01
1.779155837213906910e+00
-1.449476048749771540e-01
-5.322598946152909960e-01
4.511655377751883078e-01
-2.732103407892181313e-01
-3.992138333224228841e-01
-1.156777007535314539e+00
-4.265303068874198189e+00
4.831045640918534279e-01
2.783260153902050726e-02
1.664066682427661759e-02
7.220667905503844186e-02
-2.340685649954965974e+00
-1.442063161585746656e+00
-2.532340064464364104e+00
1.671686581967804397e+00
3.319238750850873387e+00
1.159463655098178947e+00
-3.589414345940533657e-01
-9.067987076494221643e-01
-8.553728253168998430e-01
2.891407020457483767e-01
3.709453883353878156e-01
2.159345875604823384e-01
2.756132878834462563e+00
-5.787535260487222111e-01
-3.632895253168623162e-01
-6.495784079744572059e-01
-6.357786591189947822e-01
-1.792250943560106613e+00
2.109174071201386447e+00
-1.291888259634322189e+00
-5.831371852239648490e-01
-1.660265287560170666e+00
5.789029017443736436e-01
-1.633242955449419609e-02
8.140047965033964106e-01
-1.577152542179398154e+00
2.800980375798499900e+00
-1.607664217910559135e+00
-3.513053887422888266e+00
1.322470123677491394e+00
9.916563386594803298e-01
-1.412747334031033919e+00
2.292522387156826547e+00
-7.346905095468181379e-01
-1.544700422128495454e-01
2.347190410326469134e+00
-5.146168830279144180e-01
5.270102568856627201e-01
-3.921932027919012298e-01
-1.785827883751061051e+00
3.920267361321312816e+00
8.496897363538337133e-01
-7.243179728523230221e-02
-7.282242652247070680e-01
3.046718655804022458e+00
-2.139396980708762275e+00
9.036536224927325112e-01
-4.005961097113743818e-01
8.189490743405709594e-01
-7.278878207404531064e-01
-1.434465380145790947e+00
8.453702053476129796e-01
-4.228495484870005150e-01
2.360376127207803876e+00
-3.075681140792427271e-01
-1.799150649988187523e+00
1.137043113189659893e+00
1.930722974567005812e+00
7.552059857488115924e-01
8.520234127815484726e-02
-5.372808878848722713e-03
-6.752122532204065664e-01
-1.563620921451032597e+00
2.567412967860847051e-01
-6.425443554094735221e-01
1.832360425900041001e+00
-5.773088041599907516e-01
-5.462756118718283815e-01
8.784500574188356392e-01
-1.010244853396443876e+00
-2.330157053018752644e-02
2.068410785977399691e+00
1.779066361657241524e+00
4.118779661030669281e-01
-4.771088833763139636e-01
-1.474447112171231922e+00
3.330555834967332540e-01
-3.219562977617611566e+00
5.180714370071726194e-02
-1.747753593105002556e+00
-5.021384653095307682e-01
1.146473995981658334e+00
2.500153067592985945e+00
-3.852471553660796744e-02
4.512161541515555818e-01
-1.163204116613189676e+00
1.641374769742493855e+00
-1.668567822755060215e+00
-3.795525753489659704e-01
2.469150961418170809e+00
1.956334111321295088e-01
1.588791588426972656e-01
2.004898699894454017e-01
-1.156891166100375123e+00
2.497315801685153214e-01
-1.002655485167022187e-01
-1.054282136417830751e+00
1.101054033093507023e+00
7.978576514703226152e-01
-1.886210507982379436e+00
5.481260317022915718e-01
-1.518098985530989875e+00
2.938119023964737009e-01
5.721142797123912604e-01
9.971892270819247006e-01
7.237933217740482039e-01
-1.133901200743526738e+00
8.675723485886097652e-01
-1.577958582177751978e-01
1.481612112980211782e+00
2.433322628962020229e-01
8.644803289599046758e-01
4.322868473878198614e-01
3.944536092217924228e+00
3.244149305328284161e+00
-1.625532735059177503e+00
8.159917147714922381e-01
4.759667573478008062e-01
-5.084227723303528235e-01
2.762024594708925029e-01
-4.780183250218161817e-01
-4.519771532643540590e-01
-5.521375294952245438e-01
4.767119783239393005e-01
-3.321444970442549938e+00
-4.210345788623446328e-01
-6.088028296337903988e-01
5.120715064945530193e-01
-4.674513221352984971e-01
1.880596273145076491e-01
-8.533997510192747882e-02
-8.040226820153477671e-01
-2.017068373712809226e-01
3.987962968402999353e-01
1.279443878787280831e+00
1.023859820911020346e+00
-7.583950901837314129e-01
-6.538994739264337719e-01
3.506453704797576343e-01
-7.155022203596766994e-01
8.698858135967317828e-01
2.235360090061307314e+00
-1.593082644139589776e+00
-1.065269386722994094e+00
-1.051925270351794506e-02
2.591284816170173144e+00
