2.463372690726552960e-01
-1.745024315265105042e+00
4.169647119320207818e-01
-9.946136416167529193e-01
1.277372581251512429e+00
4.542129261889484848e-01
1.136085660914958773e+00
-2.423812469974888639e-01
1.462788636055980973e+00
2.760600534499552117e-01
1.221972615617913371e+00
-6.429400753200358309e-01
-2.396371590274050778e+00
-1.165591239527218742e-01
1.005874665650936306e+00
-4.832141652511254826e-01
1.266553910087818036e+00
-6.814674414229171528e-01
-2.911692517046216011e-02
-1.317020132578506031e+00
9.918600753375010903e-01
-2.577253428335930963e+00
2.308152815044086203e+00
-6.214195814450014232e-01
-9.079323567856041333e-01
-9.229465873168334333e-01
-5.055049343749404844e-01
1.443218469518929181e+00
-1.000885030507159490e+00
-1.604579443168150377e-01
2.986984063790689703e-01
3.073308013522951798e-01
2.272812405350436826e+00
1.833591483990748561e+00
-1.353031474768896736e+00
-5.447006649626697783e-01
2.328613658737796577e+00
-1.591247782017681800e-01
2.434260519953512336e+00
6.575988623218971263e-01
-4.674481115403090747e-01
4.421008286954986044e-01
1.095093685605411871e+00
8.787789899851786712e-01
6.935478359984765806e-01
5.938453564784479388e-03
2.072013460578428501e-01
-2.631282504887534346e-01
2.600749254417938361e-01
-2.853546249334092622e+00
1.209205761739194696e+00
-8.031130219447737417e-01
-1.126781107129325221e+00
5.238218821476108289e-01
3.719949935760615833e-01
-8.609608435457438702e-02
-5.127418414995825735e-01
1.349864077569469689e+00
-4.036139477228719130e+00
-2.507413472351278649e+00
2.493669301828473017e+00
4.485707843612460888e-01
6.974618457561623242e-01
2.843581794951888786e-01
-5.928435787540440316e-01
1.951343713173627759e-01
-4.796320960973348146e-01
-1.146239151934235201e+00
-1.794941790965458805e+00
-7.557715598540004631e-01
9.996017366112810443e-01
-6.982122786197288988e-01
-1.783345545151946876e+00
1.875732768023017638e-01
-4.772827885110468848e+00
4.747307965423676279e+00
-1.296523235001922680e+00
1.623183079796742589e+00
6.842938253768389156e-01
6.835924173297186490e-02
-2.321019837437462652e+00
4.684943108941648227e+00
3.171670278589144853e-01
1.157401970550946957e-01
-2.108993552712929542e+00
-7.306599134889415481e-01
-1.228757094138630546e+00
3.057245232565021453e+00
-2.094817384888458367e+00
-4.995574111186041888e-01
-9.990837046835943092e-02
1.697388046342258816e+00
-4.855893986518427519e-01
3.510119176360291249e+00
7.658701122098137137e-01
-1.036771139209426984e+00
1.733048680890504567e+00
-1.259258667137659771e+00
3.137230939194548540e+00
1.389985734629352709e+00
-4.969541626769571341e-01
-6.419983752270430610e-01
-1.032756759970172356e+00
-2.363639795226699647e+00
-1.176798070241127592e+00
-1.904437063372995897e+00
-9.503238273483956000e-01
2.074439417255250717e+00
-2.456597250921424558e-01
1.038232420182575666e+00
5.957273756008891752e-01
1.802494753052207743e+00
-3.664929299889556624e+00
8.954053179687375685e-01
-2.055535470112447527e+00
4.201420651853209343e-01
-2.689672222933854329e-01
3.031672300356204053e-01
-1.244335572731752881e-01
-1.804413969051822386e-01
-2.410116713731556448e+00
7.162242629178330322e-01
5.492431918761737641e-01
-7.471341098447699114e-01
-5.229876724663302667e-01
-2.029104828117742065e-01
-2.738746216380050669e+00
2.304920403287924469e-02
-1.440939164666148464e+00
-2.955632558934785603e+00
3.192567674998286198e-01
1.351286069748099727e+00
-7.084393574325524856e-01
-1.514463382260560209e-01
1.051299845915483200e+00
1.019556658660783821e+00
-9.747846635994935616e-01
-1.797930160442102743e+00
-1.021689217487377954e+00
3.474024909334394451e+00
1.324074617768987494e+00
-3.969700933287707123e+00
-7.451481307429874690e-01
-1.768414913397788890e+00
2.360758528716170979e+00
-8.623024056991690500e-01
-5.579220710376496806e-01
6.875430920748581975e-01
-2.272921970152114834e+00
2.631561212325131294e+00
1.681589407974928285e-01
-1.690653222187315785e-01
-1.104188150038742933e+00
-1.615697218185062622e+00
8.934979545397367939e-01
-1.019739777257177460e+00
7.013185091603638677e-01
-2.338213004046599264e-01
2.900978203326166849e+00
-1.859935865018047085e+00
-4.886118729960120532e-01
-5.743239118253684605e-01
-3.206534378706732968e-01
-2.735648594202633177e-02
1.244049770827820200e+00
-3.559443644234073556e+00
-7.959118770282194166e-01
-2.734367216266605283e+00
1.099192279322488197e+00
1.404065946891610794e+00
-6.735731162688565199e-01
1.591098297967381558e+00
-3.614771884088049170e+00
-2.456679737648752138e+00
-2.272925499036031471e-01
7.561377662463264482e-02
1.960045997100401616e+00
7.639693016708556383e-01
-1.978717240450615034e+00
-1.325455694676023644e+00
-3.845288958355924658e-01
-9.871851739784953672e-02
4.191215065897480052e-02
-1.881250840242243427e+00
-1.451087383059119107e+00
1.943014694452105173e+00
6.543967115900265474e-01
-6.941076497653660970e-01
1.586178177106664755e+00
4.312618555636659190e-01
-5.334961539283033183e+00
2.060390486694145817e-01
3.180333470322375788e+00
1.048633691054745798e+00
-4.244262832986265277e-01
-4.215415215032672913e-01
-4.237996810370227019e-01
4.531939657415251510e-01
-1.032298862473291834e+00
1.801795726009508825e-01
-1.763097218769608676e-01
-1.298688118116757106e+00
3.817897477939463435e+00
1.184697902170563477e+00
-2.810929680700465116e+00
2.042832640559554491e+00
3.227792592381669046e+00
1.698716653080205141e+00
1.155328877045792346e+00
1.830748412459742624e+00
-1.967703835107734722e+00
-3.128995779015770751e-01
1.022386067840996837e-03
8.172505706053190266e-02
4.267069528370224241e-01
-2.608763606258235335e+00
-6.599210581939540798e-02
2.123741358729252404e+00
2.032948248646166078e+00
1.203065846847187981e+00
-1.542005040088531453e+00
-8.653833652201965432e-01
2.071233452898486593e-01
-1.080367164775944744e+00
-1.625696855346348002e-02
-1.012504721108271388e+00
-1.402564647426910005e+00
-9.213085784761932961e-01
9.802570019319860606e-01
9.263437893402608481e-01
1.871130126735750521e-01
-4.842528734302977700e-01
5.334633379766526851e-01
3.085570935430599349e-01
-1.283788190671519280e-01
1.014494994916723680e+00
-3.777056659864288513e-01
1.242946494250887213e-01
-2.095505510198278465e+00
-1.402994679332855155e+00
3.333463416017510283e+00
-4.174059950391204588e-01
3.222860325361278200e+00
1.732308357436829205e-02
-2.351354592623472239e+00
-1.132305191592490878e+00
-1.887188286423453487e+00
-2.003879747314416093e+00
-5.264452954199314583e-01
-4.900701463695719129e-01
9.546178655510770827e-01
-8.910137396975444934e-01
-1.152813555822554292e+00
1.587253093781694879e+00
-2.762770970960911843e+00
-8.406704580126467263e-02
3.251355605562483930e+00
1.163323113572569234e+00
-1.728328048177582676e+00
-1.135800859531056695e+00
-1.377668158010396215e+00
-2.770495871106191554e+00
6.529849414598007940e-01
5.725875663283801487e-01
1.917369266704434416e+00
