5.618250661341852581e-01
-1.223918552358496115e-01
-8.017563240546892178e-01
-9.529938505869175458e-01
9.511121769607278065e-01
4.780367778245531163e-01
-7.502374033200231995e-01
-9.058292593025110140e-01
6.695674718991373453e-01
-2.514491452816309813e-01
2.717711164681089198e-01
-9.314905868797531685e-01
-3.996279145427907853e-01
-3.372754200345144948e-01
-9.226796775015320140e-01
5.131504052984732223e-01
-6.481999888484339944e-01
-7.363739111173202012e-01
-8.761587529982639566e-02
-3.852337971498021041e-02
9.969630488489502618e-01
-6.040792202300875324e-01
6.560784365154921360e-01
6.041982815236675020e-01
6.214741314042648845e-01
7.821218925201203209e-01
-7.464680877792411184e-01
-7.087326922810754937e-02
4.398404478755078006e-01
8.860616720048450912e-01
2.784418797205678864e-02
-6.120171337521507215e-01
-5.786469241715164191e-01
-4.956729770617467334e-01
7.071327857705038689e-01
6.963259677349074028e-01
8.920577252077994679e-01
4.480401251922272454e-01
8.732552417944108303e-01
8.040558152177967877e-01
7.608768235347502795e-01
2.501456340456520433e-01
5.038801507184142991e-02
4.777729877675991332e-01
5.559655231695050936e-01
5.030471187329497162e-01
-3.762272353078297549e-01
-6.691653698155306529e-01
4.154721111840788961e-01
-6.302424106185871011e-01
8.438569474085633182e-01
6.510881557653629415e-01
-9.452080870799297596e-01
3.302367853805872056e-01
8.816722711734950035e-01
-8.121165248974413498e-01
5.865247457057438663e-01
-4.033222253155610559e-01
-3.611762776118734308e-01
2.832634770694526516e-01
-7.380786022334260288e-01
-6.462887903269949330e-01
-9.107994263512486643e-01
1.190479414543283987e-01
-2.955181468460554850e-01
-4.042301562097871948e-01
-9.352485698914763113e-01
-6.756288429478869428e-01
-7.912202951666369444e-01
7.757210512256726975e-01
2.740356118434039701e-02
4.188104305938571414e-01
-4.355780099103312430e-02
5.425579132594182674e-01
3.565808942200996423e-01
-4.337466672969536585e-01
6.497351763572267735e-02
8.033423544005415806e-01
-2.961425971737792207e-01
3.345441475646138141e-01
6.833141352566494131e-01
-3.311701972315503895e-01
-3.095109754402263214e-01
-4.471465256004008015e-01
8.695920476307472669e-02
-8.148634793052587089e-01
4.627616874170339401e-01
-4.036236497562288861e-01
-7.181574853402716840e-02
3.035415448054077370e-01
-4.151997990189848498e-01
4.207404147092530522e-02
3.488631484649262759e-01
8.335501418727118139e-01
-4.091370507962541758e-01
-2.070469631970741631e-01
5.970909709263456655e-01
-4.836116230570473018e-01
7.808788841359655120e-01
-8.023493581290432886e-01
9.576647833900311380e-01
-3.654646916239197019e-01
6.227586237664937130e-01
7.317823685637181441e-01
-5.946655653157912891e-01
5.692564158450597045e-01
3.339426738459176924e-01
2.295456470484369405e-02
7.589904665502134051e-03
-6.498685959727745765e-01
2.078026921307341013e-02
-7.878143862914990248e-01
2.733586854188863047e-01
4.114488788787351581e-01
-4.104709811747087045e-01
-8.481811312859810492e-02
9.011863503791868180e-01
7.603271580409585173e-01
1.226809032757043560e-01
-9.514688051308726191e-01
-6.835562176088114672e-01
-5.467424924130259711e-01
-2.694784289407183842e-01
5.288415992350592454e-01
6.447476071506934581e-01
-4.321889113362904489e-01
3.573439806628400106e-01
-3.134127116525187162e-02
3.850914704721741799e-02
-2.624037393106815053e-01
8.669612488747631129e-01
7.938166007918681100e-01
-5.753467685894908534e-02
-5.566405367180680130e-01
-6.053005214830171621e-01
-9.502737062723620731e-02
-2.615626055029678376e-01
2.500498087638387545e-01
6.197960678218390473e-01
9.276127370874753808e-02
-2.800587401790226583e-01
9.082988034876899874e-01
4.577521671316302498e-01
-9.157602312402679523e-01
6.518977587553576036e-02
9.499450368974915460e-01
-3.505993194756489295e-01
9.234652799034210879e-01
-5.214104227783395995e-01
6.071848222545039864e-01
3.464386161350847537e-01
3.272712236246599904e-01
4.355256795174424767e-01
6.980721228175612580e-02
-2.644633181868514260e-01
-7.054548419170103557e-01
-1.027214380930259185e-01
1.036585446086879525e-01
-4.731178728039935333e-01
7.446756022641749517e-01
-6.694782785446375950e-01
1.293224161197834565e-01
6.348201410313636384e-01
1.756872974295653478e-02
-7.449808424585262490e-01
-9.107613241169554286e-01
4.139135290939506273e-01
5.972169584035291745e-01
-1.155512171528556564e-01
8.922987120713208320e-01
-8.780714890771412762e-01
4.081570597543635603e-01
4.281652026072511052e-01
5.675933328985658388e-01
-7.825673632914518230e-01
-8.747137364205102017e-01
5.342037186501780166e-01
1.096853526613321694e-01
-7.277386066268689557e-01
6.644472334706532646e-01
5.622313552318352059e-01
6.351172460322993540e-01
9.092992291477473010e-01
7.380663388691475202e-01
7.782341428157519836e-01
-2.296480353375356387e-01
-5.904793375933821142e-01
-9.250800069453259944e-01
-8.572812496324939691e-01
-8.664245013526117312e-02
2.480366434339684734e-01
-8.298654024930500750e-01
-8.227299401455945294e-01
9.027370630536382112e-01
-1.171262928449212648e-01
6.796305424093320724e-01
1.674626224996913493e-01
-9.557749460704494382e-01
5.211835536627504872e-01
-4.985190666228578316e-02
-2.055581691207981621e-01
5.313736077895689913e-01
8.438158598605938199e-01
8.794893953659903563e-01
-4.809463997838849814e-01
2.509291454807724975e-01
-9.403364188854899108e-01
7.248136095742199192e-01
4.739589413718481303e-01
3.193499780094986029e-01
7.132843003672173499e-01
8.960271252237470563e-01
3.718352422635999854e-01
4.317701096212978040e-01
-2.939850068606346678e-01
-2.772053747159743953e-01
6.983981461830326420e-01
3.005623854784023052e-01
6.555785999935448416e-01
-8.286505680358360326e-01
7.204795240294354919e-01
8.088951325473325848e-01
-6.916732604433935006e-01
-5.470250546500663447e-01
-6.997589009117466397e-02
-4.805070581249437645e-01
-6.563544465449711041e-02
-4.013726125482204310e-01
-8.514041878898968019e-01
9.260073931654446699e-01
-5.849775855263739111e-01
-8.309884774127582752e-01
7.902984263151973110e-01
9.400340598199272701e-01
7.297351057517160733e-01
1.325262434003195988e-01
7.379078061399590993e-02
-4.100003025560794434e-02
-2.192427310748765734e-01
3.348427281230650365e-01
7.368787703400985212e-01
9.086320091691246770e-01
-4.100528115358081926e-01
6.094008467398239759e-01
2.418921444905264284e-01
-4.142753200305566708e-01
-2.944984363304661290e-01
-8.391706397190616951e-01
4.845547523817683722e-01
6.441237624658802119e-01
-3.387028934413058856e-01
4.825088521895215532e-01
7.853903118609339984e-02
-7.901518863306185025e-01
-4.721862191316845703e-01
-8.414299728748453333e-02
1.489412239650331760e-01
6.640154489750822453e-01
2.504298561193007977e-01
-1.115327930665710454e-02
-4.801155952037070573e-01
-9.427428758608205062e-01
6.767562088720993074e-01
-5.212848975675858920e-01
2.274152349101454806e-01
