5.418959829209923917e-02
-1.761320099317513765e-01
6.549626505530976583e-01
5.688258530316918637e-01
-4.383640546176281738e-02
3.647264965321350694e-02
7.241779716860785587e-01
6.480641353403804317e-01
-8.367443099078917257e-01
5.231793561014825844e-01
6.032895350873568319e-01
-9.290786716708607784e-01
-1.470501135195809717e-01
9.001464447167277783e-01
-6.720949351233456159e-01
5.633394911667082283e-01
9.144953348025854911e-01
-2.277200046572160907e-01
-9.062945108289592877e-01
-5.012572842788736160e-01
6.418929514391187308e-01
-8.680059980722354407e-01
3.307228738284577751e-01
-5.646487482817308390e-01
5.783879353938292667e-02
-5.223416211528613129e-01
-4.672266626944943102e-01
7.014520563094532868e-01
9.129144863784515174e-01
4.065856047041638277e-02
-8.121554615354737994e-01
-8.164499736869310631e-01
-6.127945197251256637e-01
1.063482718784958259e-01
-6.358887430956132736e-01
-9.179193464145882775e-01
-4.261678470972936061e-01
-7.085693772869239293e-01
8.587984471024303623e-01
-1.013559523018008335e-01
-2.887250250609538771e-01
-4.903087822834117926e-01
-4.557083467383675757e-01
-8.037618221651714467e-01
-2.383614103966658071e-01
6.009655584544579821e-01
8.620236769025293455e-01
-2.006114081648360248e-01
8.627722519754923436e-01
-3.690066487932246453e-01
-5.329133077957883824e-01
6.916244591696580901e-01
3.787800357367259174e-01
3.458483381338028906e-02
3.744819666295002847e-01
3.333322934984692676e-01
8.451344154356170701e-01
-8.866337862969750905e-01
8.922294533610475309e-01
-2.245533510365134156e-01
-3.781135555345289667e-01
-2.392865545757980605e-01
1.103869485734467748e-01
4.885910654428005095e-02
6.330498835669324809e-01
2.173981051290716504e-01
-4.340093929339985390e-01
-9.443297049304577584e-02
-2.541361891427085240e-02
-6.177970357624424924e-01
-3.986882479466249407e-01
5.189082834177201065e-01
8.902707435428331983e-01
5.768716139643748075e-01
2.084605094598390718e-01
-7.047560653494722160e-01
2.455854733310700588e-01
2.305092900031080472e-01
6.958518650156175767e-02
6.382120747390529480e-01
7.887247283107079454e-02
6.159000629547084493e-02
-9.039217184841128461e-01
8.737684969693038095e-01
3.512087046408578495e-01
3.094992716209936656e-01
3.458363356546079181e-02
4.559537882932549469e-01
-2.137099677943092857e-01
6.033145054919994976e-01
7.131368667878039691e-01
-5.261171901122274619e-01
-1.073528625628843436e-01
-4.345527919698732866e-02
-9.642089968524032439e-01
-8.397795801904874846e-01
3.295078873020123034e-01
-8.073784031266828531e-01
-9.181092763804032941e-02
3.897775434825574425e-01
-9.600409042202349141e-01
-2.051784578848538931e-01
-7.643926467388260093e-01
2.149242230183727731e-01
3.196861001108868283e-01
5.640183873150992344e-01
9.488507046612373319e-01
3.873702620112200457e-01
-2.984656015808828666e-01
-8.080755811741140437e-01
6.318625865728133562e-02
-6.226327542408425231e-01
6.019233382249449260e-01
-2.446246703324270744e-01
-4.616862001964441298e-01
3.697690668838236050e-01
-7.803158957578271160e-01
1.758579075875066344e-02
6.235192487681033846e-01
5.334562599829688612e-01
-6.786311671590332661e-01
9.262893045744349241e-01
-3.036297465029043074e-01
-3.502990893819093454e-01
-8.644770062149431666e-02
-4.280315551913662642e-01
8.334013775150033165e-01
-1.778899397961630768e-02
-2.549092455153267878e-02
9.294511181470184180e-01
3.651648997558369913e-01
-5.292913506255636502e-01
2.341925099328128201e-01
3.897775434825574425e-01
8.451344154356170701e-01
4.314650321978776848e-01
1.123719690631608259e-01
3.616742314131013991e-01
-2.956364116554226484e-01
-3.987291045967535918e-01
6.119649708705745539e-01
4.721855811391828528e-01
4.946790413086141758e-01
6.237475468157076541e-01
-1.770123649267185684e-01
5.807556173377548259e-01
-8.870401348948007136e-01
8.729791667598796323e-02
7.942784680168957223e-03
-2.417063087520545661e-01
8.667393148176474327e-01
3.397250434497653959e-01
9.702850862444210023e-01
1.808190570257774965e-01
5.444063708446431615e-01
6.662332768707124320e-01
-1.700443244873903748e-01
-5.614127950627707531e-01
-3.044397936996317000e-01
9.217200361754054327e-01
9.924704324916058251e-01
-3.036297465029043074e-01
-3.597885576549821884e-01
-5.346320557536230478e-01
-5.668352510830338975e-01
-7.430972365424803883e-01
-3.970255985379453900e-01
9.387803977661182131e-01
-2.346958700853851720e-01
6.507715069757704640e-01
3.786267306862041160e-01
-6.563184581835346254e-01
-6.856087708425342431e-01
-2.393533648906371880e-01
-8.080755811741140437e-01
6.681175636112255400e-01
-1.234510986198344984e-01
-5.763733437676963334e-01
-1.639505498063296152e-01
-3.481626822690364609e-01
-8.748990730723498199e-01
2.162364727181553814e-01
9.196648177712751782e-01
-2.064706275345378206e-01
4.030528143767881932e-01
-5.269507204719736659e-01
-2.640965804405865924e-01
3.727310426183527703e-01
-6.786311671590332661e-01
-2.547262689828155846e-01
-8.533417276049179989e-01
9.287300210825799596e-02
5.030911480263000612e-02
-5.954110919250332756e-01
-8.870401348948007136e-01
4.899783723621211617e-01
5.250744633000072881e-01
-2.328798306813006924e-02
5.135628025535503571e-01
-8.672525980334913065e-01
9.408953991318393939e-01
-1.543620698079657405e-01
-7.002450889597879868e-01
-1.428050676109959838e-01
8.519171744179951933e-01
-4.187062362274551752e-01
-8.325921780521967630e-01
5.272902429218364606e-01
-8.984055065312324118e-01
-2.850873854611173375e-01
9.871397730050501806e-02
9.730685300199370946e-01
8.186439459194025936e-01
-6.303416988889334327e-01
4.126091510146867591e-02
3.866593506466109442e-01
5.004096763991303654e-01
3.595069869479778912e-01
4.297442396245685359e-01
-8.866337862969750905e-01
-1.095102651369699309e-01
-2.674536434179834998e-01
7.313655442371942428e-01
7.050235900816386181e-01
-7.908462931485713554e-01
-4.039277395905340740e-01
-3.769339751204159317e-01
1.628074512065682544e-01
5.623943075629544985e-01
-9.388387176821131330e-01
-3.627464269784919093e-01
1.603196797452628442e-01
-9.089850709092615055e-01
-9.711954843325008024e-01
-8.397795801904874846e-01
-1.865835842598344563e-01
6.294662117368052812e-01
-8.547760570034390604e-01
6.907815814731996795e-01
8.306545577221837728e-01
8.596506581874940878e-02
-9.122681190946937413e-01
-9.826794461503116640e-01
2.667381710707887876e-01
-1.574953429476746436e-01
-6.539599790738259699e-01
-3.273250695455294235e-01
-9.208503041079838525e-01
-9.605592806068712353e-01
9.205725090189915694e-01
-3.041404213618648100e-03
2.945788690210484617e-01
9.176637651410233243e-01
3.708579411007413285e-01
9.785017473653443432e-01
-5.757778075914605775e-01
-3.132297836249380296e-01
-5.133589464785974776e-01
7.866679912242784400e-01
-1.986173763725584962e-02
-2.346958700853851720e-01
3.525263822497342048e-01
7.968821489349413589e-01
3.809656133931715871e-01
8.277379020998336667e-01
