2.368682171550576587e+00
3.840549312823462458e-01
-8.399849950010040978e-01
1.276117160863971645e+00
5.925927434568826202e-01
1.517648332013162016e-02
5.327228091308287006e-01
-2.368642221334059883e+00
-1.564788138801437078e+00
2.419824147264767467e-01
9.522397146526295764e-02
3.242887935199089133e-01
6.830809312268880662e-01
-2.849696770077525088e+00
-3.001896578240567659e-02
-8.077766495288811743e-01
-5.682966446311621400e-02
-4.262010904653584120e+00
1.756783483043198979e+00
-2.000713265508795580e+00
2.736349068093043790e+00
8.963822095072190299e-01
8.200878734641304790e-01
-2.848205000586602864e+00
-1.104747904832765304e+00
3.786809463571715106e+00
4.034926354994185616e+00
-5.608744211440685329e-02
1.091947384546987365e-03
-1.024150980394289867e+00
-7.202113701738730445e-01
-1.786128291609706764e+00
3.132811411351471564e-01
4.475321906970521901e-01
1.799719545461785142e+00
6.729588875326806274e-01
-2.353377269697314311e+00
2.453202833112475556e-01
-1.111476183624899861e-01
-8.846869946707480725e-01
-1.361834537143418178e+00
-6.534481881863070107e-01
7.685431648703140439e-01
3.179527874467255044e-01
3.704027280395439270e+00
1.646716532753234485e+00
-1.019934521392656279e+00
1.947411808973842362e-02
2.955259651758020745e+00
-8.329725333761422990e-01
-1.402180886237055502e+00
-5.200195791503583465e-01
2.396418937652085468e+00
-4.320959544276476993e-01
-9.748110352708464488e-01
8.630508920109629667e-01
8.694757703886510924e-01
-2.601947895627847451e+00
-9.534295599676625432e-01
3.503153819192541540e-01
1.239473373806887491e+00
-9.829579788350866210e-01
-8.647655009190843289e-01
-3.090012008978822333e+00
4.679299229828717266e-01
1.890029406806802426e+00
-3.131407437944517369e+00
-1.057804035143239396e-02
-4.784458118501631052e-01
-1.602016821241456723e+00
-1.005249395520347866e+00
-4.569792774591042162e-01
5.845119633366127054e-01
-1.142604137003462750e+00
-7.911341286931894423e-01
-9.987241032976148514e-01
2.772166537912190143e-01
6.530262439475413849e-01
-3.297594045680568575e-02
2.611052153581056023e-01
4.822555070593481097e-01
6.421185650385441424e-01
-2.152702569424097767e+00
4.643322895973968079e-01
-1.461219860698600437e+00
1.989503408386078975e+00
3.821191068297811189e-01
-3.133295277231207265e-01
5.942369835618842577e-01
1.019454456213173099e+00
1.860079538236812269e+00
-7.112747919605227898e-01
8.497144435691206255e-01
1.049284234201923294e+00
7.908764374352211801e-01
-1.455945670129301206e+00
-1.800583663983813754e+00
-1.577968633387528685e+00
-4.134194479730910476e-01
-9.173837534222640810e-01
1.698934805879747989e+00
1.109875960755176028e+00
-1.305281583023230274e+00
1.230981123410886724e+00
-3.010321783699361653e+00
-7.134450017219666762e-01
-1.785748904451321950e+00
3.594850846123798238e-02
2.922215405912816255e+00
1.269085817053587917e+00
7.101267989404185244e-01
-1.548929042027128444e+00
-1.532342540588992996e+00
-3.507875151993535834e-01
-1.090869452044523902e-01
-7.319953160616520238e-01
1.289324398723256770e+00
-1.759386092391279410e+00
-1.108134122017689460e+00
-1.016740958981443121e+00
3.180279126177776305e-02
9.218565970475832705e-01
-9.251326149311456248e-01
-1.176303196974923804e+00
-1.194422962351586737e-01
1.253056210104476875e+00
1.407896950129565061e+00
1.232552229319791692e+00
-7.500694114842046956e-01
6.001823662151951622e-01
1.842914273243630330e+00
5.476960028620569965e-01
-1.376029535051489727e+00
-1.813624425241290083e+00
-2.060704876394093832e-01
1.515103183112545659e+00
-8.173205879477943858e-01
-4.663170322995902062e-02
-5.129321532309921716e-01
2.916319813798728955e-01
-1.477764892468787616e+00
1.981266978584752536e+00
-6.664933845498818288e-01
1.411313523770191924e+00
1.187279476983860826e+00
-8.683582877499163022e-01
-8.396599181464549089e-01
3.909908535074897440e-01
2.968074065315216004e-01
3.695470138012262318e-01
-4.069523019885862847e-01
2.889333489685503298e-01
-7.400104954934155765e-01
1.690800216949791546e-01
-2.746877643446815398e+00
-4.201949668171011121e-01
-1.281870959674080934e+00
-7.706953673802241500e-01
-4.914563568646128644e-01
-3.114847573666652547e-01
1.646211453168899830e-02
-1.370367337569148303e+00
3.690584751740084157e-01
1.229753954001550076e+00
-1.510602090208802872e+00
5.391494088810382390e-01
-6.104700315617561657e-01
8.993768789649976281e-01
4.509970133201985476e+00
3.017019147447137506e-01
-9.435326321185899534e-01
-2.773883232476055838e+00
1.812885196757069828e+00
1.133646461566062857e+00
-1.700961651313422029e+00
-3.115166947903743044e-01
1.497922726552479933e+00
-4.448577404439129079e-01
-2.540664338213578066e+00
1.878847137408780954e+00
-2.583606985460827343e-01
1.461289823989550651e+00
2.159695443462589459e+00
-1.107496909676620955e+00
-7.313507805468106859e-01
-3.720896964556719144e+00
9.369359496051276048e-01
-2.976634990626810140e+00
1.862053343249257420e+00
-1.257824725742413774e+00
-2.270050961977053472e+00
-3.145879624999189383e-01
-1.019960882427092486e+00
-2.076596173401330514e-01
-9.998130986014293065e-01
2.604428878777555134e+00
5.043513830480967908e-01
2.487945383868115368e+00
3.072657850076998542e-01
8.310205957832852430e-01
-2.924795228690821869e+00
-3.078043086929091121e+00
-4.097601983055731978e-01
8.436540015764172340e-01
-2.781912425668318645e-01
-1.813174198597899967e-02
5.398883587404605944e-01
2.037123188006165542e+00
-2.312131407923820603e-01
7.789231658500334055e-01
1.040819087849427893e+00
2.584015265037156173e-01
-2.617379065878179256e-01
-8.788346154985071657e-01
-2.717538318605492442e-01
-1.311591450270857662e+00
-7.117746724525209068e-01
-2.639040599695193778e-01
5.542534337303186120e+00
-6.214476249210860725e-01
2.893627729059519815e+00
9.908926095647972998e-01
4.526382829435784405e-01
1.491579649675077279e+00
-1.292821219437692237e+00
2.039271842680411062e+00
9.654292651256409785e-01
-1.051143018774546967e+00
-9.598690814270972593e-01
-6.601769319181676199e-01
-8.132239925665512015e-01
-3.426746178288530564e-01
1.127832049405048220e+00
-1.571153310008734261e+00
4.154559327702279647e-01
-1.033013563922330791e+00
1.056006508155211243e+00
1.369783445010532563e-01
-5.292274823915099624e-01
5.391217835002152237e-01
-4.381637600794254794e+00
-6.755819216427314533e-01
8.887461012401027816e-01
1.874169066459018929e+00
7.582383339452252180e-01
-7.443076424967232096e-01
4.367726961103839400e-01
-1.134729519992899949e+00
-4.459158878451581209e-01
7.116601707363987561e-01
-2.571679346768203533e+00
8.198613843667982293e-01
-5.214031639920508887e-01
2.492732822200949272e-02
-3.635943919310768990e-02
4.709675266414984351e-01
-8.823668229971838306e-01
-5.063627583567387180e-01
1.300705026054993496e+00
5.113624310029551978e-02
-7.046564679470490589e-01
-1.029360089734293049e-01
7.359358975902807742e-01
-4.563539634376894139e-01
1.133016144027050309e+00
