-3.251394924968913358e+00
1.045973708250867551e+00
5.364433675423558867e-01
6.895088721201473314e-01
2.646245757862830672e-02
2.095768685911837625e+00
-7.449711261952685071e-01
-4.723221752889394942e-01
2.079876919206346653e+00
1.868375483207182164e+00
7.641461666715951839e-01
-7.232758248384383304e-01
-2.124285438124494441e+00
1.500128849372208251e+00
-4.977901731018188336e-01
-9.902043521000389870e-01
-7.577396623150322030e-01
-1.811765598347327089e+00
-6.480056818725887791e-01
-2.021797384013713561e+00
1.573590590427130786e+00
1.099509573559824593e+00
1.341871536910431040e+00
-2.532427429157696475e-01
-6.143117405784095375e-01
7.357613321985992938e-01
-8.722942626402852007e-02
1.307804435278118849e+00
-1.080504560457560492e+00
1.173348187926071429e+00
3.203208376293247284e-01
2.779171355559456602e-01
-1.361399486231573697e+00
5.083245545337948812e-01
-1.746530542490165594e-02
-1.305161285149429640e+00
1.882899423581627429e+00
1.708457442986150709e-01
-1.511817057257517916e-01
-1.297693293699861528e+00
-1.627699334171534673e+00
-9.250005955281880299e-01
9.830949578051650928e-01
-9.417495666455715231e-01
-1.946742709406246608e+00
-5.159833246386773542e-01
1.043913829898072576e+00
1.254333723595818517e+00
2.045356057837194541e+00
-8.138518566316599312e-01
-1.588445166437785439e+00
4.100567322201622567e-01
-3.219523285972142546e+00
-3.135065476786964567e-01
-3.266031956751367371e-01
1.652490038252328874e+00
1.539405718483422003e+00
-9.448005712069947881e-01
-2.743585274543269281e-01
1.944027245448273877e+00
5.310499114477938987e-01
6.752493791937795864e-01
-9.227719497916762881e-02
1.899972452251686761e+00
3.696833638663905575e-01
-1.912343267319302820e+00
-7.349650227603699015e-03
2.428995137217143663e-02
7.667156675083582895e-01
6.198258995056415976e-02
6.320326466731581716e-01
-1.132058030075379751e+00
7.999419648688278484e-01
1.677452382189745794e-01
3.029639167856645887e-01
3.154838982767227407e-01
-4.878671842671689074e-01
-2.250382050105587117e-01
1.598281551535721601e+00
4.564375832294076396e-01
-5.819547237732465295e-01
-2.192797884903787686e-01
-9.503964301796241632e-02
6.601674490009699081e-01
3.600681827664986567e+00
3.902374340527605678e+00
-5.228887720027591834e-01
9.676110881203742187e-01
-5.793927258932085600e-02
2.690366789286120497e-01
-2.009603436834171752e+00
1.150863213535382457e+00
1.588435988862702652e+00
-8.671054948798508910e-01
4.436099622804197118e-01
1.151586547937747396e-01
7.482903170034522766e-01
-1.955076439890272910e+00
2.893024189942098978e+00
1.052927719216369296e+00
2.472635136550362489e+00
-1.475552305633315964e+00
3.547683661741975469e-01
1.223302494065358292e+00
-2.029673347325784860e+00
-2.527863859795025370e+00
1.696868046933158514e+00
1.807429324008374749e+00
1.134878843893378786e+00
4.169133566583905770e-01
-2.589676402154967860e-01
5.678923811274773081e-01
8.642075175224122052e-01
2.462187435343199837e+00
2.483912171191910989e-01
2.614493309718401992e-01
1.711909755534160471e+00
-1.016879454911175706e+00
5.908735586420947872e-01
-1.423948583516250754e-01
3.903830106731309146e-01
-1.899382261583442144e-01
1.043973395041014607e+00
4.499155345730494471e-01
2.461106471792977590e-01
1.808318515363975809e+00
-8.930105323881645241e-01
7.651226092536604906e-01
-8.558200336413585019e-01
-4.252295564376815662e-01
-2.232408721016107656e+00
4.834239882150996870e-01
-2.229492194809126193e-01
1.897592532791799513e+00
-1.729994294155793533e+00
-1.706781125194059223e+00
-1.932744431027705323e-01
2.170729310028622350e-01
7.505764448159499835e-01
1.361798036482843699e+00
8.580460454617261368e-01
2.536694276864033815e-01
-4.095574003677603381e-01
-1.567035446858832781e+00
-5.727336068017717663e-01
2.685762050842179782e+00
-2.069011522006892756e-01
2.183292273081244961e+00
6.143955745586000550e-01
7.597185979762015595e-01
-7.298009308140767093e-01
-1.435443086130430812e+00
-5.865171651282301557e-01
-2.230547739179666866e-01
-6.681396054961193931e-01
9.189255978286391402e-01
4.627709451167703492e+00
3.417454414829440568e-01
4.621437410053910178e-01
-9.507740749736193209e-02
3.922643925402491405e-01
-1.108556026638869429e+00
-4.681451582445964377e+00
2.218080381041387383e-01
-1.829228683215313733e-01
1.349009791454134133e+00
3.853509334133383701e-01
2.781903680970665427e-01
1.404209604174944559e+00
2.038257827247604403e+00
-1.124235806307304908e-01
-3.897729317532361293e-02
-2.873920694434890066e+00
-2.695441947363101054e+00
1.755676408430328905e-01
8.322332649226458212e-01
1.427232715589544787e+00
-8.158161623074962066e-01
1.491957566453167017e-01
-1.070020106330557885e+00
-2.579951640320431672e+00
-3.514025680315779887e-02
3.649085863418627951e-01
2.583187291064344304e+00
-2.534206316216491839e-01
-1.408146934410866802e+00
1.432605438896965566e+00
-4.045047647908293076e-01
-6.955826488392231610e-01
-7.997758976919349116e-01
9.383277995099652546e-01
-1.841000960273078579e+00
9.914634744566781510e-01
-9.920977991106305627e-01
-1.899335633389651612e-01
-1.485648253232908500e+00
1.352178334275730531e+00
1.942657461180603118e+00
1.560126037068614524e+00
-1.032722800906047400e+00
-3.108027596721814056e-01
-6.629836155122171837e-01
-1.837649256669662723e+00
2.197885939895892538e+00
-2.418129253884184759e+00
-9.948139547161235496e-01
4.649862599988385248e-01
7.731670692534784450e-01
7.514022171383907267e-01
3.034203069058484248e-01
2.742008655442647047e-01
-3.090055749526830375e+00
8.606873729615979185e-01
4.182824632818016308e-01
5.135809802536335233e-01
-6.855842976875744510e-01
2.441898241165715300e-01
-5.312638783646086438e-01
1.870074039805457833e+00
1.684417588519599551e+00
2.783710792118367916e-01
-6.410120919176505172e-01
1.696870527574980692e-01
1.549498142404297507e-01
8.418475635320424866e-01
1.661507277490079648e+00
1.121076250737369495e+00
-4.636610143505906501e-01
-1.682255561824036461e-01
1.128587200300924742e+00
1.386599119151665116e+00
3.314140353987929943e-01
1.486595243304433822e+00
-7.322419002530662357e-01
2.265814049364107685e-01
3.743564095934989178e-01
8.650221957486214919e-03
6.715652732583634599e-01
-6.335541451818365033e-01
-2.401583474296057341e-01
-1.159356232219834193e-01
2.442986999076088295e-01
9.859185614716847734e-02
3.931856667318542442e+00
8.873671764450434818e-01
2.792121140477947239e-01
3.191105488952235447e+00
2.066350336757324602e+00
2.271731610464515771e-01
-7.208600910432559905e-01
-2.059468294262059906e+00
1.958124683532981081e+00
5.020956326255494595e-01
3.221441510480605341e+00
8.856293989665833255e-01
-2.802974922389896983e-01
4.508820834108444031e-01
4.430136695397039581e+00
-2.101516707583539478e-02
-2.282872652466776120e-01
9.076518212964573840e-02
-3.750139821736828694e-01
-8.009655824986148254e-01
-1.899438870067080343e+00
5.582775071589529681e-02
