-3.764356133702628782e-03
-1.637080136059350099e-01
1.487299636162107142e-01
-6.671776912972064988e-01
-3.843921946175272719e-01
3.010087556244223084e-01
-5.277345566228788254e-01
-7.157011076881352185e-01
5.670918793046189066e-01
2.589150048426305251e-01
5.813541938365409667e-01
8.074814672885475275e-01
9.717701677841825703e-01
8.849284454412338352e-01
-3.029412742388541968e-01
-8.321853338169686864e-01
-4.864278043094574233e-01
-1.177235900172157734e-02
-9.477735644016473948e-01
-3.834853029866098773e-01
4.616773612340958621e-01
-2.145950966438507912e-01
-4.724679799518136658e-01
4.424368431700909099e-01
9.823993545439384523e-01
-7.320949887646110987e-02
-9.566129472525293220e-01
1.446212752635345211e-01
-7.995376398687565889e-01
8.901563430966248358e-01
4.777518828374014426e-01
-8.317985388769315591e-01
-3.870062679535828387e-01
2.113131669725083484e-01
-1.411550068767277732e-01
1.183866010754230924e-01
8.952416285671525031e-01
-4.779060343157204294e-01
-8.963567541312233988e-01
-6.911604356567662144e-01
1.523684826609912335e-01
-7.933539973433050285e-01
1.087615790480520594e-01
-1.530689529809892147e-01
-4.782599992352720708e-01
2.724825707505469374e-01
1.861027617452635230e-01
8.922381159039241005e-01
-3.878419065171530011e-01
-8.202956935250993453e-02
1.642017752831046451e-01
4.604888603911698741e-01
8.239983665631702703e-01
7.636774404441071251e-01
5.168603695256792641e-01
3.749042297807010371e-01
-1.188403659041088467e-01
-4.249811327275285766e-01
1.303819188259434103e-01
-1.783969341469553438e-01
9.698514665538038315e-01
-7.293949682882661101e-01
3.389119941225080535e-01
-1.035188765038619341e-01
-8.358334536604736797e-01
9.324384621804302498e-01
6.375702525576207869e-01
2.307135917611802256e-01
-1.397564560632418296e-01
-4.265206816684774527e-01
-8.801976642811304430e-02
9.235278196715248633e-01
5.283617645575011679e-01
7.505120228721195996e-01
-6.874919987545435873e-02
-1.632230668581040600e-01
-8.634940031159124008e-01
1.054306428175939558e-01
-2.574975184096917058e-01
3.290599193575673986e-01
-3.842332024065304719e-01
-6.361008261327807389e-01
5.882052257886811741e-01
6.601717004609908290e-01
4.640445696163715272e-01
-1.252483223871787565e-01
7.846090246632078102e-01
-7.110358187037153499e-01
-8.735906096078394079e-01
7.828895965796680567e-01
-9.336943946478397649e-01
2.337221785953733644e-01
-3.174274170327364697e-01
2.828964719584701193e-01
9.648389668214518711e-01
7.181947462600046794e-01
6.342321769963175093e-01
-1.069183118648187047e-02
-3.465333009507944872e-01
-1.951984501228922753e-01
-8.581403005257184358e-01
8.204786379939024155e-01
-3.662735105826453452e-01
9.487640020389545015e-01
-4.687672798745046165e-01
-5.725411902472368197e-01
7.434215619132669151e-01
8.665969465624727697e-01
7.785935142289028832e-01
-2.792038432943804160e-01
-6.070046480136519484e-01
7.838859274713008141e-01
4.928518071518648291e-01
-7.949909028635866459e-01
-8.523458380197046491e-01
9.342092329371920467e-01
-5.572036451125965684e-01
-6.556530098356261327e-02
-3.230564160827893438e-01
-3.535135737096413155e-01
-6.105146891529178443e-01
-7.495484825394116424e-01
3.175035654361584303e-01
2.118763778188579305e-01
9.311883863582459675e-02
9.267668131613893134e-01
-8.807433549664127614e-01
9.412885478840902209e-01
-7.774982582429195155e-01
8.104503973988157473e-01
5.559776734603441017e-01
9.259104576527161790e-01
-9.015396840367095876e-01
-6.159843114274530240e-01
-8.538851009457963936e-01
-6.554916979531928423e-01
1.839141645768327393e-02
4.280367686123656146e-01
-8.695209230638001330e-01
-6.174477720521740487e-01
9.406444388809891421e-01
1.009018667096819311e-01
-1.080925886162438232e-01
-4.278677876719110262e-01
5.505866740733098563e-01
-9.910096933869159130e-01
3.450046353191216220e-02
-5.476979637947287927e-01
-8.928607219376378801e-01
-6.193372975025130955e-01
-8.262601296602640755e-01
7.711006852066513151e-01
7.760656062219668527e-01
9.968990149831153946e-01
5.210008614207539690e-01
-9.777739854424445376e-01
9.827787499651496894e-02
4.499821532969565663e-01
-5.320516146091329723e-01
-9.698547301242967933e-01
-8.285564710754262929e-01
-1.605608602654529093e-01
-6.463581291826319131e-01
8.684825619373066630e-01
-7.172402483069078016e-01
9.494121540942717097e-01
-1.900053600644693308e-01
5.415663981592246934e-01
8.581927155568964682e-01
7.034796180351166051e-02
3.605846431816783770e-01
-7.757659227372732946e-01
-1.722858353340472881e-02
7.180895173388035513e-01
-8.208009084776626274e-01
-3.347170462289323911e-01
4.142566365980404619e-01
1.295647973930791341e-01
3.795804054204234834e-01
9.305453373320748955e-01
1.930296443000427686e-01
-7.578088906570510375e-01
-6.053060936868221997e-01
-6.688564289046792233e-01
-7.417695269932216284e-01
-5.421128988566858986e-01
-6.668304346673303851e-01
-1.065061496985153511e-03
-8.230967125157975239e-01
1.936130541605884936e-01
1.577520819192412826e-01
8.944192322218280644e-02
-7.176890104789037661e-01
-3.014772389409816622e-01
-8.460829590263760913e-01
3.014667330634048792e-01
3.916630771147153744e-01
8.962115670234593878e-01
-5.821093469365823392e-01
-1.477212962996481416e-01
2.624765529665475938e-01
-6.935705862588510406e-01
7.699906201745592149e-01
-5.765772202134322733e-01
6.439693017662979635e-01
4.517469269780427510e-01
6.043169487206876411e-01
9.775740823432419457e-01
-8.784267639030516328e-01
7.230995638783432877e-01
-6.164600307137313440e-01
6.597014818751592014e-01
4.962484698220810397e-01
6.530851829083526017e-01
9.780548466368086391e-01
-5.153896453523141297e-01
1.069026813159081879e-01
-2.209141932336187164e-01
-9.864355760597318667e-01
-3.596596234195763575e-01
-9.694039789302519861e-01
9.807325203739718500e-01
-2.443135437465708826e-01
3.191956670224183057e-02
-1.612389633090087759e-01
6.173212560405938465e-01
7.217734252946939044e-01
-7.787295688381941083e-01
9.621201140603086177e-01
2.379662283610839424e-02
4.213584962540799506e-01
4.982030037151186086e-01
5.243802908214127978e-01
-1.972239725253635001e-01
3.954862491293646976e-01
4.173824918060318190e-01
7.448336682965046585e-01
3.900426387708713083e-01
6.618152276083353325e-01
-4.275163382639179943e-02
-9.316570092652094459e-01
-3.423826839715402581e-01
7.693983943659985503e-01
7.177018022319192614e-01
-6.779656945188279327e-01
-8.790870514153916737e-01
4.150952097003770547e-01
-8.133671130704296370e-01
-9.691249793881921981e-01
3.363039906755016517e-02
4.459960849488919798e-02
-1.551338530198891341e-01
-1.999259066751992719e-01
-1.303909254764272774e-01
-8.866359256571789693e-01
5.475865007066977874e-01
5.165933005857499261e-01
6.956118284456462852e-01
-2.314355641789878071e-01
9.957515359218094275e-01
-7.044062877818109136e-01
-8.030464879824443791e-01
3.302004646909275642e-01
9.742811591378230940e-01
4.577183849517323377e-01
