-7.027978595042871923e-01
-3.484079332287257635e-01
-1.485541938667622741e-01
4.599309882444422293e-01
-9.697509332787634939e-01
-8.960109361357404545e-01
-4.490264909792660575e-01
7.553546171447360624e-01
8.768700026146267756e-01
2.399377620821940837e-02
-7.828518028931379380e-01
6.859960481993188086e-01
-1.856354934282828939e-01
8.597051984627746002e-01
-8.556899072912238502e-01
8.160914853177880790e-01
6.150859475249530472e-01
2.599569753808130823e-01
3.580586520119011240e-01
-5.216671929664007390e-01
8.633916450504626194e-01
9.074091091366411899e-01
2.764348551741502291e-01
-2.251055378202719837e-01
-6.116765214518244953e-01
-6.358424395578761157e-01
4.834461045083782160e-01
2.089663886221841960e-01
-5.442263351133900251e-01
-9.410678444614166693e-01
6.867474265614903484e-01
9.445210396639718287e-01
-7.060408979954022612e-01
-1.894871505046564764e-01
7.196935500163113009e-01
-5.869775057532851115e-01
-3.372217261027552482e-01
-5.388984218258059400e-01
-1.450949819756799375e-01
2.555784068116859764e-01
9.179741840685926579e-01
8.088335001757347431e-01
-8.175986539365949213e-01
8.283401948470747733e-01
-3.916927285074702780e-01
-3.181816937294665859e-01
4.593711521161598643e-01
-4.814953434830844259e-01
9.737554480543277879e-01
7.903848945653537683e-01
4.930316076464658082e-03
-5.175753182682021336e-01
8.145868449336217676e-01
-6.310066194512475857e-01
4.127431976118693946e-01
7.138655144284198339e-01
-3.272519494341805668e-01
-3.883061614375302728e-01
6.806242391418144688e-01
4.164531386554370940e-01
6.688171633894028911e-01
-5.726634011234055244e-01
-6.187081380144894283e-01
-8.518072372618374910e-01
5.873111511219581971e-01
1.955893621495272683e-01
-3.008428124427828809e-01
4.957314285304519341e-01
3.475323094771516352e-01
-4.862301168357174852e-01
4.822258492253828077e-01
4.479123604107040357e-01
8.488812842013870874e-01
-8.044717995156251966e-01
-8.659410039739241505e-01
4.136473538984322129e-01
-7.318671029940144734e-01
-2.643547473934892977e-01
7.054881041219693838e-01
-3.926394618939030856e-01
9.082039655464511085e-01
-3.316673374132754759e-01
-6.761962174601481301e-01
-9.598111037601211315e-01
-2.662194502005221786e-01
-1.305221309121604722e-01
7.410052027311413436e-01
3.571094689306981707e-01
-4.682125380177120100e-01
-5.697934085717790698e-01
-5.910032297738021523e-01
-8.138718389320236390e-01
-3.498390245528582021e-01
-1.672303530310608188e-01
-6.051932983260011056e-03
-3.970279848113864585e-01
3.775283419552453168e-01
-7.715794566408227251e-01
-8.150618182515025900e-01
5.651579153645072129e-01
6.138309172109712719e-01
-8.508861117491570702e-01
-6.644376599991552723e-01
7.126578320964755964e-01
8.881494454396536842e-01
3.121316379108995953e-02
1.551896608011560375e-01
1.289714240091679454e-01
-5.805876005346515267e-01
-9.754304769297363897e-01
-8.593639446439547136e-01
-2.064636394539174358e-01
3.296457885458947690e-01
6.495167602827272013e-01
6.463212533288393846e-01
1.441426324205603571e-01
4.228868363253426299e-01
-1.769560169651462900e-02
3.713037801527616644e-01
2.801317148984538985e-01
-3.682496780811912451e-01
-3.979474166823278036e-01
1.937846267078016105e-01
-9.469894877130262678e-01
-5.271750598689810552e-01
7.523919399858214341e-02
-5.177318961828270005e-02
-5.905955605127766184e-01
-8.420756628856642667e-01
-7.236401027899175276e-01
-5.982909507013776107e-01
2.159397560871398891e-01
1.363901690707789438e-01
-2.233171453528592920e-01
6.975882848369265865e-01
-8.779029821976802594e-01
-5.361228919462375231e-01
7.386501720773390733e-01
-5.487458649705294622e-01
-9.640284619780723485e-01
5.343789228248281287e-01
4.456169226827253471e-01
-5.128974416750671228e-01
8.718494351122443309e-01
7.306867233643599135e-02
1.119380005504511111e-02
-7.144550930061042138e-01
-8.248818539972815334e-01
-9.349677838123913176e-01
5.527959712586005825e-01
6.325348579452585440e-01
-1.206890856231106479e-01
-2.554248608474012361e-01
-7.365193772889462309e-01
4.281162226552759353e-01
-4.896049375395981063e-01
6.855221266258975099e-01
4.234308980361316532e-01
-4.752903026533439323e-01
3.678594654669953279e-01
-2.337803691317432708e-01
-6.491674913713745276e-01
-5.701902207942384226e-01
4.387353399512794461e-01
-9.652474403805777481e-01
-7.099961789888125097e-01
-8.143213589257252139e-01
1.050256300880252347e-01
4.822901711108740219e-01
-6.804667039134109086e-01
-5.435639645567653666e-01
-2.076117609941743325e-01
9.502690691953807889e-01
-7.079998458293590424e-02
3.073319215139818095e-01
5.378834366254703347e-02
6.872346873374888254e-01
-9.519681174966732051e-02
-8.510119838217968802e-01
-2.375889733751308519e-01
-7.728837938819206332e-01
-9.189695710136178697e-01
8.406944639243836281e-01
5.835282114156961075e-01
-1.287897402596605012e-01
-6.932181216331649853e-01
-7.912208042278390252e-02
-4.291783306409713283e-02
9.345333322209188331e-01
9.065039999729862519e-01
5.513076907599181453e-01
-9.687423380040827148e-02
2.971879092531228839e-01
-8.549538731766226363e-02
-9.020223141083310026e-01
3.912215335080895251e-01
9.498970060966047679e-01
9.371004103127953400e-01
9.539464076298176387e-02
-5.609451739061199760e-02
-2.701888000583525518e-01
7.938727945574830525e-01
-1.529409075102421411e-01
5.497971376716945802e-01
4.262365633660871733e-01
6.935839033586150837e-01
-5.227829613869814374e-01
-4.080470144455512482e-01
-4.879521253324203833e-01
6.017486262710476375e-01
8.473016876505241601e-01
2.970803565688098224e-01
5.758638095495682840e-01
8.922203581604002398e-01
9.908920906321978528e-01
-7.807411838252709124e-01
9.498322418552636037e-01
2.606639012814950807e-01
-6.688402692906654234e-01
5.175863147133716868e-01
1.040581252167407378e-01
-9.365112278714553540e-01
-6.088867471044310253e-01
-3.205689277991705666e-01
2.576141173172725729e-01
-3.009012272070270555e-01
4.299345684650577315e-01
9.676542901762985593e-01
-7.819419765128112765e-01
-3.217131619115487506e-01
-8.734758581974757519e-01
-8.590664080220049570e-01
1.641498385649911018e-01
5.419107843122823454e-01
5.193021309634080485e-01
-5.067210583126753320e-01
-5.891332997234641766e-01
-3.865945459746003010e-01
1.745023318869165507e-01
-3.508679184678837881e-01
-1.373830228908030637e-01
-7.888615941682686206e-01
-8.489113608190710369e-01
-1.064293967419627229e-02
3.338626316940727090e-01
8.422467402060032082e-01
-6.533811819525610076e-01
-8.480080186676768328e-01
-5.471348097505219776e-01
-3.202732737192308665e-01
-7.039796163631024672e-01
7.061204008660599829e-01
-4.792109166013076571e-01
-3.158081466068796139e-01
-8.479437435282930480e-01
-2.352700357130801390e-01
2.078801821187734600e-01
8.932496400272094128e-01
7.123433300359383047e-02
8.109134857909752192e-01
9.843686988768605151e-01
9.928116305908112338e-01
2.095058614914746542e-01
8.647612513368942988e-01
4.356652002187224593e-01
