8.345481317372402952e-01
-1.507036507962451477e-01
6.168900949761169095e-01
6.837409993158367616e-01
-6.901800092328613800e-01
-4.800943124676768647e-01
3.350421602430873058e-01
-9.989264142725695628e-02
3.093404401970780704e-01
-7.928842691101212203e-01
-1.783995069365922337e-01
2.541757401801638672e-01
-2.074882589757558460e-01
-5.657505517276928408e-02
4.968311229462907264e-01
-2.498559810519507263e-01
7.818782901903136295e-01
6.459845654091100897e-01
1.475877632847670817e-01
5.101999228214597615e-01
7.039953407482564263e-01
6.286814973883696478e-01
8.540869204118364255e-01
-3.524605213119855751e-01
-1.811063281738367614e-02
4.871026067847283869e-02
7.373059895403184516e-01
-9.252263270510894255e-01
2.961445160551365863e-01
-2.272773055133348041e-01
7.583516884052103890e-01
-3.013072249829025218e-01
6.747853145122029161e-01
-4.441050773896377812e-01
9.727069250934934352e-01
1.386975517133759439e-02
4.439751096927313512e-02
5.440851065638756534e-01
6.645205285673443374e-01
3.738073015433711621e-01
9.323047311082555133e-01
-3.252542483162512710e-02
3.623545564119601270e-01
6.880814704157842687e-01
-6.884162547208780847e-01
-3.054069579966549597e-01
7.448196155474644531e-01
-2.646906604060830226e-01
9.473157819021917891e-01
1.293167785556494920e-01
-1.802707366426801183e-01
6.185228107723490520e-01
7.376786634763017325e-01
1.838250947436805838e-01
-2.983465021464632994e-01
5.833215445235642171e-01
8.480386567315216784e-01
2.416079486860067682e-02
-2.077397804717149299e-01
-5.700818411226562521e-01
-1.471529000939770793e-01
1.876168496982233425e-01
-1.808998843381044441e-01
1.833354709362280399e-01
-5.169410080901379878e-01
9.544637048272153201e-01
-9.953982535874488224e-01
5.441604031134847919e-01
3.078594342597065214e-01
6.422016460427595330e-01
-6.303598586694476591e-01
8.469188958969924297e-01
4.622073764392020667e-01
-1.237748450972582237e-01
-8.525212688926413485e-01
-7.539583865857477640e-01
3.687049171216960630e-02
3.958654968969106402e-01
-1.250830753581766430e-01
-5.879023768477353862e-01
9.928592861644522927e-01
-7.567732080640459102e-01
-7.532111434970936159e-01
-2.364697805285618237e-01
-9.492171588296043350e-01
2.390482050739832776e-01
6.519145522972327189e-01
-8.714198729512552255e-01
8.609440692669814155e-01
1.896653660399669761e-01
-8.948533518349632843e-02
-8.756718198851642931e-02
6.907983996890556533e-01
2.261293194639790727e-02
-4.869937474542966882e-01
3.338190597412382665e-02
6.645205285673443374e-01
5.717089227974234689e-01
7.548405769349777472e-01
9.513772581699435626e-01
-7.748955900023173360e-01
-7.977008986385558664e-02
-7.113012546468715502e-01
4.376822025466342581e-01
1.021535228786072391e-01
-5.860212490709031385e-01
-7.638369854221793709e-01
1.711234054573407271e-01
-7.314344464401383306e-01
-1.030908923089148832e-01
-9.380505837693786653e-01
5.669026242061445675e-01
-3.845485338944640841e-01
-5.700818411226562521e-01
-3.617410798144886641e-01
-4.101035878491394726e-01
-2.697722895654643960e-01
-2.225616121698497096e-01
-2.513704528850517761e-01
-2.074882589757558460e-01
-4.605857944229578838e-01
-5.574755207783117505e-01
5.613876245685807120e-01
-8.102361537303737204e-01
2.320232353243452117e-01
-1.918787543236890603e-01
2.233094542038940311e-01
9.328905791979953399e-01
1.219583712023921684e-01
-5.489094156855534035e-01
-6.676229613240312055e-01
8.648338083849447244e-01
-5.861144864115941377e-01
9.078612854519756414e-01
2.587343937476973554e-01
3.967260291024961028e-01
-1.452894646712921123e-01
-2.617252071295517180e-01
-1.970654817751282817e-01
-9.831120322967579206e-02
4.544767056125500471e-01
7.959400100997167105e-01
8.966750288077340869e-01
7.629346822031357611e-02
6.727973491639760439e-01
8.611032939519787099e-01
-4.597107708164291928e-01
8.512640564734348381e-01
-5.663213492060463761e-01
-9.992957718536024103e-01
-6.633424444957580768e-01
7.515414887247746645e-01
4.432309550729272019e-01
-3.297278113279857870e-01
3.869484401632343751e-01
-1.065590297296907796e-01
6.809161374514229870e-01
-4.807910880189312230e-01
9.818077182692179772e-01
9.039143724506273347e-01
-4.660707214278825283e-02
8.514381573720857244e-01
9.315590207650663590e-01
6.890190493683172601e-01
9.217914015016828166e-01
-1.534299214779542009e-01
-6.396433255760336500e-02
2.394271064152915240e-01
8.625074270927197695e-01
-9.998885545067128788e-01
-5.852596592772569828e-01
-8.499490835974126135e-01
5.602239944894755741e-01
4.446664232740744627e-01
-1.285366992772842831e-01
-9.551739223877042662e-01
9.240368859740342167e-01
1.366402897403424799e-01
6.658831800656941358e-01
7.189192285044554431e-01
7.554550424499373307e-02
5.613876245685807120e-01
-3.217515517577684836e-01
-2.204740926416626223e-01
4.143339176872886664e-01
7.640270787106850925e-02
1.694336470128852135e-01
5.976821580702871284e-01
-7.622318591818055822e-02
7.899237600115556202e-01
5.055434374230793892e-01
-1.991180231693554514e-01
8.597324725005783819e-01
-3.326917610905928413e-01
-6.913662777604574483e-01
6.431256226897081874e-01
-1.995223295552801535e-01
-4.756768371173514254e-02
-7.056419504119146868e-01
5.499817304840288745e-01
3.650155622646982234e-01
2.885518635731907366e-01
-2.254642264975408317e-01
2.922661479744592672e-01
-3.038406346949671377e-01
9.368909241819922684e-02
-4.478585164385147088e-01
-7.746085358021470579e-01
-2.473342933681843547e-02
2.655566139865539466e-01
7.286159041992885665e-01
4.319117895302526655e-01
-2.486487491290538809e-01
7.884543953604019606e-01
-2.968735596044624891e-02
2.959279149197044934e-01
7.584763057027159583e-01
-1.796115613485675944e-01
-1.402938800961910371e-01
8.590100475107449451e-01
-5.922198971443581872e-01
3.644873484621995452e-01
3.616317228718226584e-01
6.256165842872780658e-01
2.743298149832902322e-01
-2.989691871783246579e-01
7.697783663932127318e-01
4.416038751124331529e-01
-3.457132011759742607e-01
3.611609203992240946e-01
-4.228341238519039980e-01
-4.967234381756724382e-01
7.451518752733519158e-01
-6.335884522232395621e-01
-7.897546229191529932e-01
8.297136204405286541e-01
4.703889472116729031e-01
-3.845485338944640841e-01
-6.427024694340899291e-01
6.491578550833212446e-01
-1.309122623003395880e-01
-7.915971018259471137e-02
-3.111682445333543434e-01
-9.874146218950488052e-01
3.216674649651578566e-01
-7.460448643181756267e-01
-8.047645141112422795e-01
-6.082723366895157469e-01
3.962365537564376261e-01
4.820528899723179883e-01
-3.606723997718856989e-01
9.660953813776798071e-01
4.753744881876964534e-01
9.313323608020227518e-01
2.540712681717980370e-01
-5.243201462788849021e-01
5.201308194124889539e-01
-5.070590007492610241e-01
-2.667276242457543578e-01
-5.095072211286364450e-01
-1.804007988372917648e-01
7.548405769349777472e-01
2.649630328381147315e-01
-7.676175105843097146e-01
-8.449419957239787671e-01
