5.343508117088877629e-01
-3.880786855148654624e-01
-4.830486531916011739e-01
-7.644119609158774864e-01
8.840960564543285383e-01
-7.064299861183827023e-01
1.273174367554807951e-01
-8.548991650927779684e-01
-7.650510316028389379e-01
3.610531148465581097e-01
-5.849888860114076383e-01
-9.457255259106986944e-01
-9.168400133199945401e-01
1.969766004394302161e-01
-8.917096399863793099e-01
8.416837231683282905e-01
1.980441473330138979e-01
-1.179689246286848014e-01
-1.370037322177173333e-01
3.431751412655574818e-01
6.094971334716849931e-01
-7.048842049588841530e-01
2.936932649891914604e-01
6.467041880091028982e-01
-3.981368362319506193e-01
3.095830219080941692e-01
7.508867827506160442e-01
6.666005081110633057e-01
5.325097600954460386e-01
2.323827989332660771e-01
2.802212394182146404e-02
3.536894083132502420e-01
-7.170501675621190341e-01
6.152200493359818445e-01
-6.276786035820778320e-01
6.516359042890706998e-01
-6.826719281851534316e-01
-8.144461348422415981e-01
-1.639045589003951253e-01
-9.813260278374258405e-02
-4.349988527758152923e-01
-3.193659207109145193e-01
-1.978176711327852555e-01
-5.787601672247180140e-01
5.224797527552784704e-01
9.111523924907649619e-01
3.700150802880342038e-01
-3.152158397533444401e-01
-6.841918603768637475e-02
4.483809028693610532e-01
7.357273746614794163e-01
-2.088034535962546290e-01
1.292198050696358180e-02
-4.209065848173554336e-02
5.147603303911996164e-02
-4.195883381401823709e-01
8.501977200713310978e-01
9.529084894685408980e-01
-8.045816782455450511e-01
5.586765421272825716e-01
3.828216311574483832e-01
7.132026246548806014e-02
8.810504596433643698e-01
-7.805811389508354736e-02
1.965855214656537786e-01
4.392669539739229023e-01
-1.522141445563771622e-01
5.189984812383612311e-01
-2.094230145874311777e-01
-5.536371212387967145e-01
-5.139067891752187034e-01
-7.080866484701060504e-01
8.788691409384290498e-01
-3.335442801832060322e-01
-9.986227208791891297e-01
-8.586377230663395643e-01
-7.511242045508703669e-01
8.584115318866372135e-01
3.433845811355404898e-01
2.891026658953466111e-02
-1.625703972087502169e-01
4.944724597096998853e-01
5.316596045527874903e-01
4.395515389496229552e-01
1.865002890964801985e-01
8.485583308188038298e-01
-7.272144548806305231e-01
-1.637969737814810589e-01
-9.556268488153845109e-01
8.009657539197694298e-01
2.267958614966394393e-01
3.114462110428550812e-01
6.726331764730555385e-01
3.004295501911258270e-01
7.388047854031292161e-01
-3.169327957750316394e-01
-2.529385784529267767e-01
-4.843765914781807957e-01
-9.377546022126281855e-01
5.593548493476518946e-01
5.471002820369570419e-01
2.185224624559261031e-01
1.443835618518243269e-01
-4.183835805066975499e-01
5.055297614254372629e-01
2.283706146214652399e-01
6.687025446808907425e-01
1.085721503524148535e-01
-2.363294990421287434e-01
-8.189970691569778971e-01
4.711487718873534902e-01
5.720455671804471898e-01
-9.697129734100951026e-02
-7.387656331329297554e-01
-9.353755802205327985e-01
4.902250534811720684e-01
-1.962998910590967316e-01
-4.110290246763419475e-01
-9.604684453478358197e-01
3.936698515028334011e-01
-5.902322945185132230e-01
6.482634460151099898e-01
2.462206777895497023e-01
-3.616397562421422851e-01
6.583077969598885026e-01
6.644965436725422947e-01
-7.491720953724401166e-01
-4.010520024257540062e-01
5.592400885008224076e-01
-5.462881763008162750e-01
-7.403416939891549475e-03
-7.490871760177015837e-01
8.678149543973889823e-01
-4.127920221610827944e-01
-6.954537083803069564e-01
1.575574435885580549e-01
3.439229985546015111e-01
-4.695557294007275395e-01
-2.509540462893029567e-01
6.897768150553582611e-01
4.690746936479570639e-01
5.007970881759977733e-01
-2.978130306885251599e-01
5.984928328109895279e-01
-4.824418195671595910e-01
-4.412492775644023535e-01
2.453225894127455398e-01
-9.153404883433891026e-01
-1.563827708126561689e-01
2.982856288452246929e-01
-2.836972410248024268e-01
-5.801825783322254182e-01
-3.471584337093136519e-02
-8.625728201478672919e-01
8.035810951236108668e-01
4.856926431286161527e-01
-6.699462374147184818e-01
-8.381160897495072426e-01
-3.955866727278898320e-01
-4.708379164488853963e-01
4.161558443299204768e-01
-4.061903605239522985e-01
1.382198627600756957e-01
2.249399626416233033e-01
-6.771030368563257795e-02
-1.941852339565375285e-01
-5.458693225715469666e-01
-9.235184885281739753e-01
9.013132010723294840e-01
5.654399804876779623e-01
6.228600137600894815e-01
-1.148726945641032060e-02
-3.736655295979527391e-01
-6.420078686234902410e-01
3.540727044739044871e-01
5.501394021398930967e-02
-7.732326985705575417e-01
-7.314261404656676735e-01
8.684160632429709370e-01
-7.077769185244935368e-01
-8.247273352843254024e-02
5.630301743499164235e-01
-4.360499722409683088e-01
-2.573458288759411516e-02
9.819899400228266906e-01
-2.491103005704409235e-02
1.346617656983721822e-01
3.043308254038201710e-03
3.615233496896519405e-01
1.011606810732890160e-01
4.445690871004912559e-01
8.232922684113375134e-02
-8.968239127619748174e-01
-7.065774368935691108e-01
4.377640066480747993e-01
-4.471970283921189449e-02
2.230927974677618941e-01
-7.026108460755997598e-02
5.413169468969327713e-01
-8.652628091390774934e-01
5.109359366856027762e-01
5.572175951578199893e-01
8.131117388560047399e-01
5.137688153744506270e-01
-4.490363805510024786e-01
2.366449154706073976e-02
6.457419446141003938e-01
3.038390051693844462e-01
5.158071564973121248e-01
-3.118106762462371506e-01
7.491730007092316512e-01
1.084454990146932474e-02
-7.274282120209123459e-01
-1.824753522906366054e-01
8.883030561175753181e-01
8.877007380742056863e-01
8.053195585550065871e-01
8.473107321896871102e-01
2.535354626403329981e-01
2.646415343857744240e-02
-2.296617751330094492e-01
2.930423523440437439e-01
5.821943720991278326e-01
-9.440834385068281875e-01
-1.784335708857722747e-01
-8.243007382609981448e-01
9.699559847993088901e-02
1.842744991593743276e-01
3.539198934349641057e-01
9.874752380721689704e-01
5.724761820417501035e-02
4.326633832787438738e-01
9.266920077362965635e-01
6.377680453077132494e-01
6.702456357332811088e-01
-8.874150439097183707e-01
3.476319298694012794e-01
-1.061235018445021439e-01
-3.835078414778880784e-01
-5.718868445114710930e-01
-8.793620498482113135e-01
3.962552591889314524e-01
5.092068961543105843e-02
6.856022968923283223e-01
7.311079988279676201e-01
-9.719326212891898908e-01
2.215074054700432171e-01
4.148071937235051632e-01
-1.915183338658734691e-01
-8.651321036366887984e-01
3.227403564017652382e-01
3.548341786433415468e-01
9.707887864145789969e-01
-9.286942361088506015e-01
-5.693766634303933927e-01
5.981044848564136540e-01
-8.880932214430374838e-01
6.792457553286970207e-01
4.541134657048679912e-01
-6.203623863749121448e-01
3.784417721593580364e-01
-9.454359632982134443e-01
1.547591961850265374e-01
2.065141865515216502e-01
2.517840958862167522e-01
