1.233187672987009709e+00
-2.097462762954139137e+00
-4.552039424030585479e+00
2.778312298556119053e+00
-2.179563343987329205e+00
-5.845168550673767172e-01
-5.769421868771690276e-03
-1.460460681243192393e+00
-2.147034545608683676e-01
-3.063610179939116218e+00
9.932010789310066201e-01
-1.767646850687408788e+00
3.995241546040413816e+00
3.078382593751074481e+00
4.091323846844894252e-01
2.446441128057855963e+00
3.578183075337449948e-01
4.488141951485631331e+00
-3.685299845254103590e-01
6.117843079154601238e-01
3.830348706488889143e-01
1.618121768742687205e+00
3.371349290400042165e+00
-1.386840580544989043e+00
3.992936025870205130e-01
-1.116205536519591979e+00
-1.155239780583666942e+00
8.394644849452093105e-01
-1.377910786517725361e-01
-9.643902184552983758e-01
1.409690434830232153e+00
1.176274026101994608e+00
-1.402330649767592918e+00
2.818644445328814196e+00
5.770693433007573203e-01
-2.523086917784425953e+00
1.821482756045473828e-01
1.387819864235518175e+00
2.686184608184194467e+00
-4.404334261895486158e-01
9.770405433797668682e-01
-1.874859806960699871e+00
-2.345738611138057816e+00
2.917411430858921628e-01
-4.662858016129611372e+00
2.042374107250201076e-01
-3.102527162811849148e+00
-2.105808673986834023e+00
-1.137208003038006510e+00
8.252449903941783127e-02
-3.302941419677846824e+00
2.074296679080590788e+00
3.247860115382537050e-01
-1.163366905804767537e+00
-1.092020068234596186e+00
1.576715890914192952e+00
2.431458428960379337e+00
-3.874319130096941510e-01
8.462383316631760799e-01
-5.318853165349977097e-01
-1.565320694571733284e+00
-4.983735421173996372e+00
-4.732978302617949495e+00
1.570233921648985342e+00
2.862160002830505867e+00
5.892760702914457971e-01
-3.590312378445106312e+00
3.256298860077313506e-01
-1.000542640986153309e+00
3.234454205035943275e+00
-8.864513020914299712e-01
1.361789026800536817e+00
6.094119158599908825e-01
2.517591427451517205e+00
2.609116081801318821e+00
1.494324586842849634e+00
-3.185504799928489117e-01
1.487985042415950865e+00
9.988079239078626603e-01
-3.239685710028357146e+00
3.599465609604380889e-01
-1.302726230879835079e+00
1.076251742307045678e+00
-6.578365845948747070e-01
4.075210326788955228e+00
-1.624764131113348276e+00
6.157557606964676467e-01
-3.115467689237628068e+00
-7.604796316413798829e-01
-1.727883568655130597e+00
-9.671901446241195632e-01
1.121770076516350079e+00
-4.720932200028445713e+00
1.582966496588968930e-01
-1.156589462121873524e+00
-2.989555122611914140e+00
-5.254795216440066863e-01
-1.087382066716482631e+00
-8.711215919380488337e-02
1.196659794376050190e+00
1.300163663671872971e+00
8.649640423418683000e-01
-8.695963725863737892e-01
3.724911710216667782e+00
6.716045700925974415e-01
-1.603366293222289407e+00
1.582647972415872628e-01
-2.245086655367424910e+00
-3.333753444530528576e+00
3.069102950542925257e+00
-1.718792644454601781e+00
-4.167853977347408811e-01
-9.558451592934833485e-01
-8.912539754862929264e-01
1.238877475519374105e+00
-1.466436888766254665e+00
-1.250447860699638314e+00
-1.183480158794137260e+00
1.045667322150886314e+00
1.906493725508064951e+00
3.648838795582933781e-01
-2.522111929706393196e-01
-1.059371129149258461e+00
-9.768487696745797866e-02
-3.239202346234493213e+00
-2.517898899087464226e+00
-3.350978872686733112e+00
-1.615409461386429824e+00
7.047714276634577946e-01
-1.701730011506710882e+00
-1.608075874441228237e-03
-4.913652649603500455e-02
-2.092564885385332918e+00
-7.196434656625216864e-02
-9.143173051646207306e-01
-3.515404262785288836e-01
8.054378342460200013e-03
-5.025506850897508038e+00
4.254272644553047655e-02
-6.215983685151856841e-01
-9.465023402669163755e-01
8.400916298931512260e-01
-3.440603986736436415e+00
1.309155504216269250e+00
3.959006471621943302e+00
-2.194330484871181319e+00
-3.033586146005937678e+00
2.806036694110213503e+00
2.028951320707689021e+00
6.199944594480845117e-01
-3.073802705505813471e+00
1.017151361600623083e-01
-1.116081896673015272e+00
-1.091174071674290147e+00
-2.785767680381843192e-01
1.212447034053885986e+00
4.543529701782915708e-01
-7.598346868362891859e-01
4.308960711192545645e+00
-6.341352170722267534e-01
1.884567615146417463e-01
-5.879860267163492527e-01
2.667888090190169592e+00
-2.653534816637576732e+00
-2.504685175153931187e-01
1.382376746888003272e+00
-1.772186167643370336e+00
-9.215103557703829829e-01
6.657476860735297430e-01
-1.463877862068823088e+00
-1.752564282350799196e+00
1.278994683485021655e+00
-1.515553413997598575e+00
-1.705362750896583623e+00
-7.900679186183303671e-01
-2.087755194859866492e+00
-4.237699809698620701e-01
3.563577724058162755e+00
3.971348967560292209e+00
3.196509593481005940e+00
2.041593239070855326e+00
-3.175675817498662123e+00
-1.406757516897437554e+00
-3.601507449202579481e-01
1.904765781482229414e+00
-1.369942984702775313e+00
1.855533165401811013e+00
3.205574841572523592e+00
1.308457161760975485e+00
2.742825303946070825e+00
-7.955876532002208457e-01
1.434416281469304444e+00
8.280656502951748266e+00
4.396899026227905516e+00
-3.400099015036472050e+00
-2.210977512829669589e+00
-6.444041451947040144e-01
4.839086305791482356e-01
-1.041953037801832543e-01
5.552393304867007107e-01
-1.146476957330609281e+00
3.888674095774267148e-01
-1.329864922712813646e+00
2.743230796733070243e+00
-3.872531425432506502e+00
-5.052909704003964997e+00
-1.387145858168404189e+00
-1.342000796203846047e+00
-1.455903469493391444e-02
1.918954924715456478e+00
-1.796625406120455626e-01
-1.364270049224081127e-01
2.063618406726620336e+00
1.090778475933350089e+00
6.662828901880738286e+00
6.030536178173038220e-01
1.757318672871598597e+00
1.788987583457595454e+00
1.423731469273253669e+00
3.607313209150684319e+00
-1.434237341005992761e-01
-6.583103405723405022e-01
1.122597668842507890e+00
2.209393770616993713e+00
-4.384221325420931681e-01
-3.905667280411267761e+00
2.304871470114074616e-01
-5.702411968778064305e-02
-3.472107576105132321e-01
3.016660044826608544e+00
-2.847939683165443991e+00
6.375500548493167052e+00
8.913084688771255593e-02
-1.738357305999259861e+00
-5.479678495484823220e-01
1.454204716563880506e+00
2.000171685360785379e-01
2.355594934640504956e+00
1.745936257389215651e+00
-1.540389114525480219e+00
6.510962002897954903e+00
-1.366869817040100354e+00
-3.919131527792939274e+00
3.889534834212456937e-01
3.429020040368935263e-02
3.958828390301443179e-01
4.015731114640634924e-01
-2.652057197403689948e+00
-5.939447160031915196e+00
-3.314710819052380408e+00
1.564715598758610327e+00
3.323866497338370252e+00
3.599336974479507845e-01
2.885980238796105546e+00
1.306676469153776332e-01
-4.083815840974802214e+00
6.306191675336014768e+00
-8.210412578531772754e-01
8.246114982697883011e-02
-1.806850005653235947e+00
-1.854926514326157738e+00
-2.127275554850792005e+00
7.473178430543748751e-01
1.827985891162605681e+00
1.806212532714374375e-01
