-7.149063570224956088e-02
7.910172859428716841e-01
-1.476971361996002319e-01
2.401442684085803858e-01
-2.702809968188213396e-01
-8.571188057094740742e-01
2.530966155277902807e-01
-1.491078786871902206e-01
8.916785851378252747e-01
-7.047089327437534578e-01
4.679773343775972538e-01
-9.556862864382473788e-01
-2.464410829402468028e-01
-8.185242218489829913e-01
-8.833633710407644557e-01
5.496837341641318542e-01
4.587405078505419898e-01
5.299599954869553819e-01
-7.638083195687821458e-01
2.424423707172327358e-01
-3.792028899232422479e-01
-7.127776187814083286e-01
1.819152887497768045e-01
2.758656825122824952e-01
-9.964799955674377152e-01
5.835762516700739866e-01
-9.239581474325171406e-01
2.376260132220717747e-01
-8.382905998122747171e-01
4.697441317024164675e-02
-5.073810558457736430e-01
9.760922828874243340e-01
-8.468108993615222069e-01
1.987681730461243745e-02
-4.864930370240228008e-01
3.449035821325348028e-01
-3.343085083078634057e-01
5.629265604704412063e-01
4.781718559159586768e-01
6.476293641599220052e-01
3.177528259281059420e-02
1.757128313969502642e-01
4.073297011702419201e-01
-2.180110181495615862e-01
1.280285235999176763e-01
6.251101186522376452e-01
-4.668819678878062263e-01
1.982556169214531039e-01
3.094412878517904808e-02
8.618407732570159130e-01
6.801166962089670864e-01
3.894927700781274371e-01
6.828085253103621799e-01
1.996075414173701379e-01
-6.351835106366332528e-01
-4.737880643043730355e-01
-7.392681162842942300e-01
1.050283493147630143e-01
8.090017871781391978e-01
2.925060023809566978e-02
-6.625671532561692167e-01
-4.450474156830819261e-01
1.215577050767628897e-01
2.339991881771863458e-01
-6.446369122593507139e-01
-3.096034815190622513e-01
5.683291131513492633e-01
-1.448457040875799073e-01
-4.738050660388548607e-01
-9.344879778127812564e-02
4.287129874308184263e-01
4.143355031699695878e-01
-3.121352953820710763e-01
-3.206217668136028820e-01
-6.760896342680349225e-01
-4.624360763422445952e-01
2.199731257587973499e-01
-9.730462802229762342e-01
-9.476003884979269376e-01
-9.070577689485763706e-01
-9.915508059982169886e-01
1.166594850506408321e-02
-5.849371351515855189e-01
5.848871249764122648e-01
-6.632048259495841869e-01
-3.679034160200234105e-02
9.059890928795948373e-01
-7.194769452990541492e-01
-5.047591190665996486e-01
-9.312859265638560036e-01
-2.787620989880472688e-01
-9.512253732028470576e-01
6.388624221379033408e-01
-3.293818157832841820e-01
-7.343263572884071166e-01
8.641785861764816890e-01
9.462457420602701230e-01
-8.051741480995644462e-01
7.409986164683675103e-01
7.047724955898138077e-01
-6.121145059922594722e-01
-4.456347415560186764e-01
6.093220705202961884e-01
8.341433547257715020e-02
1.828919109341899940e-01
-5.811858820366493372e-01
4.619163559106356232e-01
6.356086456720999589e-01
-9.566130180404708305e-02
1.140703103750464464e-01
-4.163599348147972723e-01
-1.614194445639214326e-01
-5.828207672409078111e-01
3.677197906746887401e-01
9.343554937322233744e-01
-9.581355266335034315e-02
-9.093220744306316217e-01
-1.615295609054525627e-01
3.006940069011099226e-02
8.047070004287357747e-01
7.118687394942491142e-01
8.904418294467397743e-02
-2.632751498129253243e-01
-2.450097756325624321e-01
-6.863187514803648082e-01
-3.517284668258813252e-01
4.186133956536981504e-01
-5.549322632871747096e-01
2.254057269570728383e-01
5.496970661833322502e-01
-4.391734315890689633e-01
4.244907556518473513e-02
-6.413816430101251242e-01
-3.021408289635028055e-01
7.985021329120622902e-02
9.315190305959133443e-01
8.633348229047619338e-01
6.372085461006189444e-01
3.654577643199741210e-01
-6.824511616412283210e-01
4.220877272004741609e-01
-8.979086474341435586e-01
-2.995726284263331429e-01
8.053114906034426479e-01
2.363529547534930497e-01
6.001461073732548002e-01
-4.743806114797330942e-01
9.761378601003194433e-01
6.111069507735769069e-01
1.980646329284785345e-01
5.469134508305750764e-02
6.505818084584771288e-01
-2.465706005008978519e-01
7.679508333319549074e-01
6.392455435120503182e-02
8.614434037434643976e-01
-3.763079381018998859e-01
-4.981105889434784828e-01
-9.791898509314895804e-01
-1.946344430319224550e-01
-7.150647947285038164e-01
3.918469982892320846e-01
-5.757907395829511277e-01
1.261264109012258938e-01
9.341443754321654414e-01
4.875648685537248284e-02
-9.090803839018806176e-01
-7.728117117559489824e-01
7.661995326002633000e-01
3.411538612703624018e-01
-7.132019688224549014e-01
4.885252429025510601e-01
2.737859778671609678e-01
3.998195373386239648e-01
-5.949766011463959448e-01
-6.063124163839901382e-01
6.604286226470170718e-01
-3.546389905666789133e-01
9.089556297360412707e-01
7.701718277733402562e-01
1.848864547539108560e-01
2.151235303103882224e-01
6.240969991280078677e-01
2.098058557626858445e-01
9.181009081146620510e-01
1.616630167765049642e-01
2.958770375248307438e-01
2.356261766922089773e-01
-5.857095701717622838e-01
-7.815993891156240991e-01
-2.410408906826602138e-01
-1.285778690262582291e-01
4.936796690104252594e-01
8.127406774714960314e-01
1.648397383473048095e-01
9.818395206819399146e-01
-4.112926917051529241e-01
-4.606113312779238633e-01
-7.951169801110451463e-01
-6.079039977596016886e-01
-1.647884151134637598e-01
-9.468345672117000067e-01
5.239930136862736010e-01
-4.180243679512309907e-01
-4.221706536258560405e-01
9.126596007097571572e-01
-8.428889423439700490e-01
3.543809332028802217e-02
5.748575178448211975e-01
3.926853613811682742e-01
-4.335817592906605622e-01
7.822180426941294229e-01
-8.950326141459603591e-01
2.882325472141615830e-01
-5.330322370357067907e-01
1.650900308886043000e-01
-8.898876171468677043e-01
8.906433311775752149e-01
-9.411709304287676492e-01
9.878769869950776439e-01
4.373325385030868429e-01
8.036946918291940634e-01
-6.734089109397816131e-01
-1.936730458423139289e-01
1.017519853218897818e-01
-1.021159548711951803e-01
-8.074276231894967903e-01
-4.542532783474522162e-01
-2.268013669237598506e-01
4.674784918690777502e-02
-9.178025264270268657e-01
-1.176944773215218287e-01
7.429048214957492124e-01
7.517307068857912444e-01
-3.167882068237990456e-01
6.101997162677916808e-01
9.861482825795904184e-01
6.211575763763119706e-01
-2.805404707288539079e-02
8.097243410159151722e-01
3.802075012763794781e-02
1.424784118012178968e-01
2.171202770218954026e-01
9.560461463600775645e-01
2.570933365972867257e-01
6.511863916632338878e-01
1.349932086047169744e-01
-2.652464209169380638e-01
-6.742257501620652071e-02
5.977783547150385957e-01
-3.310397658694121947e-01
-7.736126517021000293e-01
7.908321846071630912e-01
6.501116154788268986e-01
-9.050911808006723014e-01
7.103082645221536762e-01
5.775124822509345446e-01
-3.308061908735946410e-01
-9.857155842175169269e-02
-4.741075797937106540e-01
-1.505924105671119229e-01
3.042107061212540042e-01
-2.899719607707833546e-01
4.800245448218185551e-01
-4.802260214229034929e-01
