-1.669485002458594991e-01
-1.113684869034317071e-01
2.002162887809426639e-01
6.312828364743376941e-01
-5.429298174883605554e-01
3.283304472959618359e-01
2.208685900490958698e-01
3.699496748788511091e-01
4.522550038873740519e-02
8.426988442599008255e-01
-4.639456787466831322e-01
8.725243961157005401e-01
7.803513641173502879e-01
5.735410809747059080e-01
3.411789764009727222e-01
6.186452142957454825e-01
8.592748340295270904e-01
-5.274277542826537601e-01
4.139858904384576821e-01
-2.351407195423631524e-01
8.243645634268426114e-01
7.512825847908342070e-01
6.174579571348364215e-01
-6.147884620595256422e-01
-3.284287655202433598e-01
8.992956295416545398e-01
4.714100498749655976e-01
-6.254284122407829383e-01
-9.715490014207954772e-01
-3.242652273921997619e-01
8.565150853710068457e-01
-3.966234661129346417e-01
9.671703388018693115e-01
-1.470011890101587948e-01
-9.757878868510225789e-01
-1.551990829524352300e-02
-5.152019028866325900e-01
2.767829864678763574e-01
3.336577270005940399e-01
2.507771024419724881e-02
3.323889148838237162e-01
5.248760515017303341e-02
2.066688364672704115e-01
-7.742144351903275101e-01
3.935941659361708034e-02
-5.833849776991808511e-01
-3.353285014102624917e-01
-5.006084835659423415e-01
-5.581304306097560897e-01
-4.577965927965699233e-01
-4.589966795424360591e-02
-1.684266272257779473e-01
9.993932776530554118e-01
2.856370739246010260e-01
5.247270415267530907e-01
9.633370059635562033e-01
8.563093564298878135e-01
3.484927542297326930e-01
7.753917573067652391e-01
-1.322836385056727071e-01
8.047718686069356142e-01
-4.870276403069142557e-01
-4.720713764844730598e-01
6.186452142957454825e-01
1.795099719096477919e-01
-3.242557167150230679e-01
-4.403047455065169924e-01
8.031628187199497670e-01
2.854123596964579512e-01
7.231720146719828879e-01
5.781913207362769924e-01
-3.165505806588653215e-01
-8.961441490525332565e-01
1.744865353668159091e-01
9.886019620573032185e-01
-5.384062051676257177e-01
-6.261743051391088777e-02
6.875989295591262707e-01
-7.336947679548442292e-01
4.733979468615197028e-01
-7.968809584127347634e-01
-8.019389313665910013e-01
-7.838834194111714559e-01
9.488953971162685797e-01
3.475558712660893335e-01
6.325298375031962461e-01
3.622077606995270926e-01
2.066100625457636397e-01
7.710882822410152215e-01
8.162100186689968950e-02
-8.332209376959340830e-01
-1.174766643929461285e-01
9.007013641663419445e-01
4.905459753191636629e-01
4.195740814456112577e-01
7.694860307868118809e-01
-9.023500538543227645e-01
1.718028484852300863e-01
-9.167827634978094054e-01
3.532085032469418628e-01
-4.794844889351572714e-01
9.652056666226531689e-01
1.487421861724453898e-01
-7.125169352775770903e-01
-8.522731826122238452e-01
-4.445159922816854792e-01
8.961179661982183742e-01
-9.962686152967181741e-02
2.977069864782966313e-02
-6.567196412319202814e-01
6.305061013240782497e-01
-6.368947719312505473e-01
1.034701772675696851e-01
8.242980879826500296e-01
-5.169886233669962472e-02
-9.912880908017251969e-01
-2.680187963973601484e-01
-7.507024767618515337e-01
1.745573620586167163e-01
-3.672232987741204102e-01
9.310425731811184935e-01
-6.613204449366214543e-01
5.537197777842650659e-02
-4.059054881365899980e-01
-2.935096868580366891e-01
2.081531180732922870e-01
-6.012446450563897482e-01
-2.846935200479840944e-01
2.023262017737397223e-01
-5.745636606990487394e-01
5.417462708808946648e-01
6.106034881868389608e-01
7.910790204912447887e-01
6.977721349056991151e-01
-1.348407659187773611e-01
-7.324921972452629326e-01
-1.170273088369204739e-01
-3.713824676134946934e-01
7.178303022684184853e-03
-2.453963733249298063e-01
-7.877566566731242226e-01
-3.839153644697466117e-01
3.366836807588911018e-01
8.967134876520792552e-01
8.406098557620682588e-01
3.340437794049049280e-01
-2.011370945109276498e-01
-5.205401935949185432e-01
-1.025529657288681840e-02
-1.825341404119307231e-01
-5.220811402806695423e-01
3.919106836137062899e-01
-2.000030205498570801e-02
9.275579951171355475e-01
-9.327399645675857887e-01
2.034831525527236451e-01
9.772727121173607756e-03
-1.196026516803803119e-01
-7.356237947324539839e-02
8.614106861773549451e-01
-5.805452016141949834e-01
6.453314843323147976e-01
8.655873743203792436e-01
-3.302223478775623278e-03
8.502614827918704155e-01
-1.094718178522884333e-01
-6.031146475444735255e-01
-6.625511806378432400e-01
-6.733706685373608281e-01
7.789019017273668410e-01
-6.109885119716169655e-01
2.887536470818390377e-01
-9.771383386902741108e-01
3.680285293446217132e-01
7.993231312088271423e-01
5.108023537210240050e-01
1.948611693481407947e-01
6.028257051979422076e-01
-8.360639302853618560e-01
-3.883891924719802269e-01
9.656903998362031949e-01
9.883060261368132871e-01
-9.712870988743977918e-01
-9.561279318013582440e-01
7.435000422432216372e-01
5.880448985491404379e-02
2.108339915476231674e-02
3.798028038031571185e-01
-9.945246146189079539e-03
-5.578250840108394115e-01
7.249973376039944295e-01
7.918445172124441989e-01
6.000969713944179773e-01
8.489601593769326993e-01
1.691794496555543148e-01
5.875124981483936804e-01
-1.012758612229602839e-02
-5.897412443025307205e-01
2.475138859072369968e-01
2.746922114737415654e-02
2.645135164312832909e-01
-3.136063163265427889e-01
2.651596486711331746e-01
1.738698856846749852e-01
6.729073958509712572e-01
4.334725233273215572e-01
-7.006406141310206337e-01
-6.124605558990063869e-01
-4.671317431417709720e-02
-4.706482757895402713e-01
7.562192420297713102e-01
6.996926140391579452e-01
9.572860198481174532e-01
8.111926800618665112e-01
6.213044381515577808e-01
2.090963998509651756e-01
4.959420920241441877e-01
-2.351168158203711389e-01
-5.559575368228746317e-01
2.458723252125181169e-01
-6.249989857054827347e-01
-5.300054035406034370e-01
2.646537438369795936e-01
9.955710939163189277e-01
8.725243961157005401e-01
-3.470246409743475979e-01
-9.477024985019011361e-01
9.832273862118747765e-01
-1.798796257216730421e-01
7.562192420297713102e-01
-6.821704930077656659e-01
-2.826132418227611520e-01
-9.167827634978094054e-01
7.379723730038805218e-01
-4.178354004304507541e-01
-4.630237117356206245e-01
-2.813535525548600535e-01
-9.788373254848379279e-01
-4.160400702306088494e-01
2.950886639711720605e-01
2.999406059679041725e-01
3.731441184487540585e-01
-6.698822144582017302e-01
4.905459753191636629e-01
-7.855166698156648142e-01
2.771431223746791961e-01
5.247270415267530907e-01
6.238554907576072672e-01
-5.454979335830261178e-01
-5.382094191617226020e-01
8.528490215662531959e-02
-3.888663136654593178e-01
-9.561279318013582440e-01
4.167090164773070704e-01
-5.873301747278751872e-01
3.890606102661986476e-02
-6.877462911797389555e-01
7.143741144550548317e-01
-6.092474952437509916e-01
-8.023805089397217927e-01
-4.825881215108136502e-01
4.353866464809266201e-01
-2.216714563934809590e-01
5.852762567175160413e-01
-9.894997975674375557e-01
