-1.572760026326289751e+00
1.386328742383576174e+00
-3.444665904110322252e-02
2.119475735646433101e+00
-7.185680430008052344e-01
-6.073741984475098388e-01
1.253696287457781500e+00
1.861590493101561883e+00
1.079490556185378480e+00
1.189363104470666510e+00
-6.548114965415567923e-01
2.340851689138566449e+00
-1.535498182542802681e-01
5.827075564415662434e-02
-1.369230607841195546e+00
1.001056021907397842e+00
4.348924212921505550e-01
-1.794057214940178113e+00
-1.965691399528240346e+00
-4.189993528881936768e-01
1.342536389487766657e+00
5.777206992862510271e-01
-3.331289028549488940e-01
1.109620057509301816e+00
-4.857686290630809367e-01
1.092064050502178141e+00
-7.975628077849130637e-01
-2.423811847638708272e-01
-3.778352692546027569e-01
7.833192302203917379e-03
7.626595742219479668e-01
1.471151076983101547e-01
1.199078349098130492e+00
-5.405619465977207216e-01
-1.769662927460771140e+00
-5.026991386182777521e-02
-1.669504194519952911e+00
-8.510959542709681802e-01
-1.043799007230356013e+00
7.572664621935227824e-01
1.940203645556102918e+00
1.773561195115355371e+00
2.652212422047744989e-01
-2.864655775071420774e-01
-2.991268779613034834e+00
1.846274637190127965e+00
-9.951604395457700480e-01
4.683958474361837876e-02
3.723809563036308834e+00
1.813573631413052611e+00
-1.708736131728951779e+00
-1.936871940870938946e+00
8.010756269224751369e-01
2.000023819502220412e+00
-1.349953430880855176e+00
-3.949783683812317037e+00
1.986713236036861563e+00
2.609520686081727714e-01
-2.637253366054483905e+00
3.987732818388682876e-01
-2.077011953373213871e+00
-1.188062243386567962e+00
1.946195386661832893e+00
3.559406038651160564e+00
2.042906784415458699e+00
1.969272175104019196e+00
1.964307535863796694e+00
-1.046125331604188524e+00
2.704385032430517199e+00
-1.659572659674898309e+00
-8.725196391168270615e-01
3.520277727658583933e-01
1.016600608689255836e+00
6.764484022375425454e-01
-7.652702545853966587e-01
3.000821500360523197e-02
9.019324570369777749e-01
-1.422632886034761457e+00
6.717561977586796740e-01
1.631884499632648922e+00
-3.231392694510390129e+00
4.707100825194143745e-01
-1.775731438500466108e+00
-3.754505333060181305e-01
1.336775078288150675e+00
-1.214496268962944381e+00
-3.907758679153309878e+00
-1.254270549230813714e+00
1.557104770852467457e+00
-3.915120851556319059e-01
-1.340498776228413291e+00
-1.107761534493985733e+00
-1.564496272023297774e+00
-1.674775596947541079e+00
-8.147687455080903085e-01
-7.811833609109126719e-01
2.050624986365976010e+00
-5.031400431746291702e+00
6.948106843457886317e-01
3.810072098550058017e-01
1.534564498352382733e+00
1.789111620268363900e+00
1.236245267861799002e+00
9.430991819685603517e-01
-2.266495722021661940e-01
1.287720545944141204e+00
-8.549998290267610823e-01
5.278294225080351065e-01
1.265432456973330622e+00
2.800236334531051030e-01
-6.818413328621608649e-01
-3.918424226818392420e+00
-2.621703770414575141e-01
1.602818146572529523e+00
1.596776683758999171e+00
-4.554696986589650831e-01
8.118993090565630455e-01
2.411756045044322505e+00
2.456854995452077528e+00
6.385002524920324607e-01
1.817062269834372745e-01
-1.493503874029127987e+00
-5.539668380043349938e-01
3.271387595722246466e+00
-1.826080138775083572e+00
1.246118656198826002e+00
-9.120648625214660132e-01
6.759298329183460741e-01
1.041454997789676762e+00
6.640780186251382666e-01
-1.681956861723204799e+00
1.109927720093087489e+00
9.630040071386107847e-01
5.120890926080807759e-01
2.405068901214191257e-01
2.821727867784010746e-01
-6.738185252199002662e-01
2.533570208983636274e+00
-5.454460481277777495e-01
-1.309308807964509436e+00
-3.175678700462728266e+00
-1.166331538356898845e+00
-9.406672897491556995e-01
-1.094788795304384221e+00
4.145086389440519881e-01
5.833186735559092728e-01
-2.668491487484807578e+00
1.279941872719149165e+00
-3.575158558794400143e-02
3.552357200293291051e+00
-1.233361933272154598e+00
7.585582473662095815e-01
-1.141488772868135326e+00
-4.088818940385934297e+00
-1.522496111019555620e-02
-1.282987258867402947e+00
-3.273212151385626267e+00
1.293675855458757296e+00
-1.239656501303844083e-01
-5.927851185267856149e-01
-1.404420490342575878e+00
5.761482181554468118e-01
8.398934470975154554e-01
2.934926294519527801e+00
1.970615287188702547e-01
-2.230727986225230497e-01
6.221605353869914534e-01
6.491343599817047672e-01
6.913245210324496792e-01
1.493335914893542338e+00
1.701220056710176953e+00
-9.016351208264663519e-01
1.121237920932078636e+00
-2.077512843381702723e+00
-4.701395089673843231e-01
-2.544141957207854965e-01
2.334611665567175809e+00
2.687375743370653325e+00
-4.239770681554176690e+00
-5.925381441142509864e-01
1.098414032157178255e+00
1.152944932157614844e+00
1.334252151655821450e+00
-2.567307387061509516e+00
-9.306483740735997934e-01
-1.467675069333038707e+00
-9.458687113897676912e-01
-2.702154973787231462e+00
6.330541805429723556e-01
-1.797047659973396216e+00
7.364771975107708979e-01
9.393415798026453212e-01
-7.089502752631315907e-03
3.954366906218342859e-02
1.098937254294592103e+00
1.786274713390370916e+00
8.812163510803094901e-01
2.400912482978450058e+00
3.097356704641135661e+00
2.380630157295908322e+00
3.190695392076970283e+00
6.849790677852980458e-01
6.182376448582441730e-01
4.337931644889406080e+00
8.420065186242818855e-01
1.020012775503867264e+00
2.075148364234021825e-01
-5.144924994356476766e-01
-8.912281334913174646e-02
9.424772514108714638e-01
3.895966647412172912e-01
-2.129228332593114947e-01
1.961524751260595334e+00
-3.125137391668939557e+00
-2.202903023534446891e+00
5.334320345737062485e-01
1.483782855609504736e+00
-1.244408302826813806e+00
-1.370766183778952430e+00
1.728018091350806751e+00
-2.493555327228513807e-01
2.202358661018208874e+00
3.433423233200429969e-01
9.188062981443834154e-01
-4.683594621956236104e+00
-5.937553317625327232e+00
-4.320824182093662813e+00
-2.021687963626794815e+00
-1.057288959463671629e+00
-1.126865717432595337e+00
1.746906615296315524e+00
-5.175444310131112058e-01
5.475707632868880292e-01
2.076844187206249970e+00
-1.142862380893110430e-01
3.544534377908464595e+00
-7.727678622193590030e-01
4.471994283242169743e+00
1.345246746624173539e+00
-4.400340016827699596e-01
-7.894686937137573857e-01
-1.307557111169145303e-01
-1.460589462403705463e+00
3.101696146459964609e-02
-1.002751363344848379e+00
-9.114360400929757411e-01
-1.258244694684361953e+00
-1.474058243751090735e+00
-4.526807502526680738e-01
-3.137827704590465672e-01
1.580207695708779392e+00
-2.776994021961053161e+00
-1.343714695400660908e+00
1.503076241860606510e+00
2.574956935577044081e-02
-3.407037247431339733e+00
-3.397630584013131561e-01
1.556603908462507402e+00
5.892795437844815520e-01
2.432375563806091101e+00
5.519645439498332973e-02
-2.982530317876645576e+00
-6.949376467097733157e-01
1.598667819260395362e+00
2.112380631423310007e+00
