-5.953696419983416088e-02
3.995327042255042427e-01
-1.524629863177593858e+00
8.683389153797600457e-01
1.821370634406234146e+00
-6.008639137686759835e-01
9.760609688318524491e-01
1.131321859312020672e+00
-1.669187530173501965e+00
-8.470389009649906265e-02
-2.022436823171374964e+00
-1.570655249863261993e+00
1.628043035810016415e+00
2.056682378518362775e+00
6.076046851505725321e-01
-1.107687850322207623e-01
-4.686075527241704286e-01
-2.327064072286656238e+00
7.511125990060378843e-01
3.192879560084418422e+00
2.396999825534241957e+00
-8.961045523250610323e-01
-1.539993068367518925e+00
1.889453258076316811e-01
-1.300112745585264129e+00
2.532953924923774802e-01
-2.511314790184354884e+00
2.686035675732112438e+00
-1.299946313051142166e+00
-1.831927010753383600e+00
-4.779683818939630235e+00
5.880790438769285533e-01
-2.518910745077138635e+00
1.398024540919458270e+00
-8.559662750388452590e-01
5.083355920901001523e-01
1.293793758145137307e+00
-2.179297081981967033e+00
4.279657397629091697e+00
-5.692020454923089057e-01
-2.053362525913152492e+00
2.706728848927530962e-01
-2.076570752702708855e-01
-1.861014694530271241e+00
2.093848076099457334e+00
-1.128677056090144348e-01
-3.860739090446440036e-01
-1.838631345560708397e-01
3.358792988127936030e-01
-5.039018743958253443e-01
-3.979261022218578692e-01
-7.010634315389094873e-01
5.345326897949449485e-01
-1.116888686540857822e+00
1.208738244591958388e-01
7.829714021857904216e-01
7.895647759133163079e-01
2.209276900731689253e+00
8.595375112966306963e-01
9.651423224482691410e-01
2.715394433320113876e+00
1.273820303198252901e+00
1.066061128765170229e+00
1.025788659342103060e+00
4.801848810171005510e-02
-9.697257301927314499e-02
1.497626650250887703e+00
9.731869222244537987e-02
-2.475507542974037634e+00
-2.115849344074642424e+00
-1.125295390394774442e+00
9.180671013584924545e-01
9.305239466853939545e-01
-1.559903965065442932e+00
2.517031509614299889e+00
8.436348119197282225e-01
2.130286196320414938e+00
-1.984272804650063504e+00
-5.293213126316328454e-01
-1.072029473278690359e+00
3.860044863172386043e-01
-1.615359340501814511e+00
-5.382585666500403487e-01
-7.677372488214173618e-01
-8.834712503454331678e-01
6.520444912034708551e-01
-1.514092984572694034e+00
-6.009709862562209182e-01
-4.047302365283794501e+00
-1.036015105918023149e+00
-2.204562815742266313e+00
1.664852268208549368e+00
-5.674612667652582099e-01
1.380990963677622307e+00
-1.564932540281364304e+00
7.581645920188235799e-01
-1.041870112604816212e+00
-9.349185493449931883e-01
1.141770631440790718e+00
1.299963384260106380e+00
3.110762850794490664e+00
-6.161626009936079784e-01
8.004480411498207104e-01
-2.611761994689162147e+00
1.230067206314416461e+00
7.092804883056685883e-01
6.868920788353498619e-01
6.600236271179116265e-01
-1.547198755796909797e+00
-1.154165566661547349e+00
9.514047692701508296e-01
-8.036066290477323903e-01
1.276113602447501494e+00
-2.148505412611367849e-01
-3.170056457385722837e+00
-1.602540693603702771e+00
-3.878229983261861635e-01
6.230915793718100337e-01
3.210794438000904583e-01
1.219421996697582777e+00
-3.600801883403331738e-01
-1.771725230219544089e-01
-8.634410285813680641e-01
-2.574253488611017104e+00
-3.338871420373328291e-01
-2.510561226107596022e-01
-3.231359254040338413e+00
1.767126930919286742e+00
1.337623809915426065e+00
-3.706317542476543991e+00
-1.466324550635541568e+00
-6.091410073892220556e-01
-5.988561133997690078e+00
-4.870103305460216081e-01
-6.780802291800678283e-01
-2.023797227405263133e+00
3.722576940976745075e-01
-2.611317365423208026e-01
-1.108817360320810907e+00
-3.591039969628279760e+00
-1.520917138659828804e+00
2.017520785710101627e+00
1.114899958404130142e+00
6.495040624255995487e-01
-7.522161209795061865e-01
-5.200076546158557411e-01
8.709211000224678090e-01
-2.583475441078555868e+00
-1.243297947282270277e+00
-1.605125161674158640e+00
1.482254526207449796e+00
5.955736073736710434e-01
-3.732004580014294803e-02
1.248649084652543095e+00
1.317452298785593889e+00
1.072411836427791698e+00
8.178632064798629919e-02
-1.423698424314722377e+00
-1.885248790251073281e+00
-7.659815334961095346e-01
8.871218512281477953e-01
2.894239275151603508e+00
1.771319488083988869e-02
-2.670869872463869088e-01
-1.130139087508998497e+00
2.030865346356914292e-01
-3.686875580628003579e+00
4.091917361066665926e-01
1.732303743594010292e-02
-1.707967996198096916e+00
3.095079652204793419e+00
1.205737847658350903e+00
8.085931284514242812e-01
-9.322623123376920784e-01
1.487180746341050241e+00
1.107424257982658311e+00
1.983258936877308365e+00
-9.158884717160533651e-01
-5.231854648224376625e-02
-1.099098667127163864e+00
1.947104442174713679e+00
6.301665279503878558e-01
2.496344150748922575e-01
-2.935020859481534128e-01
7.754332347629133704e-02
-3.022004400906141419e-01
-4.446552433467887866e+00
-1.376442774566007721e+00
-8.378444949960195398e-01
-6.251440815457304234e-02
4.121761495080877857e-01
2.258404715139678220e+00
8.005031964640264563e-01
-9.810495077400875896e-01
-2.859275642420649355e+00
-4.809652212356634315e-01
-2.669052464864592356e+00
-1.230464496083067960e-01
-1.649250469301356992e+00
3.323914861210035543e-01
-2.721360618292538280e+00
1.196089260534322740e+00
7.424708706848773820e-01
-5.630631662885783317e-01
1.011871228603367090e+00
1.232686947101233166e+00
9.031755097994906833e-01
7.429071572805767687e-02
-2.910453321379976366e+00
-2.765663844936944171e-01
-2.444217756079740234e+00
1.382497526164222945e+00
-1.106754341374199591e+00
1.098635732116946873e+00
1.154895132750990427e-01
-1.302801240709846597e+00
1.139710853153970582e+00
-3.932653569773706947e-01
3.470368171161885562e-01
6.245441621768111906e-01
1.443060905319837772e+00
-4.069430615811290286e-01
6.436016904760057944e-01
3.370413620385621645e-01
2.198102917426597802e+00
-2.010131732217769418e+00
-1.600792571776612272e+00
1.287234397171965750e-01
-3.524575230162191097e+00
-8.991757008936334117e-01
4.885309325911258327e+00
2.447937600661474367e+00
-4.973943291875799200e-01
2.560835447092669526e+00
-9.955713699694184182e-01
1.073801506821112639e+00
2.111592023834864218e+00
2.302112926651456171e+00
1.761890635694836948e+00
5.981262186619309418e-01
-1.076185900452091282e-01
3.460790444562437118e-01
8.205244142190101231e-01
2.379575697120761113e+00
-1.407441045346833564e+00
6.237221350009911625e-01
2.248076100065163452e+00
1.231881302667455325e+00
4.942922652689345497e-01
7.930242949244502570e-01
1.777832332880640243e+00
1.817888853552858341e+00
-1.120193872894448939e+00
2.019435684862140867e+00
-2.025884544138532917e+00
2.177174959318457059e+00
-2.327315757923326123e-02
1.501419914119491439e-01
-1.305294297225953581e+00
2.382424268823277735e-01
2.867152847824095740e+00
-7.363714403044648860e-01
-4.977049310711196828e-01
6.456736688324804518e-01
-1.653765130949400586e-01
