1.983257507630655780e+00
7.192844757381511300e-01
-6.535709742711002246e-01
1.173342118325988670e+00
-1.914072635515112308e+00
-2.244451337829591331e-01
1.007853407042904159e+00
2.124688657147582038e+00
-1.165205158850459055e+00
1.495903976095226184e+00
4.817951071862520696e-01
5.174286424552108077e-01
-1.332212746017424454e+00
6.404816328778013546e-01
-8.981847652921236547e-01
6.659316293400805442e-01
1.189088032369984615e+00
-6.371707515366888952e-01
2.176781639488164721e+00
6.836486184257409837e-01
1.958028186288549133e+00
5.972353845236655356e-02
1.273616258732547912e+00
7.537705290824394666e-01
-3.359460534920483354e+00
5.158147492627151998e-02
-1.451689322631795065e-01
-6.915368283711704755e-01
-1.235827697357664290e-01
-5.167874845115590920e-01
2.001178701676321392e+00
-1.167208061229239036e-01
2.381925885263660447e+00
3.359069557185052624e-01
-9.138411102759852467e-02
-1.125640526115233575e+00
8.784802066143224675e-01
3.870785471544206935e-01
8.820897007691637093e-01
3.690360173578517422e-01
7.649937374857366024e+00
-1.712034574822528743e+00
2.514860505450499106e-01
1.477317306798758001e-01
-1.023309247249536647e+00
-1.343443059361924430e+00
1.823672427194583667e+00
2.261672814558333133e-01
-5.737758724323943627e-03
-6.619818084153579196e-01
-1.119057876693677178e+00
2.390880043865486471e-01
-7.523808228648216634e-01
7.109259595244815655e-01
-6.027479454725784835e-01
5.845957466764699628e-01
4.908487961551637468e-01
9.413422569163494291e-01
2.909613113037012866e+00
1.298084484924250326e+00
-1.870099673159133058e+00
-7.155681076738740209e-02
-7.401336823349744520e-01
7.112005281262767653e-01
4.618582376297782899e-01
-1.425607623460569462e+00
-6.582886060173102072e-01
-5.640899940869925633e-02
2.976682515758702352e-01
-2.023542583481949819e-01
1.840202453565555896e-01
1.397451650105490328e+00
2.118920422148415916e-01
3.139795424381826017e-01
-4.837069976723117337e-01
-4.628046620999268779e-01
-2.262161772163236328e+00
1.650947724654246329e+00
1.618752085941130625e+00
3.531766571902277718e+00
2.810341574766832551e-01
-1.211094087463851166e+00
-9.107201358640963917e-01
1.452213163904202631e+00
9.628709645935717987e-01
8.796938833252646583e-01
-3.886775614393409128e+00
2.080598509074635505e+00
1.409460699909332426e+00
-1.003482835666850148e-01
-9.770793820458869572e-01
8.819748884483911144e-01
-3.158705016153076639e-01
-7.621112998647494585e-01
4.156101897079815810e-01
1.043627926091461600e-01
-1.014209549460586945e+00
6.899131377830729495e-01
-7.165138561487293112e-01
1.598960234201516117e+00
-2.201075849097964721e+00
8.671909684026366527e-01
-1.022494082778670765e-01
2.548858361516881388e-01
-6.709170353159921163e-01
4.137431996437502590e+00
1.719397020402335663e-02
2.010694870116227495e-01
1.722430831660125561e-01
-1.418290141659090953e-01
-9.912132107465492226e-01
-2.266483812395695630e+00
1.204904895457340475e+00
-9.939484896934029923e-01
4.009155933781569647e-01
-2.285516811157900730e+00
5.560580882174086526e-01
-7.872528320784923928e-01
-5.060945914326611117e-01
-1.048507302888896375e-01
1.256417290490178917e+00
7.519987831215086960e-01
-3.724527972853697855e-01
-4.904453253822644854e-01
1.261523016132699571e-01
-3.409043218009873311e+00
2.609556558149472849e-01
-2.560810086643010575e-01
-3.861077182384468620e-01
-4.326084880057785576e-01
2.909632158983061601e+00
-3.630510407697968844e-01
-7.009781028986675766e-01
1.485211373849361638e-01
4.145601493513036973e-01
7.905377465900929046e-01
-2.619217022489817470e+00
2.732969218571739134e+00
2.199534787206715303e-01
2.386781672946591826e-01
2.991876575675803118e-01
-2.334292440048082007e+00
1.836188461310305886e+00
3.277672039575718621e-02
-2.886336164588523712e+00
4.713259066713094469e+00
1.484252173471107827e-01
-4.264795242413168985e+00
2.926854899534119259e-01
-8.762626241216673328e-01
-9.026571861555989784e-01
-8.731751265514389182e-01
-1.615673802494880906e+00
-1.512126755879891871e+00
7.654087307401150619e-01
-1.396101886862417540e+00
-1.193531634657251761e+00
-1.794716663861016359e+00
7.880006313645304683e-01
-2.723891725557787247e+00
5.666339660374276610e-01
-6.427680458069078284e-01
-8.887562695288062642e-01
-5.443236284740280428e-01
-2.365885269433680715e-01
-2.299000661461684913e+00
-7.312436304694773792e-01
5.599135404793480486e-01
-7.622360210618717158e-01
1.372134750616234022e-01
-9.796050672160234729e-01
-7.234363677472137599e-01
-1.855174480663755565e+00
-1.019777845740879707e+00
4.744750812290334241e-01
3.273605516678265159e-01
6.118811224668856408e-01
1.643649780977507469e+00
-2.242478561709748686e+00
-1.763908345198364591e+00
-1.426840905449210384e+00
5.308246846585500389e-01
5.659167371412758829e-01
1.268727536562419544e-02
1.679949828156664049e+00
-8.911477910149305792e-01
-2.293432491038646770e+00
1.923027781815452197e+00
-1.493065402113877838e+00
-8.067818088727413128e-01
-5.315870567559222160e-02
-1.454710369817783511e-01
-9.301562294648799689e-01
5.668748751412693299e-01
7.024990963197321747e-01
-2.643196986912481172e+00
3.046330422679153216e-01
3.854065265417136121e+00
-1.757481044431096873e+00
5.715193095074900809e-01
-1.450826023655978236e+00
-1.220223029938958259e+00
4.538734479258121346e-01
1.371390656601452762e-01
-1.671516065572607790e+00
8.529349519834639182e-01
-2.409024724460656630e-01
-1.126775380117035930e+00
-2.318019221386894646e+00
-9.471579655447240342e-02
4.445257493915510949e-01
-4.419476533618170722e-01
6.511180194672007149e-01
1.778557076677007576e+00
-6.148360611914911456e-01
-1.242183208868115729e+00
-2.446797217998810670e-01
-1.330484352626536970e-01
1.033935899870450426e+00
2.774986122574849556e+00
8.095045521331458716e-01
2.196826650361703714e-01
-6.340030319837706152e-01
1.696414207217840975e+00
-7.098976785690177538e-01
-1.101206317359461728e+00
-2.370497663107262731e-01
-1.278481559531136735e+00
1.356017139906786850e+00
-1.097121599074095122e-01
7.429421656304888710e-01
1.479231754694043222e+00
-2.370153220565661023e+00
1.471667530773751231e+00
1.167384675882627287e-01
-1.047498564847363145e+00
-2.640746928954540440e-02
4.318532810115855991e-01
2.050102339350189595e+00
1.395654586392949703e+00
-1.108210120725945158e+00
7.426683080940186255e-01
9.814023170157926135e-01
-7.127506047925844523e-01
2.254950711339265002e-01
2.058017258567434116e+00
2.176377543870609887e+00
1.306806055442728542e+00
-2.357373757055970742e+00
7.786785846465408278e-01
-4.626184731818843154e-01
1.523610795526436634e-01
2.790000071581531405e+00
-4.815548413834990216e-01
1.266855545391181392e+00
2.725291063091292987e-01
-6.148304778550816030e-01
8.437995218283991239e-01
-3.819411331456885605e-01
-2.040602969512223197e+00
1.062977179914240455e+00
1.332095119897188207e+00
7.118237911510991722e-01
-5.304758322364935275e-01
-3.099846026680778799e+00
