9.907700250712918599e-01
-4.066221488283685570e-01
1.034806299549848596e-01
-9.728218770417145222e-01
4.773013217460568836e-01
4.909856454863903430e-02
1.419361207015570336e-01
-9.601557488598273515e-01
-7.721734341576793614e-01
-2.126081524632172925e-01
6.959920746794796553e-01
1.265245936534877824e-01
4.598367360652462210e-01
9.733083230716663703e-01
3.718834196850588913e-01
3.990361422541091052e-01
-1.465642284720738431e-01
7.546727671881825472e-02
-9.768329928294736675e-01
9.154859651514586361e-01
-5.629307639286766918e-01
2.583254317304177761e-01
-3.399257390791035061e-01
5.052629852306886882e-01
4.179803906255474821e-01
-9.640274416009717573e-01
5.944844402157341001e-01
7.617270487227227882e-01
-6.124409560503689676e-01
6.083829792933799219e-01
3.414212403965202203e-01
-9.607099933473044473e-01
-5.300509687927632552e-01
5.078846198845219373e-01
8.741977383659957912e-01
-5.425629920137482465e-01
-4.873043697052730217e-01
3.858439633952537307e-02
-9.825809654018815564e-01
3.891497423704310954e-01
-7.738200820959320048e-01
5.014393273037558441e-01
3.963816194289959682e-01
-6.270161748641720489e-01
3.708111976011503330e-01
3.136891912506711844e-01
1.408131940240482383e-01
-3.606080706720860007e-03
-1.210716422138282677e-01
-1.237494835813552907e-01
-2.663621883688171987e-01
-8.335871727099464223e-02
-9.704791653648390248e-01
-2.793693421571961100e-01
-4.892803051203258313e-01
-3.540032112196205283e-01
-7.077398901724147873e-01
-4.672192093223788145e-01
-5.251699535502096783e-01
-8.849023138656779697e-01
6.092572368759185952e-01
-6.263264841944906625e-01
-9.478023330819862480e-01
-2.098759464447177425e-01
6.946233555111245295e-01
2.203040062271242050e-01
-4.379607404533889525e-01
-4.198423057981415241e-01
-6.917367567026952990e-01
8.119151896278307134e-01
9.138986799268575822e-01
5.052181751286588529e-02
-6.327713636799219277e-01
-2.630985000040331201e-02
-3.671551355932907157e-01
2.129815015704572545e-01
2.780935378414377546e-01
-6.238209480914098659e-01
-2.592768379117993405e-02
1.355247988420695826e-01
-3.334763248598560104e-02
8.738873360858445682e-01
6.578654066427702674e-02
5.388560479735902131e-01
-8.270072121103191343e-01
-5.718566503123267974e-01
-1.993974334247701208e-01
-4.721066040607528880e-01
8.209088653832448124e-01
-6.307157594864267747e-01
4.106020018430538432e-01
5.806579980352886139e-01
3.901224405237611048e-01
8.027086991044596331e-03
9.650914871630584813e-01
-1.735433623731974517e-01
1.197687014175685682e-02
7.046958273926822169e-01
-9.513997941070950759e-01
-1.887397801004442321e-01
7.639700165156588785e-01
-5.259982488669878720e-01
7.803790278464022290e-01
3.943655745031409143e-01
6.253236385638742956e-01
1.843665635915292533e-02
7.131061704708516746e-01
-3.072026727895618148e-01
-3.308239982527694245e-01
-7.609891405507291928e-01
-6.982506534227375106e-01
4.452847089359752708e-01
3.242580341102156982e-01
-3.761565542140439256e-01
-6.984230573620551219e-01
-9.988444569280812146e-01
3.941200094153107791e-02
2.441617480583873068e-01
2.210975768133258690e-01
-2.102642124094549203e-01
8.854677281006404499e-01
2.195978053396017149e-01
-2.575496171267546153e-01
-6.159348695308637378e-01
-5.518278272633780901e-01
1.046769099025590677e-02
4.394633544514456869e-01
5.038383789235085786e-01
-4.009528586418271701e-01
-9.267834891486455007e-01
5.339339075980376048e-01
2.399354049112703002e-01
5.780285898194807981e-01
-2.229551298299425888e-02
-6.200625780379516172e-01
-2.775097293018697897e-01
4.435717873071232109e-01
2.270265693308815003e-02
4.050676875282943623e-01
5.214003802273801114e-01
-5.668400232090009538e-01
9.099272004622069865e-01
6.923338251690669409e-03
1.636617076039710295e-01
7.411779840891690174e-01
9.648748431233780121e-01
2.542476083644880092e-01
-2.145325019556190149e-01
-2.175426922997381052e-01
-2.232999965627202599e-02
9.299018023150775747e-01
6.218703620015642031e-01
9.577014064155009443e-02
-9.112450241635829951e-01
6.679372202250399848e-01
3.621134513289447909e-02
-5.360009902001281468e-01
4.818744068299884997e-01
8.801360366226751442e-01
6.036851233674611628e-01
-2.760167670349105151e-01
9.945230994688523118e-01
-3.427051519132682245e-01
8.094449101066967245e-01
-6.380900775515525591e-01
-8.607182075210144667e-01
-6.921341637242397482e-01
-5.441390453852392728e-01
-7.267242592843325966e-01
-3.417069554397191844e-01
5.227328462098481676e-01
-2.739734239840663221e-01
-9.849583404602846315e-01
7.171078513277746591e-01
-7.508497245116350083e-01
-9.747743603114846778e-01
6.801299761408770017e-01
6.262044164085809328e-01
-4.360171722902634883e-01
-2.482805296217900359e-01
-6.316550904645927833e-01
9.450684536501403610e-01
-1.934259940281264356e-01
-8.369483734377418660e-01
1.630854199033140439e-01
-5.766147484916217536e-01
9.273299603559872484e-01
6.112182441714153480e-01
-8.143089012585003061e-01
7.019737901789309120e-01
-7.554116152158276698e-01
2.378185487854054259e-01
-5.705285025940551868e-01
-6.808130599563546603e-01
8.277237439778826200e-01
4.361179359723015292e-01
2.552973959700373108e-01
-6.813534381238763871e-01
1.416747538377709503e-01
-3.796798503919918133e-01
-6.763166196913510397e-01
-9.052381615201561260e-01
-8.052918862725113591e-01
-9.375816922300288514e-01
1.555488797571376036e-01
-9.087128384714655560e-01
-2.358807797513431392e-01
-7.107115443381488706e-01
5.962062177690010678e-01
7.748892738318500228e-01
3.687482344459569461e-02
1.249127018569236025e-01
4.129680612929964578e-01
9.829104620541246895e-01
9.821702378971002290e-01
5.492065694584855606e-01
-2.511911135063993328e-01
3.785880938521140049e-01
2.152301373962655084e-01
-8.301815044208951111e-01
-9.938319666798676177e-01
-8.749611135499320014e-01
6.855569894304747169e-01
8.525583501426914346e-01
6.457223217279579597e-01
7.836484943947354953e-01
-8.291858941963352603e-01
-7.059768230672942568e-01
-5.578822884794185644e-01
1.480106322721086443e-01
-7.049957926051404478e-01
-9.735013706520998511e-01
-4.054782364534839090e-01
-6.265534889883834779e-01
4.149721880011145725e-01
2.557885408846130026e-01
2.482916990088608333e-01
3.982806658200448435e-01
9.772085226038413897e-01
-6.851716866182238075e-01
6.302407077467691021e-01
-2.258622709908251203e-01
8.305097734100304052e-01
3.399329797718393387e-01
2.982359088816983750e-01
-5.116849911667227246e-01
4.783325329287269057e-03
-7.598982793474906572e-02
5.497764606390052045e-01
-8.392589183149312682e-02
-9.533454891069184090e-01
3.751901867300642124e-01
-8.095711446922471133e-01
-7.653242109367668355e-01
1.584306420735364096e-01
-7.153175915055920431e-01
-8.021681019791904177e-02
8.709677854015149823e-01
6.459098026766687539e-01
6.308836747304442660e-01
-8.910893209256551817e-01
-6.734169058035965882e-01
6.517429430575785165e-01
4.489591642882171385e-01
-7.578623610498076424e-01
