1.449884213635479480e-01
-1.929184838337267838e-01
-7.093922976702022876e-01
-3.801631835149603678e-01
3.048440984590734537e-01
-5.314061174032012058e-01
6.864855177386994800e-01
8.701262863254111135e-01
3.951853953257511431e-01
-5.964999299151052536e-01
9.269486800799959791e-01
9.061389935540045126e-01
2.146329122748347196e-02
5.000572467045090175e-01
-8.472794901277662660e-01
6.543758333244091840e-01
8.878745824870315495e-02
9.522137306932829670e-01
-3.420704323646672762e-02
-8.258360327879585849e-01
9.452391179353150097e-01
-4.449041239534243797e-01
-3.095243089242629697e-01
6.252402039573212722e-01
5.228762966319289163e-02
8.758655274551756520e-01
-1.560304155855729569e-01
-6.202167805850526960e-01
-3.210919838601327125e-01
-5.206722186788872442e-01
-8.709446962152300742e-02
-5.381192124026552559e-01
-3.408898798384416562e-01
-9.511210112780743575e-01
-2.120890880420016611e-01
2.819855385743366138e-01
-9.316531109015675494e-01
8.321570461751643943e-01
8.811871943037568045e-01
6.453232029599915709e-01
-7.476703990791524479e-01
2.418855555789456435e-01
6.435572435250456191e-01
7.525568539933866763e-01
-2.901795180715160960e-02
6.284978464769725992e-01
-2.388118444628222203e-01
-1.970587404547978760e-01
-6.807900528791241967e-01
1.395525121104499444e-01
6.561390121859336233e-01
7.645252615317299494e-01
1.701353089398804919e-02
9.894047135544314919e-02
-4.011758482034586404e-01
-7.153055230897127359e-01
-4.927764043307769626e-02
4.139532718645460019e-01
-1.833983690956810797e-01
-9.384794060246059999e-01
-7.260077435002958435e-01
8.744610287419263273e-01
-9.939048899617364263e-01
2.814354855155203339e-01
1.296191749944466398e-01
4.474409719709191435e-01
9.842739794172723489e-01
4.285384085543855193e-01
-1.381558126991255797e-02
-4.839550183262597560e-01
-1.707900693579977869e-01
3.306916245704842883e-01
4.871264399304657822e-01
8.053811472769178970e-01
3.892643195773204390e-02
7.434576332183160385e-01
-7.261142975511010178e-01
-8.677098905301219300e-01
-6.534342460897486493e-01
-9.371290182412079783e-01
-9.574287464552975191e-01
-9.126241555288758800e-01
-2.807307531144069834e-01
-5.311140230962050346e-01
-9.950974791226416816e-01
-2.249133735957338232e-01
3.616345470128399242e-01
-4.000287625103258193e-01
-9.642141735381026812e-01
4.448452160222513552e-01
7.236967219757830527e-01
-3.851986239161886427e-01
-4.466860604764089082e-01
-8.148639910368693506e-01
-4.113807059151453061e-01
5.971754551552499457e-01
2.808223534163589719e-02
7.543377751512663210e-01
6.475374867375363053e-01
-3.226879630146002320e-01
6.669007433916416261e-01
7.046724877103913709e-01
-8.086265851671763372e-01
-6.154504338764974491e-01
2.893386496206764580e-01
5.445273582875946872e-01
8.329918071932027601e-01
-8.258208991230031604e-01
-2.128674319762822176e-01
-8.159294508728935913e-01
-8.823625028012267446e-01
-9.525565976976402283e-03
4.909256047428955938e-01
3.186461123941419782e-01
-7.900714245151778670e-01
6.758018379339398862e-01
3.237232766307780452e-01
3.575430358021380872e-01
-2.416710025190955680e-01
-1.350778893945305814e-01
-2.356616392477250965e-01
-4.235671258486144453e-01
-3.015717633200276637e-02
3.575165605710108885e-01
5.972662706738176563e-01
-7.555080116210277641e-01
-8.721755256957088864e-01
-1.911718613525836830e-02
-1.785276927425079041e-01
6.459938140111916027e-01
7.050473508765033870e-01
5.660070682642768247e-01
-6.649309297355825432e-01
3.722862504074639922e-01
-1.789025545261442307e-01
-7.599978504856044204e-01
5.062904445249076790e-01
-2.591606421049927889e-01
-6.339645965766682600e-02
-5.830820036747019763e-01
-4.137334013400559840e-01
-1.298002157557587299e-01
-1.560818042772222913e-01
-6.279992930625959424e-01
1.391142731628751683e-01
8.148048322583103520e-01
-3.690299784835548991e-02
-3.762705315970038544e-01
6.787142221968085476e-01
8.768830253400614616e-01
-2.949709755162002178e-01
9.593939690272712539e-02
-4.387463025148363727e-04
2.482576860728344936e-01
2.879146885963430602e-01
6.575579279433168001e-01
3.247041901889262672e-01
3.592208959270923874e-01
6.449893769052377213e-01
-9.592047074354439484e-01
2.873996744270392867e-01
2.351098860951226222e-01
-9.579389215290985415e-01
2.540886609522838846e-01
3.775520003723187301e-01
3.730641451265330755e-01
6.537162887476857254e-01
8.851655991342648466e-01
-5.445351126542974374e-01
-7.338374269416643170e-01
-6.715366599552550220e-01
-2.672468889920409651e-02
4.309558704448022137e-01
7.304355261043999903e-01
-5.447322512182217746e-01
-7.516604458366720198e-01
2.502883722780451237e-01
8.173030118542938816e-01
6.617746490150560046e-01
-9.881867880430135198e-01
2.710064763344319783e-01
-4.794564102377227854e-01
1.857493987701674953e-02
-6.579052435892422945e-01
-6.250718559331593926e-01
5.608244162260820342e-01
-9.542825887273553853e-02
5.737378396828474170e-01
-1.076357684295419226e-01
1.856474614661207667e-03
4.180647751020745151e-01
-6.789893588511668465e-01
9.104772225693211762e-01
-3.163993824482467243e-01
-9.563597734961966079e-01
-7.224197452377298934e-01
-5.169243433698198498e-01
-2.524812731802770216e-01
5.599607749588197958e-01
-2.599708486000287255e-01
6.874736117992108486e-01
-3.419984427911750835e-01
6.227133624423975000e-01
9.528248479558070194e-01
-6.256745967742083359e-02
-9.874143862457129828e-02
-1.785980963619062667e-01
-9.793818153953346428e-01
-7.427376909537608540e-02
9.082572226071350396e-01
-8.053816031839389211e-01
-6.317350559814829403e-01
-7.847572205765405151e-01
4.051338111068469860e-01
9.545607560329611996e-01
-1.045862400018848781e-02
1.012922130560518497e-01
4.580092615154871538e-01
1.293970301292257652e-01
-3.139273680009437850e-01
-7.289834745625773937e-01
-1.385120921228695234e-01
-2.646490248872617190e-01
-4.669969139229868116e-01
4.611602674116532796e-02
-1.264106627120709092e-01
1.790316024186453525e-01
2.279143836864423456e-01
8.490389024023343723e-01
-7.490924287550297933e-01
2.121675809991780959e-01
4.655741511316380254e-01
-4.329857011609645756e-01
8.426582739189372173e-01
-8.809059184179692803e-01
8.288648804566711714e-01
-4.669095880578790769e-01
3.323775926348988552e-01
-5.128094725994372105e-01
4.024407151680651218e-01
1.725775466405257141e-01
7.738159569134333005e-01
2.686043561692439408e-01
4.174216827288586007e-01
8.063809099592404994e-01
3.801590418287836837e-01
-2.692126987897081047e-01
7.904140127652572456e-01
-9.483011500861111553e-01
1.312150773370754919e-01
-1.343090096527808086e-01
-3.561538640588479687e-02
8.109195785433969128e-01
2.808236077360928284e-01
3.032716986453676267e-01
5.143047097213206964e-01
-3.192651607337126940e-02
7.254894679483701037e-01
-2.380217198998626493e-01
3.850794619161952426e-01
-1.112585120976443687e-01
6.877652186084639574e-01
1.980784194420255329e-01
9.328292487635110319e-01
3.826928628981240976e-02
