-1.261479804137134231e+00
-2.221738120027870744e-01
1.944856273733423846e+00
-4.437198693682675721e-02
-7.105547841912432938e-01
3.933855534311130331e-01
1.337103648532410816e+00
3.246059698749350630e+00
2.184946996868951108e-01
-1.063137416759456944e+00
1.890629468725138818e+00
2.169695884182282430e+00
-3.714806073292417743e+00
1.362034370425294849e+00
3.926838809959004806e+00
8.441941992370268766e-01
-6.594567098913759473e-01
1.201857721548309943e+00
-2.858644493368961426e-01
-6.144102382227947245e-01
-8.878440437232753002e-01
2.480505567869907946e+00
-2.024227804804663577e+00
-2.560130540134759602e+00
2.972374055190804665e+00
-2.370993735470984465e+00
3.259328092335118665e-01
-2.747331161964305490e+00
2.395218393541100443e+00
-6.692202160830782454e-01
6.549189484802797612e-01
-8.842163258125047554e-01
1.419259349967639805e+00
-1.203895190550940741e+00
-3.321481565034251626e-01
-1.062910112004302077e+00
-3.161656693277255403e+00
6.836127237698127468e-01
3.748722847781915113e-01
-9.449336095263803914e-01
-2.255647468039626791e+00
1.028490098897223870e+00
1.774430204553019141e+00
1.055299398900832575e+00
-1.036237118716090366e+00
-1.764943619651203166e+00
1.353919553359733463e+00
6.192798438378395165e-01
2.903120225449962177e+00
4.979383851642906200e-01
-4.359008952802333248e+00
-3.804258223681814766e+00
5.994969940261749564e-01
-6.982777608181793827e-01
1.127452036155203174e+00
4.076714459276214342e+00
1.368639264185898874e+00
-1.104557272605631635e+00
-6.459632387758713623e-01
-1.747849165994908693e+00
-3.054371705380916513e+00
3.079614811882561698e-01
1.889866798256774949e+00
-3.782976416867507297e-01
1.735452935898659454e+00
-3.265666233304909127e+00
-3.585322024824524889e-01
1.372238530905900866e+00
5.333588984634801022e+00
3.703655436495486786e+00
-2.928474654178955916e+00
1.341555796324447325e+00
9.407704601630823005e-01
5.564646049748298573e-01
-1.858369500363285187e+00
-1.330671528258129843e+00
1.910586182139937472e+00
-4.851675920745385895e+00
7.890107720316984485e-01
3.032619001791917235e+00
1.680823865482332202e+00
3.609215392848693860e+00
-2.162652669564960384e+00
2.653220298760602613e+00
2.152397296184045850e+00
1.181528836960957785e+00
2.688993144488955878e+00
1.455141631772874034e+00
2.588037486437158030e+00
2.114586284716119646e+00
-1.450369303979055502e+00
6.009058893842637028e-01
1.069680660324078492e+00
3.392851351549753147e+00
3.090366477744242779e+00
-6.365627851279611615e-01
1.366312458981985500e+00
-1.063716385422954769e+00
-1.295302214981648437e+00
-1.197070871607387232e+00
2.089082025692986733e+00
-1.429985117602122768e-02
7.780641310431095636e-01
1.639404980388615707e+00
-4.405729730477256467e+00
-4.291027307850146855e+00
-1.213563059085827067e-01
3.017108085255793881e+00
-2.415392079958050164e+00
-2.068854596821758651e+00
5.212123350758079976e-01
2.191051273578746184e+00
-4.330421100976331594e-01
2.113808227957484354e-01
-1.330811008909351223e+00
-5.959438684007258846e-01
1.324065528243699719e+00
-1.223037046492252644e+00
1.492383758774696201e+00
9.975770534830075142e-01
-3.389438362541781213e-01
-1.048602134866568614e+00
-2.502783227972576463e-01
-6.274169985391830906e-01
-1.048830259892568950e+00
-2.862666242216612034e+00
2.321356407634319829e+00
1.139187158452119597e+00
-9.140430396821597192e-01
-1.155470594994824296e+00
-4.654802678919644165e+00
1.084315960945742230e+00
6.645488180341083684e-01
-2.170209208414130675e+00
-3.387349613599448528e-01
2.883641637951019021e+00
2.395834427803668731e+00
-3.371716413650941657e+00
3.176227007145167036e+00
-1.690280223842295371e-01
1.979322335863141769e-01
-3.566725922029907458e-01
-3.602040145886321598e-01
-4.829084995247471257e-01
-2.389767857307911747e-02
-3.057435856968709231e+00
3.572765936292274791e+00
1.490924815446570850e+00
-5.968757373196085236e-01
5.475347830276210415e-01
4.387588155735426376e+00
7.709976792512914789e-01
2.562419450464761717e+00
2.022820632019929565e+00
6.469001068052924630e+00
4.991417554334893758e-01
-9.518948564017226666e-01
4.274865366399044908e-01
-3.745758796815726654e+00
-1.028495450956784518e-01
9.420577222071770951e-01
-2.226400540971414710e+00
3.201910001536939276e+00
-2.305499564749472263e+00
2.780075750617714281e-01
1.439018268207151285e+00
7.213470839934360557e-01
9.472406014272780617e-01
-4.923007828643789274e+00
3.011220262536343562e+00
-2.245515648422131250e+00
-4.399347474163873173e+00
2.033371277993348158e+00
-6.600595513504039502e-01
1.876595728004377017e+00
-2.018502869263286925e+00
8.308167196423332790e-02
3.390038720744820822e+00
7.150603910663309026e-01
3.356579226062994525e+00
1.025246407792354875e+00
4.154707672103391758e+00
6.260395331085582882e+00
-1.235562320401694780e+00
7.612520313044015552e-01
-6.311454806789582594e-01
5.994564403507449235e+00
1.088214015265940304e+00
9.354654146397096692e-01
3.156427313902874232e+00
2.864780123829532954e+00
-1.752603195691705862e+00
1.273406518174530877e+00
1.730211077593871494e+00
-4.025605605441875401e-01
2.772152771834869522e+00
2.247580405907213752e+00
7.742157671372409400e-01
1.586044471551886881e+00
-7.867276714298094831e-01
3.315547847279335159e+00
-1.791029679593177271e+00
-1.531310886844913455e+00
-2.556500178943481583e+00
3.154037188702584427e+00
-2.415791925380353256e+00
1.203594858700161474e+00
4.135017818625337682e+00
3.796336923257632723e-01
-5.982639897167476573e-01
-5.006019759311718387e-01
-1.512713349560625087e+00
1.228467428333520628e+00
1.694229549721867123e+00
6.229767979941406963e+00
-2.380234914943811564e+00
-1.330994327225880625e-01
-5.723789962354004501e-01
2.623438061726774961e-01
8.256418579698046045e-01
9.535788231446691299e-01
-4.728846004486068622e-01
-8.021503569144553536e-01
7.050321762087967681e-01
-6.077931805766543238e-01
-7.803951299313716117e-02
8.552892886544802842e-01
3.256200203323523112e+00
-1.050875640551681145e-01
2.583105030278512793e+00
8.472428869747066216e-01
3.672162717503464791e+00
-2.020570514831150799e+00
2.230422723467286872e+00
-4.959787291405615139e-01
-1.289914586307828737e+00
1.320755391119870170e+00
8.731978075444906118e-01
3.357390355998032483e+00
1.331511216809554643e+00
5.539695344014677225e+00
1.350057237103568619e+00
-7.355347033140173796e-01
3.836821608144288298e+00
1.337118141898543833e+00
-2.385365165745523708e+00
2.122335414242361828e+00
2.132663810552108075e+00
4.507519922170352800e+00
2.958826316779935794e+00
1.560189834967679046e+00
2.675838675078129114e+00
3.086292858427657215e+00
5.481306644971374098e+00
1.597505381907270872e+00
-2.692380333417792038e-01
3.644172755352980797e+00
-1.248751679847115714e-01
-1.273982388354057083e+00
2.296608375603833352e+00
9.134836703956250581e-02
1.104792597494688833e+00
2.450930224509613176e+00
1.903589275949169046e-02
2.656001915966557103e-01
