-6.357782110137641940e-01
4.937350304503023146e-01
4.773961270035782523e-01
6.476802632515408220e-01
2.687147872107231716e-01
3.439522375743297999e-03
-6.969067895828136017e-01
-4.009738739481127912e-01
-8.895793539807996808e-01
1.828877881647716919e-01
-3.597956968684972168e-01
-8.654553541816367712e-01
-6.087220136192224018e-01
-1.403686427019337213e-01
9.019318814220294023e-01
2.769079590407295122e-01
-3.853802604518625774e-01
-3.868805209924841559e-01
-7.692764580889628334e-01
1.403109762098408986e-02
2.585169821684010216e-01
9.482084961914647447e-01
7.712074095705563348e-01
-5.442572809630792374e-01
-8.091458131070397020e-01
-3.927374078952092784e-01
2.682942108842993889e-01
-8.356689628594760055e-01
-8.259829600414145823e-01
-7.931106639746481335e-01
7.938005494510833593e-01
-6.826942539888425365e-01
-8.346792652350851771e-01
9.711064519868448652e-01
-8.850474252020514854e-01
-1.881256332757315075e-01
-5.841641696344124224e-01
-9.766714815208921152e-01
-5.015856309998167895e-01
5.326084827930315235e-01
8.045811857546927293e-01
-3.025527742777873730e-01
1.672476900754682472e-01
8.559751648055859974e-01
-5.263074042231430383e-02
-4.326756627916010789e-01
-9.108238623636581988e-01
2.631574616515597320e-01
2.278493731359234609e-01
9.545613365069369749e-01
-6.899698999645080821e-01
4.946767225863895057e-01
1.587207778512902401e-01
9.980695267897568002e-01
2.809174158942056021e-01
-6.592098540126123396e-02
6.537115930568104805e-01
3.400139641988708661e-01
9.987104878539683206e-01
-5.312255746929077649e-01
1.924590599210360686e-01
-2.107291704526259579e-02
9.508236981185334002e-01
-2.494700130492211176e-01
1.060934331603151648e-01
4.781871942574584811e-01
-8.316676929025526022e-01
-2.004132260339119842e-01
1.775535068164753039e-01
3.355182169961579142e-01
8.905825826395123990e-01
-4.616629051502869618e-01
-9.073817892832141130e-01
-4.564543777672203095e-01
-2.742894105733462151e-01
2.333815457550159067e-02
-8.288915718589748849e-01
-5.173541980311924249e-01
7.941917506938482862e-01
-1.610291201832771968e-01
1.652407773873418861e-01
-4.291602396889084847e-01
-6.926015413284074551e-01
2.248315965209921607e-01
2.357280850256355809e-01
-8.661718530202895394e-01
9.549158506214783237e-01
-3.090934467864596691e-01
-3.148041129925038817e-02
-9.349279896040072479e-01
3.964004728659338284e-01
-7.147134275407660553e-01
6.143348367259018339e-01
7.465615345454068574e-01
1.479732245345579678e-01
2.209754788478084375e-01
-5.053767656288321586e-01
7.977429805420075404e-01
4.934162390423464384e-01
-7.663517678960813928e-01
4.128486870894516603e-01
-3.332289011461362360e-01
-3.907615842122571514e-01
-7.865823382593479796e-01
8.934662521739604735e-01
-6.392834291455467000e-01
-9.572468267657292529e-01
9.304759219338927245e-01
3.175176735780183002e-02
9.662942118931261426e-01
-8.473258472311622214e-01
-2.625015246590602924e-01
-3.151016496327898597e-01
1.364914950360618384e-01
-9.864377998204034714e-01
1.107574880166095621e-01
-5.357897283963497514e-02
-7.417113246832525153e-01
-8.192587880588741989e-02
-3.414649371935578603e-01
1.362195018614835718e-01
1.728154159234218668e-02
-7.928997287016503748e-02
-5.822530548267443873e-01
8.457964338756651657e-01
8.165337347104366650e-01
9.205059905186747660e-01
1.353087795865004495e-01
5.436308872306683249e-01
-4.330656613443688574e-01
6.833944255720918459e-01
-2.490542017276324849e-01
-8.146149747688027354e-01
-7.631591035018510105e-01
1.266271924948714211e-01
2.736430945245504898e-01
6.483059553397734209e-01
-6.408389313530198361e-01
4.198875768708343337e-02
-1.208846720985741197e-01
-6.337535358587986778e-02
6.583860883613845694e-02
8.286233103560336488e-02
-1.794227733913182909e-01
6.712845694433740018e-01
-3.034560756004203164e-01
8.773684371188830156e-01
3.735655615009678687e-01
-6.891891002897672092e-01
-2.873639477633280759e-01
-1.973470521335831673e-01
7.341873226228048388e-01
9.232611842909299593e-01
-2.934116175637953017e-01
-3.474753397234819907e-01
-4.062744282608021784e-01
-1.580089202789303204e-01
-3.788047637636451359e-01
-6.418786805707827892e-01
7.676714801431820945e-01
-1.698102447886382649e-01
2.590270880798095643e-01
-5.406861880425026801e-01
8.955948232297468170e-01
8.755081902583377040e-01
2.827469804449067592e-01
-6.014626990391911399e-01
2.092138644044518880e-01
2.858435820182450016e-01
6.382349942055389747e-01
-1.389237668007199389e-01
4.748869961837980380e-01
-6.067890421592085914e-01
2.203756654865616227e-01
4.045166885876949614e-02
9.354156950567882323e-01
-1.831737931101746764e-01
-5.047406699897329929e-01
-9.868548815961442067e-02
2.758348231833405162e-01
7.707661082162517996e-01
-8.049555887276960142e-01
1.630941694809413534e-01
8.808836598234528470e-01
7.212995797771846185e-01
-9.564140276974597565e-01
-9.332880790743978139e-01
-1.565863018576783006e-01
-6.862449717517697945e-01
-3.136864034161486181e-01
-5.167148252252302676e-01
-4.941433867176499017e-01
-2.030254352857763234e-01
-4.193549830640290743e-01
-3.426505251791289730e-02
1.619602539187099399e-01
7.513949558290398123e-01
5.987049535123587507e-01
2.421621022858579941e-01
2.452759808908844263e-02
1.505771360485446131e-01
-2.014695358380296231e-01
-2.005632531188081824e-01
8.974614498340953705e-01
3.735800808439710963e-01
2.060953719545475238e-01
5.539267899745197177e-01
-7.870321572165159818e-01
-2.435402410806144502e-01
-5.758931064057382088e-02
-5.677880014240272999e-01
1.425994862893764648e-02
-4.666254146564925431e-01
-7.569806734574713314e-01
5.846096773150812886e-01
-6.463338337046899973e-01
-9.639926501263884617e-01
-6.993666768948192392e-02
1.381133272128556300e-01
-3.047398349719858679e-01
-9.707562708304440235e-01
5.494366244700930046e-01
2.374398147106755452e-01
-2.619932347988060961e-01
9.456789236953904165e-01
4.724741326636356931e-01
8.854060063762136945e-01
7.243844062315993870e-01
1.079699734783838849e-01
-6.030970001737063768e-01
1.668860280861306222e-01
-1.156064891198285149e-01
-4.595672268899342328e-02
9.637526481683971191e-01
1.171113589987999859e-01
3.491863247904649636e-01
1.670208065285645471e-01
-7.805579401999551692e-03
3.491821671715977793e-02
3.678758833987993970e-01
1.855476313286468226e-01
1.598158925277883835e-01
5.897526185860963999e-01
8.730706585506822215e-01
-5.621007863876554822e-01
2.388720235592793895e-01
4.464204585607345344e-01
7.906460126085268492e-02
3.199651789755852960e-01
-4.266442021415395303e-01
-4.540505683922102520e-02
3.077695256118164746e-01
2.189820688101775659e-01
-1.086475310248466997e-01
8.749761120583550156e-01
9.803072405975308268e-01
-6.103662653014771955e-01
6.973059153216334405e-01
1.545588656963345908e-01
6.646059756056568180e-01
-1.223128690252679451e-01
-5.738875799348162055e-01
-3.706785010345070575e-01
9.729158058393725383e-01
1.414904445890479145e-01
