4.000420423383497237e-01
-6.625375240425439571e-01
5.565372253201472663e-01
-3.935473442105319464e-03
9.211591428346865840e-02
7.259610951681825242e-01
5.581600790940883794e-01
1.813174575755343021e-01
2.282635383580950972e-01
-8.126757875881884807e-01
-4.752890024121887436e-01
1.145089258564251367e-01
-8.479482473302453194e-01
-4.116741371864742760e-01
-2.312772558871989403e-01
-3.424647705142693788e-01
3.056819813128797136e-01
8.896444827621041718e-01
-9.904822815392024804e-01
3.215440575255059663e-01
-7.932276048594608664e-01
4.607398878302895184e-01
6.992695131840394041e-01
-6.868897670190203808e-01
-4.648341883994600021e-01
-7.884142921199168708e-01
-6.090339174642256381e-01
5.068303519429313564e-01
-1.016561550999077745e-01
-4.450531574390705902e-01
-6.733444602095348674e-01
6.735938606980371723e-01
-5.634074922210958736e-01
3.851382206458255908e-01
-4.121703185776759426e-01
-1.058668544269296685e-01
-5.126207130970967807e-01
-1.351661790377711725e-03
5.524973193314020037e-02
-8.778467422729352432e-01
7.289641414743472936e-01
5.504778795559444049e-01
-6.528039443517872353e-01
3.158039047373901731e-01
7.109166166083478178e-01
5.217128371765213934e-01
3.441990094507674236e-02
-7.163704581839840380e-01
-5.518778402801298721e-01
-9.727955048024039542e-02
3.694361170304167885e-01
2.373607845021437068e-01
-1.680752156893752236e-01
-6.687649810088200919e-01
-2.405386643148499370e-01
-6.882921707341058681e-01
8.068832157737877431e-01
-2.788807860204551847e-01
3.229447429428145000e-02
-8.705478070981385041e-01
-2.167399228768569497e-01
4.949019253029038889e-01
1.342467735734540479e-01
-6.782846920303642335e-02
-6.778616984269982826e-01
7.503879233426782314e-01
-9.553425734955405257e-01
2.826614308823893751e-01
-6.002912981390902125e-01
3.394164543156237279e-01
8.258277759464345280e-01
-6.012423514704599015e-01
1.952119756787118465e-01
-9.533297679664922697e-01
-5.318794339944259431e-01
-6.693367208117948497e-01
-5.036811142680570619e-01
6.004579511553784776e-01
7.616505401384423557e-01
8.886894387474548740e-01
-1.485726349370526389e-01
2.848531376020533301e-01
-6.313949846899418183e-01
-8.542584511765221045e-01
-3.681537513091848179e-01
-1.019213978332811354e-01
7.040842829399693859e-01
-9.746378239031747714e-01
1.055411331457807300e-01
-3.961138973384630280e-01
1.707745614244293719e-02
7.533232717379330090e-01
-1.203311807409921386e-01
-7.970001366503367546e-01
7.589213087816024661e-01
3.269709678734389335e-01
1.911488247122838935e-01
-8.554398211530211960e-01
-2.521689667080702080e-01
-9.370312881278499706e-01
-5.904610109229748716e-01
9.280475211768257626e-01
8.494863000039256651e-01
2.334751664096752499e-01
1.763683309528576437e-01
-6.930611868751681559e-01
-9.722353873986648853e-01
7.528731991690273961e-01
-4.121768405844932204e-01
1.029403293341983883e-01
7.334551549182488639e-01
-8.221017891713551240e-01
-6.968708935126910475e-03
-9.346779930658268842e-01
-6.415460171506477405e-01
2.074759296798798225e-01
5.372887934242607244e-01
-3.985457410427755143e-01
4.205820290414017393e-01
-7.284317173356269493e-01
-5.971416933838173957e-01
-2.045119978261300542e-01
-6.354893224561894982e-01
7.925128371894829549e-01
-8.152161847457057853e-01
2.493169261166094941e-02
3.041074406314507872e-01
4.628589049248164056e-01
-6.091934575684696540e-01
1.116042834991592958e-01
4.656117580917391585e-01
6.065468197335741607e-01
-3.330969453628918053e-02
-5.651647426774173422e-01
7.219778882085514660e-02
1.729865202556102322e-01
4.571254386083374310e-01
-7.186042412536914892e-01
9.452587869871160731e-01
-6.910102785352223442e-02
-8.085427706354222366e-01
-3.948483118555770055e-01
-3.256743182393582181e-01
-4.647986330535724964e-01
8.393974463113840212e-01
-9.592403949551677744e-01
-3.373640161298854245e-01
-8.200904119658818381e-01
2.931629374207431749e-01
-8.464784991472296127e-01
8.752092979529957351e-01
6.580451793725918819e-01
-4.083996386533739198e-02
2.803197205205678610e-01
2.024788546772566811e-01
-9.064496041046630204e-01
-5.730530186132285486e-01
1.459893792711186578e-01
-3.375582643778842762e-01
6.879961351200125641e-01
9.030747485120662610e-01
-9.596634325231845342e-01
3.777528607415041595e-01
7.608297001166013374e-01
-5.894202482741244253e-01
-1.319976857599647335e-01
7.559107682421459806e-01
9.877806746232735691e-01
-4.065544481383636111e-01
-9.371453972495775719e-01
7.405069065613529844e-01
6.883462510917202071e-01
9.583499666871460043e-01
-2.512249135509281306e-01
-5.989953975117467966e-01
2.604318877347673311e-01
2.382596341031935072e-01
9.267812782216726664e-01
3.018190312843385126e-01
-7.469347361850384726e-01
-8.973836736601641384e-01
-7.092690507722254623e-01
9.765095610642899882e-01
6.747761522748503271e-01
9.098309924214618150e-01
7.189100109428110397e-01
7.206399923841408928e-01
-8.562617834229886427e-01
2.077247152735923752e-01
-6.504770368830805616e-01
5.081769966687981199e-01
-5.553033118640742227e-01
2.891995053029350338e-02
4.525783853974119086e-01
2.692256632970646546e-01
8.119774404651913802e-01
4.438140489559225799e-01
-2.631513067054904731e-01
3.209232807484660999e-01
5.834610550400234352e-01
8.624413270002144749e-01
2.977809779042970284e-01
3.911772385392575657e-02
-6.435417426347145309e-01
-4.111863476956412189e-01
-5.877107621016564032e-02
-3.433137423630099327e-01
-9.953519390397393973e-01
7.751944054666062289e-01
8.492026522411209033e-01
-1.993890219080400872e-01
9.585228395500104970e-01
2.898378845818374572e-01
2.453242949451419630e-01
2.791054138737703028e-04
8.523342146676888831e-01
8.850717243306083226e-02
-7.888129559793535250e-01
-3.612364040939117782e-01
-2.789124940655383078e-01
1.511777236659517243e-02
5.328199698665720963e-01
6.679884759410417150e-01
-6.445968714401919542e-01
1.941143873356405702e-01
-4.736005233033382389e-01
-3.252122947810014431e-01
-1.134485744363811222e-02
2.696913870713657513e-01
7.543732952974242512e-01
-3.211637957700281820e-01
-2.199132374904135823e-01
9.405971762441918127e-01
-8.269411475806438538e-01
-7.778097186774100003e-01
9.923506918600510929e-01
1.122599721081476432e-01
-5.817581784215706264e-01
7.054629335279372082e-01
-5.552326461636385435e-01
-6.990735253280302430e-01
4.232097722858110256e-01
6.547912600072887113e-01
-5.961560288678264818e-01
5.727603631285316244e-01
9.682090997969816648e-02
8.568030752607047607e-01
9.559717915651537723e-01
5.896246140069210107e-01
4.202161043314265321e-01
1.829352187337525137e-01
4.535716771221869337e-01
-7.848885923807116249e-01
8.916271294211004506e-01
4.533995478962424830e-01
-6.630163811548566155e-01
6.754582120822509861e-01
-8.688478303934910052e-01
3.418924025549117118e-01
-7.035297850848698520e-01
6.397506339251428642e-01
-8.831085034487018426e-02
-4.558146127564128847e-01
-9.382094462163410586e-01
-8.033208001745897331e-01
