-9.964421426585614583e-01
-2.534737313830057737e-01
9.580209221146949172e-01
-4.196770480562894701e-01
-8.144817561827646379e-01
-6.801360015148325555e-01
5.440251132181044280e-01
-4.320061282521097112e-01
-9.237720423992727969e-01
-6.293553566568077517e-01
-3.705755842846722992e-01
-9.641734934561396742e-02
7.090385884441217090e-01
-1.752473497701740879e-01
-5.686342685611764924e-01
7.711312188435115456e-01
7.664979047596482964e-01
9.956492168150805622e-01
-3.000612412961300990e-01
-3.563177687719587539e-02
1.146126682421955145e-01
2.206478149838542180e-03
2.103944433878304210e-01
-4.511782917435906981e-01
-4.997977586733890476e-01
-3.535372704528296772e-01
-6.975557147936044533e-01
-2.662561584246345703e-01
8.802358967143408819e-02
7.785958544677693549e-01
8.418860573896929100e-01
3.731629225456996046e-01
8.765805997634643631e-01
-5.308737201813109596e-01
-1.138518172558198316e-01
3.874985913831867634e-01
-5.421293580765220721e-01
2.541118261685861857e-01
-1.542772845619653221e-01
1.797266348060480023e-01
9.591238423931403023e-01
7.147835619164557563e-01
6.967884392972407692e-01
-6.141224305739370060e-01
-1.814009743944973163e-01
2.282160416205520903e-01
-8.631666106879056777e-01
-9.141156053910572954e-01
-3.660218334716156541e-01
4.396299855515173327e-01
-8.560377491931201455e-01
-8.263202769057231833e-01
6.580597028536965265e-01
-7.165824694005404893e-01
2.689115701843136641e-01
-3.327449810719016465e-01
-8.553819533802935471e-01
-5.546809627519444508e-01
-3.673460014606400037e-02
-9.975391395265968963e-01
2.054895191236267848e-01
-9.817878144928979811e-01
-5.888136254916862544e-01
1.811994930185245600e-02
6.136534106601041483e-01
-5.104274006438356270e-01
-6.949660268871493685e-01
2.887424342426749835e-01
8.384136580103811465e-01
1.499380152536107236e-01
1.233191987848889504e-01
-7.322631341112193493e-01
6.372553300023622302e-01
2.467764648480590406e-01
-1.906286049422860618e-01
-9.340294530297694742e-01
-2.793896985384527465e-01
9.259214680668703679e-02
-3.239074995059234574e-01
-7.455206288355120670e-02
-7.651097408646667652e-01
1.314413673563352702e-01
-7.581689362309387281e-01
7.469177108605447035e-01
8.988838126791982575e-01
-1.388650027004274534e-01
2.085634359752839284e-01
1.110248702139571275e-01
-1.305581132266404598e-01
2.733253594833360278e-01
-8.561137882909024555e-01
5.486717401109442172e-01
8.165329368086367001e-01
-3.506684784006410815e-01
-8.331668690622044959e-01
-7.983230058557568842e-01
9.278179121295193621e-01
6.189193346857346789e-02
-5.502246521686673386e-01
-2.992262980634965430e-01
5.082081842132015748e-01
8.413550569635874776e-01
9.498405482438307956e-01
8.771567090724485816e-02
-5.212842160542086045e-01
6.980589656612272709e-01
-1.231460860847142236e-01
-2.203085221431579921e-01
7.929742237517125591e-01
-2.789779182308813610e-01
1.559104643988633576e-01
-8.402145155638693907e-01
-4.644508336565620343e-01
3.846088389605901714e-01
-6.060008766120226209e-01
9.885880984636754576e-01
-5.800152002036533805e-01
-7.286674785439242186e-01
-4.089614829224117454e-01
5.138625257138378366e-01
-2.022366479632489167e-01
2.482145579995642670e-01
-8.952653343388430329e-01
-8.427155975827436141e-01
-1.845755688683161644e-01
2.505074631490853410e-01
3.143244254015420402e-01
-3.741602818490601390e-01
-4.242768259999829539e-02
9.055461064021497197e-01
-2.662539851766745347e-01
-1.517116971516769830e-01
-7.298121420399501513e-01
-1.998904625537947233e-01
-5.731368081698098305e-01
-4.237894804069575194e-02
5.195066382399615712e-02
-1.247738231035162570e-01
6.407028494935618212e-02
4.376391756235578079e-01
7.597731379392038686e-01
-1.745797791434351431e-01
2.764584962312763849e-01
-9.385799780483714549e-01
1.929956412658171416e-01
-8.073629221015887758e-01
-4.113804487070344962e-01
-5.276632495076267748e-01
-3.362748139866595931e-01
9.495654747955992736e-01
-2.658142832380294696e-01
-7.949898781913415924e-01
-1.477022187234926509e-01
3.859169806339575182e-01
6.486336049311252072e-01
7.174836063316103463e-01
-6.892479461792189177e-02
5.042995335068010121e-01
5.135004308501698311e-01
-1.012256010595646849e-01
9.054998515109233814e-01
-9.766470331282628425e-01
-9.572505108369258053e-01
1.172820916361103638e-01
4.781589828045722523e-01
-1.084574507453348602e-01
-4.328888835300361837e-01
-2.119709571530838943e-01
-8.900827421639816439e-01
7.377671326421302300e-01
7.797158170525071430e-01
1.292857278208909833e-01
1.353180573342207538e-01
-5.571917940413571024e-01
-4.504152347610430596e-01
6.319294008821123576e-01
2.897859193336980166e-01
4.520431220908791570e-01
6.706433399881466251e-01
-5.804369556312314327e-01
6.097539047956217484e-01
5.556385263449279410e-01
1.393187272841409641e-01
-3.000284056915383246e-01
-1.608231581529802057e-01
-6.987710628491985432e-01
3.844130673365560025e-01
1.084586517120289528e-02
-7.276012543918188857e-01
9.637596408802415748e-01
8.909327790487260312e-01
1.996507455067766390e-01
-7.541719547732235185e-01
-5.492088071472649435e-01
-6.130336905957995963e-01
-2.667685559252752636e-01
9.500493265549612154e-01
1.271256755954519591e-02
3.462149533983027716e-01
-1.732780949062382447e-01
-8.331326801581173669e-02
1.193207501614530486e-01
9.787367857005333516e-01
-2.524096626380623043e-02
1.698585447366396384e-01
-2.632263135043446667e-01
2.303813132420671206e-01
-6.788098476603576792e-01
5.128115826452939174e-02
3.080959365196167532e-01
1.105935141176894732e-01
2.162962320836012697e-01
4.835076653073926423e-01
2.996296996481693231e-01
8.652635845074820864e-01
-8.603861305961786332e-01
4.259922710851418159e-01
7.499825978116243519e-01
-5.493600280463923902e-01
-7.863831866447250629e-01
-8.571167902735945532e-01
8.467569709987690096e-01
1.092295055394922887e-01
-2.776745087593643913e-01
6.121870199995758099e-01
7.563526083493281593e-01
3.258419232621678763e-01
-8.056112842502387572e-01
6.561459387496744178e-01
4.521804439200853842e-01
9.425528480170537460e-01
7.724498476714947159e-02
-1.646766823434777649e-01
-6.685698001596442896e-01
9.581171225742501907e-01
-4.954783025057769574e-01
1.496456362921034788e-01
-2.551742765796511936e-01
-7.855749738539612448e-01
9.728516595412324275e-01
2.523655179637915857e-01
-2.152281713770658467e-01
-1.536079879133220860e-01
-2.008898371445748676e-01
5.488300777740984238e-02
-2.940607727172530605e-01
-6.160746374841010731e-01
-6.763196357235632394e-01
-3.457009355923441607e-01
-4.436725515942501197e-01
-4.846983193374470034e-01
-3.749367011994988452e-01
2.915784746574876518e-01
4.308154314789924832e-01
-3.714585757829469426e-01
4.674529359317722843e-01
2.562907467050483667e-01
9.175869025627931830e-01
4.166499488756469916e-03
5.397701918966109069e-01
-4.588728164230984063e-01
-6.977267984124873035e-01
1.725903169549705130e-01
7.391259085503398829e-02
6.063494808129692437e-01
