-1.698015653115561019e-01
1.720086127027160572e-01
4.622938562768963422e-01
-1.501696524378000053e-01
-5.206935627471609429e-01
-5.115438743762568130e-01
9.599959082108180386e-01
-9.190795472851764902e-01
-2.251933839098394508e-01
9.732767822796417612e-02
-6.883378147019054705e-01
9.604678002404209991e-02
-8.994026982524763181e-01
1.836316680432426018e-02
-9.158888601448864630e-01
-2.331048841012606232e-01
5.539213713566304431e-01
2.580913009653271750e-01
6.913930174523428285e-01
7.529624860203256720e-01
1.780242548396404612e-01
9.383441019980831577e-01
-6.006037070235070718e-01
-5.867285453152275565e-01
2.585025191667005284e-01
4.571693418772997397e-01
3.683557063490985328e-01
2.085289259697233888e-01
3.056372686402528682e-01
6.626094395247892344e-01
7.250125136936114156e-01
8.623781934519256787e-01
5.580899437077648795e-01
9.742670696556499088e-02
6.943494650075989760e-01
-7.586245297563176671e-02
-9.184778566709315140e-01
1.234012569916089763e-01
-4.436095527311731956e-01
5.648913316429855502e-01
-3.357251372833118808e-01
-5.410099433434163441e-01
5.851664356940118328e-01
-5.164546092970301316e-02
-7.654436702148919025e-01
-4.325433265199503108e-01
-5.413215698950679666e-02
5.897991874683445879e-01
-4.545477782845619430e-01
1.200803337628497669e-01
-3.329878185981087757e-01
-9.690331053539236184e-01
9.764461748259267715e-02
9.748713858419844058e-02
-5.457927980515262512e-01
8.066233921404724061e-01
-2.517400691592717177e-01
-7.908318219011123418e-01
-9.940043742915780633e-01
-6.742314058848588587e-01
-5.733612607366935787e-01
-4.428556809937449490e-01
-7.884700710520942124e-04
3.327251544910023728e-01
-4.351382980458191607e-01
9.995296373449802374e-02
6.718971091263572504e-01
2.553383372591429001e-01
1.124112571539235272e-01
-8.612441996828708035e-01
5.486650746623200625e-02
-6.436214494444258971e-01
-5.976110537590413330e-01
5.299974999507561790e-01
-5.744755158398553441e-01
-5.403443299041392756e-01
-6.866981728524572670e-01
-7.146537426990209330e-01
9.445069976578828186e-01
3.406898754878566749e-01
-8.576348082499740677e-02
4.178190496410316701e-01
5.353928863162764618e-01
-8.502052438832359282e-01
-7.585384437927900070e-01
1.076474357099688195e-01
-4.252861174619197993e-01
-3.080134188576215681e-01
-9.448149269275505358e-01
9.759667704711383340e-01
3.770054564250044926e-01
-8.121847551162035828e-01
-6.067003027258641712e-01
-4.373457509730083181e-01
-1.583521311793494313e-01
6.049885901520855036e-01
3.816068166510833137e-02
3.990767181883101422e-01
1.192051807863316881e-01
-2.560082884108554335e-01
3.750712165303817791e-01
-8.719630782495615406e-01
7.064612747495591094e-01
-4.061361914313990074e-01
-7.429264655167844289e-01
8.968927167818840918e-01
-4.248430246244381259e-01
1.340665313001541126e-01
5.486311479351722031e-01
7.675622896773486303e-01
1.762354333597739853e-01
6.494639277461227156e-01
2.537652711628599622e-01
8.498612901552782262e-02
1.024020990368237349e-01
-9.316164281572498762e-01
-2.829212356160653030e-01
-3.326518453636613248e-01
-1.670751940167278793e-01
-1.574612013611877970e-01
-9.082062685896850063e-01
1.897423460040843501e-01
5.378226839994495467e-01
-5.230607249165699635e-01
-2.185661596336108126e-01
2.914578090511121822e-02
-9.963300486806785372e-01
4.941354159751101260e-01
-2.573701116122872889e-03
-3.516615780836545024e-01
-7.707110065457845050e-01
4.493877908236985075e-01
-7.623216544674407125e-01
-9.593527250915081517e-01
-3.769037713311451654e-01
-7.993079328852836785e-01
1.280201129258953241e-01
8.509446722979747690e-01
-6.854766481475003115e-01
9.040755823568011884e-01
-1.365551566784144466e-01
6.938282712808208075e-01
-6.937458148294228799e-02
-7.728754566779292290e-01
6.820958273911825742e-02
-4.135157902005830444e-01
-1.544211850760355276e-01
-9.509275439159035059e-01
-3.195506931775533577e-01
8.693994013481918248e-01
-5.129108518235308001e-01
4.423277229742117456e-01
3.699753206551228413e-01
1.909709967716584078e-01
3.002380710108516482e-01
-2.541927302126936183e-01
9.334761814405552194e-01
-6.008714504906684795e-01
-5.683084780155522875e-01
8.308137193137139498e-01
-4.346163870416979158e-01
3.058040056723065891e-01
5.123570070319209968e-01
9.836336539356140829e-01
-5.326099764646647916e-01
8.788245446398557092e-01
-2.698662351014915473e-01
2.806955748389088345e-01
-2.916894843246948810e-01
3.210732536066867038e-01
-8.091129901808837843e-01
-5.531694442142818247e-01
-2.820884911225984837e-02
-9.883743313537711739e-01
5.788333355674628589e-01
-1.019871239524494655e-02
4.705786496046688860e-01
3.108878254456715062e-02
6.568459339778460748e-01
3.373280033162737723e-01
9.153657763254547941e-01
-1.171152622194737702e-02
2.733236429880148144e-01
6.484777098082439295e-01
-7.210046861825247788e-03
-6.156911835793059673e-01
-7.866706715499942604e-01
-5.331458314491317463e-01
-2.784250912425410007e-01
6.658072377511106144e-01
6.612341092412137300e-01
-8.890698258765536988e-01
2.275792560607134973e-01
4.693066094494173779e-01
-2.319809484713546421e-01
-1.521261028521843084e-01
4.715401123840681219e-01
6.819444867496504692e-02
-5.485307847211100540e-01
-3.632837219683273666e-01
-4.926019172931881407e-01
-9.872369725489296144e-01
5.677507588433923225e-01
-3.769037713311451654e-01
-3.542294337505271784e-01
3.880363564714368607e-01
5.919957738591417051e-01
3.641207181308201424e-01
5.299974999507561790e-01
2.898074351329695819e-01
-4.299953763095110126e-02
3.749203228086650519e-01
-3.074038743548530572e-01
9.965218527429429152e-01
-4.737289341219743655e-01
-4.206900262441697347e-01
4.788477091652905138e-01
6.245253838444899674e-01
4.625859343746365759e-01
4.981410021062471216e-02
7.344158150775828009e-01
-1.036662501611063103e-01
-8.676532941226791085e-01
6.721310681296333023e-01
9.858853110559862021e-01
-3.964712535161030171e-01
1.111724450783651008e-01
3.669593106440742769e-01
8.646637103676373393e-01
9.318985141419282581e-01
-4.653430933797886304e-01
-5.258163820237464758e-01
8.338862581304054000e-01
1.943545117272249545e-01
-5.586652237283074030e-01
-7.968111704921185812e-01
-5.096360172860461279e-01
2.951407609788259112e-01
-2.753748360495811287e-01
8.549412719443658659e-01
2.197533325209415356e-01
-9.840345982225680022e-01
-4.861230120538624355e-01
-5.659424210300907365e-01
2.494573759810769786e-03
-7.300602391933870283e-01
-5.172118439977366755e-01
2.146457987922740784e-01
1.272207439179084965e-01
-4.662357574481126310e-01
-3.406641247812847162e-01
-2.719231342681807106e-01
6.568459339778460748e-01
-2.089119957540919170e-01
-2.839487384779764145e-01
5.258869608541008045e-01
8.517260226153202662e-01
-7.548655954978860105e-01
4.101175940859134172e-01
-6.965632094917191264e-01
1.183138936181795664e-01
6.775448101753180907e-01
1.730200706263391730e-01
-3.499142116205784525e-01
-9.280306036845931139e-02
