6.372650384928482126e-01
4.734751101888501346e-01
-2.959197638473038960e-01
-2.534289191456773338e-02
-9.936417712989384921e-01
-4.480185890323875597e-01
-8.518028278763130068e-01
8.561529213208611822e-01
5.657044946006617447e-01
-4.270138637511553537e-01
-1.372553410666044194e-01
9.133877524796223391e-01
-8.613777342593482711e-01
-1.632039897300110454e-01
-4.132624961984316947e-01
-2.800141130336113449e-01
3.500661566602054631e-01
-1.270065457269600184e-01
-5.708816488328105621e-02
-1.976153795823714088e-01
1.873152184923003727e-01
-2.430024941276083261e-01
1.623684242282983359e-01
-3.499130050106196155e-01
4.039008614760548621e-01
-3.974438651070051343e-01
8.361138271947228251e-01
7.525021272747824952e-01
4.873059366625056565e-01
-6.099089450907579923e-01
2.031958644309659334e-01
2.867463075350336066e-01
8.632600686039910709e-01
7.292450418477935958e-01
3.873789795009090486e-01
-7.522000530702073195e-01
-6.717960066514101491e-01
-8.850885625511788479e-01
-6.630490644353994600e-01
8.392985992661234906e-01
3.639279054497013277e-01
-9.855740563663466514e-01
5.182852917338902632e-01
-1.639741285484275224e-03
-9.163350335669020463e-01
-2.555550084627045138e-03
-5.779719146001003338e-01
6.036960352300042576e-01
5.351662700439716591e-01
-4.734255210207667375e-01
1.563095454678318230e-01
6.667557912163759593e-01
8.506524669408983552e-01
-3.343988138897808771e-01
-6.115019229477780538e-01
-8.308001168070311415e-02
-7.519891739701887179e-01
8.985757690817417487e-01
-1.553604028841726326e-01
1.831263852315845320e-01
2.268904689359430016e-01
-3.868546284109120048e-01
-8.565523079029122577e-01
5.526229193885503488e-01
-9.664871446110383513e-01
-4.506950806386138542e-01
7.731097078826729696e-01
5.111302795835181989e-02
-4.287858744430774749e-01
5.396005874941378622e-01
-7.238687672681538565e-01
-3.607321755171206679e-01
4.327797297381008601e-01
5.817833986093965404e-01
-8.670743667385742981e-01
2.927029814691999299e-01
3.096156261725331316e-01
-8.793190741168410707e-01
1.390924074976207514e-02
8.824124050023069987e-01
-4.604087654010164954e-01
-2.939795019798165931e-01
-9.834901976379395450e-01
-3.799075082888512256e-01
9.735509003731341870e-01
7.648652534232507350e-01
6.488635484899267780e-01
-5.186272725997416178e-01
-2.196829661907471198e-01
-2.594607692777572971e-02
-2.009277051538223002e-01
2.225600529416507101e-01
7.000161688065154042e-01
-4.748953932882749029e-02
9.136666929928916048e-01
2.914387685804027406e-01
6.738097804514440181e-01
4.174704654522207736e-01
-5.455771768683266298e-01
9.632531693635815184e-01
6.924221513354791302e-01
1.985862092113830357e-01
-9.216550868729631585e-01
-7.882567003481899537e-01
-3.600132749313478264e-02
8.566670212567273346e-02
3.635080806232680040e-01
3.278983341086272318e-01
5.041101457026928578e-01
8.297095286458988639e-01
7.661893581557663868e-01
-1.163561789378149136e-01
7.303897633187426131e-01
-9.452850765713232128e-01
2.553830739398379457e-01
9.817538978433208996e-01
-7.411323686191635396e-01
-4.220459173175534762e-01
8.886232147450647822e-01
7.532509200964079277e-01
9.105356509751096894e-01
-1.757185856530225632e-01
1.032883198460785579e-01
5.651581184147980164e-01
4.521842396420552301e-01
2.837685885634091409e-01
1.156278487431512403e-01
8.363458046538374546e-01
-6.498555179370968382e-01
9.618220376358901369e-01
7.859052903361976039e-01
9.213033166725876910e-01
-4.684583538353832566e-01
-2.643166128005411952e-01
-8.957609595237769895e-02
3.945045318434363679e-01
7.324780665546966052e-01
3.483730305052976650e-01
6.239037083270366768e-01
-6.256410872055468975e-01
2.129380619798819652e-01
3.749086941928108097e-01
-7.822039490813266216e-01
9.397475257856433561e-01
-6.341891724688411003e-01
4.969029941225362457e-01
-8.813403393980272504e-01
9.472659541310473053e-01
-9.858518712901909176e-02
-9.902577271423707028e-01
9.703496835215785765e-01
6.025463230781749058e-01
7.473255329449079998e-01
-3.894619699506416399e-01
1.052222177322070795e-01
-8.144254358822105022e-01
4.689186207844766585e-01
3.729982198154631057e-01
-6.259730277664272702e-01
1.662672430952822911e-01
-5.870025455525391678e-01
7.182143435958754374e-02
-4.248492149813942742e-01
-1.134661570497319527e-01
9.158843311776931895e-01
-5.648732744692077645e-01
-4.871579124397107385e-02
2.889383479016702783e-01
4.639910927807826546e-01
7.029596673442335408e-01
-7.158188492932802127e-01
-8.102399353640334922e-01
-2.895111914368309058e-02
1.182781536000019340e-01
6.181209252289276979e-01
-9.518584509586864861e-01
-2.805153681179441971e-01
-7.303988383819888242e-01
4.339754701744400478e-01
-5.036215075984387113e-01
2.390515819598526548e-01
8.503807236346494491e-01
-2.334657876704682167e-01
7.321040121397743849e-01
-9.532384245921938781e-01
-8.396142763278755528e-01
8.228012581465349307e-01
-9.289174122282959356e-01
5.831614509708302752e-01
-4.583827889756733054e-01
7.653250975040148951e-01
-1.037534406283919797e-01
-2.168759102942552364e-01
3.768688855987110120e-01
-7.069671621160564801e-01
2.809758768990122668e-02
1.042401927431431119e-01
3.340413731754940940e-01
-9.264286344826297981e-01
-8.402421291989647933e-02
7.097775690895591350e-01
4.591542485447510646e-01
3.938284578359241284e-01
-1.133484170317462514e-01
6.952391117403096121e-01
-9.806140130407514643e-01
-9.105200256824446114e-01
-4.603931755409484960e-01
-1.445553553229328436e-02
6.355279755001055353e-01
-1.591962173152230431e-01
4.430393301349251356e-01
4.915766667893495256e-01
5.099618126730607326e-01
7.191190522850208211e-01
-7.961665746041188818e-01
-5.300872532698819306e-01
-8.152602750306736645e-01
2.071653296649875742e-01
-7.323750652264648942e-01
2.675021279523215334e-02
2.247995888101981254e-01
-4.041935913492737953e-01
8.856293085986766123e-01
-7.672288172816581486e-01
4.297270692082317822e-01
8.123145936030882197e-01
7.540210051348477105e-01
2.706986219049605236e-01
7.758031589228076008e-01
2.666119307793324289e-02
9.695104483591476807e-01
6.163613045749474217e-01
2.568574888722081617e-01
7.965932767490553346e-01
9.035689907133173104e-01
6.948614552674681200e-02
-3.229359157014335402e-01
-5.923070239346364119e-01
-4.137430757576645579e-01
7.956862434095719472e-01
-7.782222148751307689e-01
-2.699707680702920776e-01
-9.006990975857667170e-01
-3.676764537809611433e-01
-6.543759368889390249e-01
-9.083590975993949268e-01
-8.136260067583891420e-01
2.890262178946918503e-01
-3.488496325405157084e-01
9.261396401458770189e-01
5.230466943881910691e-01
9.455023685670369549e-01
-1.121145006669765909e-01
-1.797990599435483894e-02
4.894863384082528412e-01
-1.771574754719895672e-02
9.860929374622247057e-01
-7.279394566610835060e-01
6.892276878629921555e-02
-9.692219541300783892e-01
6.518154136734899406e-01
7.013486067862295670e-01
6.204020175894429112e-01
2.151362383293757841e-01
