8.641744392578765144e-02
-7.836840317054756255e-01
-8.175463679592949173e-01
6.960621350777762562e-01
9.336524814319502319e-01
8.964611709561620678e-02
-3.782915638843569184e-01
-3.842519960260817324e-01
-2.547670505064068003e-01
-4.826751262795891950e-01
-2.616290848212414755e-01
4.719669445095118210e-01
-9.630777723834693660e-02
5.567942064180415596e-01
-7.904388965495867669e-01
9.045528272731828690e-01
-4.616172451908537866e-01
-2.402389692123556575e-01
-7.502219553330140567e-01
2.359826124261390490e-01
4.685564526184990974e-01
-2.819726759707421593e-01
9.111757323042963819e-01
8.632818160766442261e-02
-5.407973787774245089e-01
5.426196694995895076e-01
-9.846223991496376726e-01
-7.501725819923272809e-01
-7.328592805150748735e-01
3.961963496735050327e-01
7.595292908574799995e-01
-6.913019050036370849e-01
-4.777516009278277576e-01
4.174799658755310450e-01
1.035216048098925867e-01
3.054132150525714628e-01
5.583442803852116665e-01
9.092228072359476165e-01
5.291011818115458620e-01
9.391638245110152106e-01
2.709672772349209779e-01
3.299292250395999826e-01
-3.816215043306181443e-01
-6.657301602071985513e-01
7.745122965901627410e-01
6.066128706305893292e-01
-8.255372636604785264e-01
-4.014422935108585833e-02
7.784254298743311651e-01
-6.355923258128266529e-01
1.393928273511861882e-01
3.195948303058460116e-01
4.442672865013546080e-01
-8.761158663080041986e-01
-1.173092828866604265e-01
2.478381650968184413e-01
-3.627079753098847448e-01
-8.451931496126654508e-01
9.928453749611050316e-01
-9.063447736197687288e-01
7.956418779638827488e-01
-5.169813491794839067e-01
-2.475642349295075206e-01
-6.345878603957904041e-01
-6.806630058339599998e-01
-1.476036048122151279e-01
-9.627540869395654344e-01
9.000745732591020065e-01
-5.814380650644181969e-01
-6.748038652629362311e-02
8.961470113892067157e-01
-6.834641707156015045e-01
-2.642890229117098588e-01
8.792043336248887009e-01
7.711036277144360795e-01
-2.186398526167270262e-01
-7.006170919617917825e-01
6.076738651666471203e-01
-4.600217890762701156e-01
7.993538308803582737e-02
1.073406356190074185e-01
4.400111718533716854e-02
-3.864854895354532527e-01
-7.226219544856262722e-01
5.701253029668262862e-02
8.993476662139783251e-01
-2.560408362044208630e-01
4.119269656338921948e-01
2.668819648463105487e-01
9.518000306477254480e-01
4.411094380119950920e-02
1.255582039908200720e-01
-5.137389642264045264e-02
-5.143242831650474134e-01
5.168285149516802512e-01
4.711607428299133815e-01
-1.964001661085545969e-02
1.857951814580411920e-01
9.222508533430813227e-01
-1.624804939237376455e-01
-3.051295083132607999e-01
4.195754748072513252e-01
4.195792847518868829e-01
-3.031197416463335959e-01
1.438566815223565332e-01
9.271907265361276629e-01
-9.390880361611089189e-01
-7.356772055731011228e-01
8.062586560696634042e-01
4.188872142452271241e-02
7.936096617917134388e-01
-5.675704239794110428e-02
-5.691139041552291111e-01
4.722332937144815279e-01
-7.359140068718794669e-01
7.368686972070832564e-01
-8.542912884407580787e-01
-4.154655627937395845e-01
7.362293342463948065e-01
-1.596683231199491626e-01
1.792044631867646398e-01
-4.706938795594501901e-01
-7.935425700655396319e-02
-3.948158957115022183e-01
9.187488879547198728e-01
2.853491534270786723e-01
-5.838677156944533930e-01
-3.247116981794759827e-01
-7.587135795543160643e-01
9.363287944265776819e-01
7.511992422560656024e-01
8.287097053363536858e-01
6.455891345921720426e-01
-6.335813262289518022e-01
-3.833030594154809290e-01
1.584207138759974320e-01
7.862782874196494465e-01
-2.429038652635850948e-01
7.750778669582629732e-01
-8.075362996565580431e-01
-6.157133505068768109e-02
5.483602004668464147e-03
-4.562306166215113201e-01
7.391074144677707292e-01
7.238641018108156189e-01
-9.640867483104151869e-01
-2.213846160154901987e-01
-4.296534384242363114e-01
-7.050694445833383117e-01
8.392526793721590828e-01
8.570879171218326320e-02
9.657757477999164841e-01
7.666473373778275313e-01
6.895306716828206728e-01
6.957195713705994766e-01
1.847508376732982516e-01
-9.311550462075988133e-01
2.545784483142576882e-01
-8.882327161802041626e-01
6.611009038817876604e-01
9.287795815939416944e-01
-7.379489848370730520e-01
-4.220266966801193842e-01
6.189731263737026090e-01
-7.466180906999113631e-01
-8.316474329283183309e-01
4.691524020239445925e-01
2.142879514050151091e-01
1.262417566741116381e-01
9.726953119759340627e-01
-5.392655101528147643e-01
-1.855781438272277040e-01
-3.276341883872135874e-02
6.800719719832657439e-01
-2.126037246492848976e-01
-1.675040544892956174e-01
-9.797860586410411798e-03
-8.411710140812858061e-01
6.803378913654301030e-02
5.420212108370303650e-01
-3.174458326791418372e-02
-5.970439631407828962e-01
6.471037308362077578e-01
-4.417689578695678243e-01
-5.549580302372822960e-01
7.010549814015594183e-01
-8.466192058680408472e-01
1.952601341182669259e-01
-4.559904175454418951e-01
-6.210605971066993636e-01
5.822212377642201897e-01
9.431928405513108071e-01
2.778748606075702732e-01
3.506417238627270727e-01
-8.673843322564156466e-02
6.669722823900285924e-01
-2.042290602784515574e-01
1.766380082517147176e-01
-5.653107970754422951e-02
-1.162888474109649017e-01
-9.338454137754623741e-01
6.822347819742233810e-01
-3.188811659751389360e-01
-1.118573052097102671e-01
1.144447614218260245e-01
-2.295805448558987383e-01
-7.929538219558689427e-01
-5.904292431432414112e-01
1.582739718972292486e-02
5.301388610625883402e-01
-2.957068679638943376e-01
1.644047090066473871e-01
-2.928521089109499265e-01
-2.268273212651303883e-01
6.783487401386629756e-01
-9.794068086758083158e-01
-3.529365400190367374e-01
1.988090829994242359e-01
2.471822356207280524e-01
-3.974500083639378456e-01
6.103039727369758971e-01
3.540423642705055052e-01
4.378208564738899078e-01
-5.448025025792078146e-01
-9.356641062131758613e-01
-2.329191435916480035e-01
-9.506835238008923827e-01
7.173590652068326801e-01
4.601839891047758702e-01
-9.439360239825729249e-01
1.129415263811077708e-01
1.690816466097493365e-01
-3.208615050660770240e-01
3.730544179340891109e-01
-6.043092897258239837e-01
-2.459697212569957880e-01
-9.732797237377850408e-01
-8.732539226817801481e-01
9.631774746446017943e-01
1.974015271708846608e-01
-9.152687248651480978e-01
1.902388995064476784e-01
1.890675442595999289e-01
-8.852441332643796734e-01
2.400332103146398666e-01
1.901283888038625136e-01
8.742027819064028815e-01
6.221386659042658085e-01
-6.052019612773003043e-01
4.021086266181079782e-01
-6.010302081687162179e-01
-5.490027184453283304e-01
2.727538457483515977e-01
-5.838677156944533930e-01
9.956988108105453428e-01
-8.261183464262522591e-03
4.740596126607683480e-01
7.628617262358463602e-01
2.057704835193898685e-01
-9.994819197881217310e-01
5.712693584084438392e-02
-6.987961238657640628e-01
4.631037422945269988e-01
8.477994839186226983e-01
5.612293187070596101e-01
