-1.941042058379116586e-01
9.492451436990569924e-01
1.359265012261623440e-02
1.044156553130304310e-01
9.101726751914955837e-01
-8.654572963033020372e-01
-9.236678621920566545e-01
5.976767950291173026e-01
8.403829762619494659e-01
9.337477156883637885e-01
-8.821908432949128187e-01
-8.668105280748648056e-01
-3.755615138539112330e-01
6.481211689431660705e-01
2.596178182704509396e-01
2.816212411972369711e-01
2.821193735498779276e-01
8.433193951512165665e-01
6.538515373431299516e-01
2.028909221318255796e-01
5.092543347697409128e-01
-5.650309556255361798e-02
5.159013629693824932e-01
-2.838624609184456915e-01
5.078682077051754895e-02
1.034850767653439085e-02
1.290326252058293655e-02
-8.319604885025571051e-01
-6.175820797396776030e-01
6.774135389407238694e-01
-5.745227240184569428e-01
-2.680429760476241707e-01
-5.123498598361417855e-01
3.565971098297404662e-01
-3.964664551451528851e-01
-8.638516038321264467e-01
-6.556699909043812724e-01
5.255272554589214273e-01
1.958133854316197464e-01
1.358224592699359690e-01
4.257572164001448556e-01
4.129593322229543340e-01
7.275123298216095158e-01
-7.280633900917332646e-01
-5.648192309181683246e-01
3.211281198642790269e-01
-6.769883476448317339e-01
6.157443166445226712e-01
7.908904728270855777e-01
2.071486887277691480e-01
9.636297658881529671e-01
4.606036112829334783e-01
-8.349147023979117677e-01
6.833506060113576641e-01
-4.891550566947255874e-01
-3.331038697701567131e-01
-4.730509013507511185e-01
-2.906984155927023750e-01
4.860958008764348914e-01
-7.370093429601678459e-01
1.537207964724531806e-01
-6.552357867418190374e-01
-6.043206322061416280e-01
-8.689149702544418652e-01
-3.292891070676942089e-01
-9.410496465997713056e-01
9.872737980461896434e-01
-7.616312468054049489e-01
2.805325928549184944e-01
-9.247458274797997202e-01
7.720077961822511270e-01
7.996391195354226600e-01
6.356855289393690267e-01
-6.234547146865954126e-02
4.017946230024671550e-01
2.169339178360230047e-01
8.784844317686824056e-01
5.535621034119795336e-01
8.453163072732494676e-01
-5.370387559958842427e-01
5.988395425445489639e-01
2.733409266105266688e-01
-1.098575791311791061e-01
5.785287325254979685e-01
-3.974521829685702112e-01
3.492526162838305304e-02
-9.260930943828789008e-01
-2.442551690895460315e-01
8.870531541520951802e-01
4.388821900921702213e-01
6.381758178340617427e-01
-2.378990297755312344e-01
5.643359221569042017e-01
2.098807126039075044e-01
-5.683036953066267216e-01
3.403469375028211896e-01
9.296673595918882871e-01
4.928751767894699043e-01
5.146764095113223192e-01
-9.123570842644586065e-01
9.014529262046933056e-03
7.839053116763974316e-01
-4.595216384805800303e-02
-9.064207165709272651e-01
-5.232756626441270598e-02
7.546783695241872092e-01
-8.069895949899223986e-01
1.870927506736419499e-01
3.953528484451391822e-01
2.256295845444635795e-01
-7.247868592264614662e-01
-9.003927729554259685e-01
4.952305059262112064e-01
-8.494317706429042047e-01
1.245888779825634618e-01
7.043516393823507915e-01
-4.963238564143379605e-03
-8.404326051625883309e-01
-8.849224022765582731e-01
-8.663168118144839447e-01
7.654482265576254552e-01
9.579628791899923446e-01
-6.235043033080251984e-01
5.776765687294673768e-01
-6.523731321372432390e-01
7.995371990968620501e-01
6.710223128693706407e-01
-6.849597406428260538e-01
3.705497202863292650e-01
-5.062023400357034131e-01
-5.116692915224283489e-01
-7.614706251095919587e-01
5.422039577522987930e-01
5.542147429186834451e-01
9.589312718896980670e-01
-8.082106593158309149e-01
3.542579433043848702e-01
4.720734827931398758e-01
2.487109619028098351e-01
-3.177684023761560006e-01
-9.757201268204489519e-01
6.033098497348341471e-01
1.955190323238071848e-01
3.012343959206376098e-02
-3.896579551799159713e-01
8.994164017024537383e-01
-1.363963480789873728e-01
-6.998358080104252199e-01
-6.122032225388571725e-01
5.315439796693866015e-02
-8.299795162411784943e-01
9.358894707262621626e-01
-9.904405588504165969e-01
3.046317839500645164e-02
6.230926069009816715e-01
-2.838562931514694299e-01
-1.362084879028557793e-02
6.875207702832546452e-01
7.886849138580680485e-01
-1.389099798889006365e-01
8.533204840134347435e-01
5.161930969639063616e-01
7.616202038878638891e-01
-6.664110666705431729e-01
-7.297134324139884498e-01
-1.068000959275619000e-01
-3.167973054095527541e-01
-5.511504094323227410e-01
-7.566482285272881914e-01
-3.498933394565078014e-01
4.706930131353352920e-01
-8.627237617126577440e-01
-6.395802642994115050e-01
-5.094751489639333109e-01
-7.030990709201039301e-01
4.989564533711050576e-01
4.008679643254826619e-01
-2.196714360810056998e-01
-5.167763680204457977e-01
-2.811636520472293732e-02
-6.458390825452966499e-01
-4.222162475496111789e-01
8.948622637578165229e-01
-8.647365979928118840e-01
8.776136774275469232e-01
-5.639702353417623826e-01
9.482678007068519044e-01
-8.725760014896888350e-03
-6.585124407603593077e-02
-4.093328658762680483e-01
-9.358565134444118971e-01
4.416132847241414083e-01
2.326322563497469353e-01
-9.019358772917285272e-01
5.360818230175163901e-01
2.155204505411298932e-01
-4.066825020699254001e-01
4.143846341724857218e-01
1.691338780071365289e-01
-8.197142690111736130e-03
4.215846231461750637e-01
-2.843633837129631026e-01
2.881804928269042776e-01
8.755806802794467991e-01
3.113038654579347586e-01
-2.520222367569875388e-01
-3.980420795807466661e-01
9.180663329489884283e-01
-4.190999168248890072e-01
-5.870914387179917426e-01
-7.988917855633250742e-01
-6.253858214094918377e-01
-3.145733765778913060e-01
7.046864370248888676e-01
2.385038011142375236e-01
-9.964320135444868498e-01
9.804327250572719699e-02
5.806305050717561755e-01
3.212835765412183076e-01
-1.392148101007786298e-01
5.456841059487127499e-01
3.609067081713508429e-01
-4.627354017944971254e-01
-6.737841468875631623e-01
-5.180258864251752193e-02
-9.721784448099402010e-01
-5.453099086745041291e-01
4.233852836901494943e-01
-4.224276851145132294e-01
5.955686742195833716e-01
1.985352688627919360e-01
2.875216031613139211e-01
4.213960015332671727e-01
-8.533056038157296186e-01
-5.665455877249820915e-01
-9.091256504400391236e-01
-2.167637098325092548e-01
-3.707781764959567905e-01
-9.033122316812969288e-03
-9.635187689573905256e-01
3.914079831833729983e-01
-9.039243951944477828e-01
3.820540816699218301e-01
5.100132767949590029e-01
1.150919008469724059e-01
3.009447641067424239e-01
-2.515235856204240950e-01
7.878318799792174421e-01
-1.970323320673292855e-01
-8.647924252541481227e-01
-7.458124603393434526e-02
-7.866600481628016617e-01
1.607360238762611804e-01
6.555861654804098215e-01
4.469808899432314853e-01
7.155492985546121343e-01
-5.904430341122208770e-01
8.683080728919094771e-01
9.153955143645227110e-01
1.733617073430493427e-02
7.991673052227321605e-02
-7.829203806686282352e-01
-9.688718090655890069e-01
-5.664903136272032569e-01
-9.148200647655972961e-01
