-6.732520301390376716e-01
-2.215212306050839963e-02
7.965983708748258785e-01
3.185769803179538950e-01
6.206328269706904432e-01
4.068173855323933275e-01
-8.080851967190330054e-01
-6.493445818045349149e-01
2.048006903496750741e-01
-5.951902760082992128e-01
5.798904961955293480e-01
3.288372799427996540e-02
-5.270742152809888559e-01
-9.385904257890107516e-01
-3.799077425732906299e-01
-3.605126651766619172e-01
7.279275925389112611e-01
8.545406724299964285e-01
2.890302327269869131e-01
-9.493824736524170138e-01
9.474659917431402789e-01
-3.184091026924436019e-01
4.550635031710590361e-01
9.902890896091300910e-01
2.850714497467654596e-01
-9.933483535794438435e-01
7.859507289177738443e-01
1.486828605907570822e-01
-2.511283887727768782e-01
-4.394809132913259919e-01
3.384933908777327805e-01
-3.428629159703671103e-01
9.705616589463115229e-01
-8.197135482702202491e-01
-5.951902760082992128e-01
2.060801707159141127e-01
-8.570171535108763727e-01
-6.613778416312787733e-02
-4.617473675146515077e-01
-2.705521819891594237e-01
-2.302572934428284146e-01
-1.057167431627759058e-01
5.383153955041724004e-01
1.786046962997940302e-01
5.839017795882901485e-01
-6.355672039148778651e-01
6.129244832759195294e-01
-6.344154834549387001e-01
-2.973192853836532645e-01
-8.066525883461659330e-01
-1.837756675143855656e-01
-6.826114156972495906e-02
2.906921969318454479e-02
-7.752746595272850261e-01
-1.281651271065067377e-01
-8.655875706588982421e-01
-8.281497165640638869e-01
1.758843377959491416e-01
9.737489117032038788e-01
2.772718228807229401e-01
8.573319388665836538e-01
-6.102808082432256143e-01
-6.398266841965263296e-01
9.588163032935226315e-01
3.462791270133005472e-01
4.550635031710590361e-01
-7.577219783945663423e-01
9.059100049542316846e-01
-3.272110935647010166e-01
-8.814407337881535742e-01
-2.927730599556837010e-01
-9.260824370400584371e-01
-6.315959317251522709e-01
6.699953206465121269e-01
-3.756511976754173254e-02
8.827986287514888453e-01
5.050083922779329271e-01
2.122660860283929196e-01
2.030487137306689061e-01
-8.197135482702202491e-01
7.063503973338320918e-01
9.986117045532987291e-01
5.293500554241024059e-01
-1.104864053216843001e-01
-4.799967677004384203e-01
-2.074676455696611299e-01
-2.143261633390627363e-01
3.011191864855533584e-01
-9.967826712909897413e-01
8.606310442677940209e-01
6.435281135150134890e-01
-3.728831338716869226e-01
8.959778649671354955e-01
-4.033201660417495837e-02
-8.067449030902247298e-01
-7.739427896266055651e-01
2.411637714996464066e-01
2.431690841704463590e-01
-7.009972161215787256e-01
3.351483904626793020e-01
-9.460507600127390226e-01
-4.296285440694602720e-02
-9.092240334142116520e-01
7.527265904612567837e-02
7.690587932399468585e-01
5.576088792948667994e-01
-6.549169042878257851e-01
1.486828605907570822e-01
4.833640412899122829e-01
5.398337182892578578e-01
4.687624894425868050e-03
-1.919665586498011667e-01
-1.498276172789785310e-01
6.660768386264663832e-01
-3.132402723932248279e-01
3.517263567186106332e-01
-6.219094152307405032e-01
-3.817789368049551157e-02
-8.442901748980096155e-01
9.902890896091300910e-01
-9.773634701072961839e-01
-7.875600925037196109e-01
6.834619533172525685e-01
-1.084949300461188759e-01
-8.207936469555319192e-01
8.140887319194827221e-01
-9.566424057920528412e-01
-2.624373185922144192e-01
-1.466024355378463540e-01
-1.866296829794666934e-01
-4.810766240546682226e-01
7.439042879016488641e-02
-6.126162674391610885e-01
-9.403322820691495387e-01
-4.163088933713876560e-01
2.277829691586210625e-01
5.103441737501486219e-01
-8.612276713497850622e-01
5.971861162134866063e-01
-7.735234334545377788e-01
6.123949743912102672e-01
-3.983371154163468653e-01
-1.733981598397651425e-01
6.149091636689356655e-01
-2.901111242464755602e-01
9.326702253795995379e-01
-3.603448534604336562e-01
4.593149089512733596e-01
9.469214494850357600e-01
5.798904961955293480e-01
5.525579972634919734e-01
5.389228682613216304e-01
1.539073087259978934e-01
5.869314483396528281e-01
8.184918979746058643e-01
9.618767775872896220e-01
2.778392158467051232e-01
2.160578349608746063e-01
2.329898835624060194e-01
-8.860791251632305077e-03
5.454267835858193081e-01
2.048006903496750741e-01
-5.864033600520590639e-02
7.991694710083552255e-01
-9.661836677863173684e-01
8.830841203365722425e-01
6.476459823595825949e-01
8.239501418131833788e-01
-5.775893921444656964e-01
-6.787651330690249729e-01
-8.735600207219338387e-01
-9.781769132484248175e-01
-6.102808082432256143e-01
8.921870880558391281e-01
-2.228533762730715573e-01
5.095797726560362673e-01
-7.152818739780257840e-01
-1.031818380264848400e-01
3.052417004525975752e-01
-6.758888392762447683e-01
2.431690841704463590e-01
5.920970570208066164e-01
-7.269679122058938514e-01
3.726909213515083863e-01
4.946873607421269359e-01
-1.609584989250170128e-01
6.155793758959393625e-01
-7.279008349863491656e-01
-9.424479925989062146e-01
6.439803797086161019e-01
-1.749454576146489693e-01
-2.815877848957875074e-01
2.335120888984520970e-01
1.211007165779278694e-01
-2.619592534524086691e-01
9.534974050878288754e-01
1.183208497551935245e-01
9.588163032935226315e-01
-1.419883513366486660e-01
-5.925633224606581262e-01
6.149091636689356655e-01
-8.442901748980096155e-01
5.383153955041724004e-01
5.177908192614406602e-01
3.796651136201412147e-01
-6.791377137227405658e-01
8.573319388665836538e-01
7.624715634406846743e-01
8.389955568544815723e-01
2.283626912079239624e-02
-8.001064441070060429e-01
-4.072391669388959468e-01
3.512007873444829009e-01
-9.455665895119591546e-02
6.670780262370670233e-01
1.835236048197421699e-01
1.413024024400957313e-01
2.001610607590602608e-01
9.362370627963465530e-01
-3.603448534604336562e-01
9.477706649850095033e-01
-7.600872701518932573e-01
6.458798791153643748e-01
-9.132872993391036864e-01
2.496114255705805807e-01
8.921360961325239813e-01
-6.080853667334538137e-01
-7.752746595272850261e-01
6.004298876463822765e-01
8.580049188231542168e-01
-9.742879931325951759e-01
8.341877195143874157e-01
7.063503973338320918e-01
6.329907827593377334e-01
5.826864198855410404e-01
6.569269040684251326e-01
4.976059618325900935e-01
9.597832097696274989e-01
9.326702253795995379e-01
2.273264535393426655e-01
-6.397149144283371669e-01
-4.033201660417495837e-02
2.277829691586210625e-01
-6.904249279296239550e-01
1.982565616864677693e-01
6.168041216639301716e-01
-2.779017938760710571e-01
9.681093440421173479e-01
1.740865511663283183e-01
6.699953206465121269e-01
3.296045257269841766e-01
2.329898835624060194e-01
-8.530107189346205487e-01
-2.022797727403931045e-01
5.513146691387849074e-02
8.140887319194827221e-01
-5.171434508680257114e-01
7.312780449969706886e-01
-7.803090976702908854e-01
6.624624049699989747e-02
-6.803771347172804518e-01
7.510428529860417868e-01
-6.826114156972495906e-02
-6.763330022751188331e-01
-4.128765666105080889e-01
