-8.688374777547311911e-01
6.545126453233385266e-01
-4.923797309891575491e-01
-1.101235206738528927e-01
-8.956220797156886348e-01
7.315413096510343660e-01
-3.512155568159121000e-01
4.017084789055447303e-01
4.475439206306728313e-01
-9.612371321811441494e-01
5.888290697341458380e-01
-6.960359110527472026e-01
5.254843814526448664e-01
-1.387030332104428609e-01
-9.031804958322562360e-01
4.755527012377473994e-01
3.270719674176281178e-01
4.263535884822007294e-01
7.086596207651074675e-01
-6.331043670470741791e-01
9.654609900400605849e-01
-9.763463716274216608e-01
4.943401178632484960e-01
-3.687385624130405937e-01
8.635057446095097955e-01
9.855451293808390467e-01
3.535843853074738252e-01
-7.679753802968354304e-01
-7.319301043840904519e-01
-1.555587018155606405e-01
-3.800782384563807792e-01
-6.186474909275454515e-01
1.070355460496690281e-01
8.712400321983979623e-01
-1.689517050576074819e-01
-8.616701797358334858e-01
7.507935788993269632e-01
-5.073720466516880023e-01
9.984875992640891429e-01
2.968475657617157815e-01
7.625875836713773559e-01
-9.215025090134432162e-01
6.178604366475326515e-02
-2.090885283185257570e-01
3.014420633764947066e-01
-5.192949491716303267e-01
-8.881155681623023046e-01
-3.714250748636762633e-01
-1.774160523312617865e-01
7.843592174842546338e-01
-2.553129534126514777e-01
8.811249063558261874e-01
-3.041632753356722230e-01
-8.964540286963900151e-01
4.078546464626202628e-01
-1.855553514040910734e-01
-8.450854286722477848e-01
4.629532541125138678e-01
-7.382032128058131359e-01
-8.165331051273128082e-02
-7.759982318979414817e-01
4.292539264750641070e-01
-4.127868713900615383e-01
-8.803276516152913622e-02
-7.804534774048854651e-01
9.416883565396054756e-01
8.655100244682758515e-01
-6.063490547350602888e-02
6.991883775412830460e-01
-7.866174718681402389e-01
-8.274749794862925611e-01
-9.419808846455790530e-02
3.954567208573183112e-01
-3.554168603928433701e-01
2.534637541756015189e-01
2.687002489873702160e-01
5.265666429671040927e-01
-1.299959214499761817e-01
-6.680795447189851188e-01
-6.238501512307448316e-01
2.083839109404128642e-01
9.019306575876040455e-01
-2.302880878275750387e-01
-6.532674392949646691e-01
-8.229628382053368885e-01
3.819159832683920452e-01
-6.063490547350602888e-02
-7.866174718681402389e-01
-2.874998994525665985e-01
4.571757285751054667e-01
-2.714029686366914440e-01
-4.298598105655686563e-01
5.916724939684347984e-01
8.276621986316556878e-01
4.528853461678943315e-01
5.839684506215314652e-01
-2.657751458537387368e-01
2.995500393239922676e-01
6.955382457909899951e-01
6.041636995353640849e-01
-1.526718388333225818e-02
-3.006570311827745368e-01
1.112325904224509276e-01
-3.554168603928433701e-01
-6.555655653121250648e-01
-2.142546941871326105e-01
3.408917893121405918e-01
3.968551679630549778e-01
-9.704844519617605858e-01
-4.975064561364523907e-01
9.241247417069105019e-01
-1.793109361788154388e-01
-7.266174704947752083e-01
-8.187968011866093576e-01
9.135617695459057330e-01
-1.686243776181892695e-01
-9.498145784314466766e-01
-2.969031761656393265e-01
-9.153035383378629319e-01
-3.164353411256688453e-01
-5.411890755075239312e-01
-3.454866017461215577e-01
-2.761931993004944630e-01
2.042946510103416102e-01
-5.337287935461914046e-01
-4.457935511808703843e-01
-7.337520508462267443e-01
8.988174458768338759e-01
-9.824817436575599139e-01
-9.567525378827919091e-01
4.307748387652616806e-01
-9.744490911122307697e-01
-8.014912596277452561e-01
-3.947151490207934099e-01
-4.721438035242730979e-01
-2.475117863301656840e-01
2.977352094620577816e-03
-1.324334780968787761e-01
-1.494358227169172437e-01
-7.511670428923009624e-01
-7.935501847211412496e-02
-3.125978192326936966e-01
1.174983163603213754e-01
7.095864465981367442e-01
-6.099073387035636173e-03
-5.504335166659626299e-01
-5.548673078843486817e-01
-2.818053119840846499e-01
5.843734524729133906e-01
6.161613349500458803e-01
-6.605158016024215151e-02
-2.203664176586566104e-01
-5.185538838286889440e-01
7.214495894742085635e-01
-3.149169552627317792e-02
-2.299624120098127111e-01
5.352275769507297554e-02
-7.702863446805416903e-01
-3.798485924845194095e-01
-2.115127242081693559e-01
-6.834668274576016778e-02
-3.456613440678646398e-01
9.737701168007801833e-01
-7.522652415240016488e-02
4.895527254906122394e-01
-5.749360199527209225e-02
-7.673613112332620112e-01
3.096269303933238959e-01
7.037135161777838821e-01
-2.392217363928788032e-01
7.751821019285274339e-01
-1.251836052291803725e-01
-5.972974339458405613e-01
-2.239941268058081025e-01
2.798347263229783444e-01
7.258059038324820023e-01
9.488967282206413056e-01
-4.312668742243792597e-01
2.394858907435846174e-01
9.355707709416396511e-01
3.158027159207830170e-01
-9.805679708684540419e-01
-6.623590465461448584e-01
-2.194359832134207267e-01
5.284749541614530699e-01
4.488928761239585619e-02
1.603412922594094070e-01
-7.609354282502911460e-02
-7.182058418825085777e-01
-8.308671654311092780e-01
-6.338566501764621997e-01
4.629532541125138678e-01
-6.357625822627472889e-01
-7.532665685495132379e-02
2.893888847040591017e-01
-7.537532800173680769e-01
-8.226568567260243992e-01
6.377149354081632637e-01
-6.741920776746721522e-01
-2.632693827529606345e-01
5.523998887148577897e-01
-4.072658185841757650e-01
-4.551382954406761883e-01
6.828299776223083484e-01
8.736868277678138117e-01
-4.048931684052095026e-01
-8.643637551257921103e-02
9.798892333471438398e-01
-4.791848699506067177e-01
-1.295452428312511284e-01
-3.456613440678646398e-01
3.158329491782061460e-01
-1.268862239329011654e-01
1.941071313977928980e-01
7.284854669803284555e-01
6.362978264711618426e-01
4.700903111512566568e-02
-3.263875770262782972e-01
8.759610280670657723e-01
-8.934683319690526204e-01
9.722808688507222907e-01
2.035355641710459018e-01
8.361690446429648205e-01
9.772888171857949668e-01
-4.477356782038688365e-02
-2.448923781427427837e-01
-5.262854532964120757e-01
-6.455484032849758691e-01
-7.394596173669980566e-01
4.387475794390169881e-01
-6.310262624068372350e-01
-4.732250627664507103e-01
9.204285770371918307e-01
-9.954343583123150818e-01
3.114665876775954967e-01
-6.339209642161947045e-01
-3.243568635285962731e-01
4.936283643356156325e-01
7.691913850624922944e-01
9.417926212587222068e-01
-2.909036347850380011e-01
1.097264351527469373e-01
-9.372114257217851740e-01
7.755446651640620637e-01
-9.781858807921997023e-01
-2.314734030046325941e-01
-9.802728780232392580e-01
3.179667119358184912e-01
-2.417937011342532472e-01
4.389281066241890183e-01
-3.263265337647414110e-01
3.028262197913969000e-01
6.677942171020119222e-01
-8.700436894569587576e-01
9.538514279329228795e-01
-7.244173077712641184e-01
-9.044881607716237504e-01
-7.139650159872572566e-01
8.081154706483568706e-01
-2.448923781427427837e-01
8.362492958499898599e-01
-3.258036779338771005e-01
1.603412922594094070e-01
6.181738987401774743e-02
-2.292164713378113117e-01
