8.731765355137930396e-01
-1.582015501117188805e-01
-6.729621593613392960e-01
-3.070184601173020500e-01
1.469217480480982108e-01
5.357767537148079295e-01
-4.186568867739310917e-01
6.606470692222932151e-02
-8.459605003258836575e-01
-5.155264800206602605e-01
-7.599053139103890686e-01
6.059300438074652906e-01
-7.388655250655857820e-01
-3.621360955692090045e-01
8.315764728449643872e-01
-9.898588445495324351e-01
1.847312908766269857e-01
5.134260998962023592e-01
5.501336881418450453e-02
6.899640077571282948e-01
-9.827098899014081734e-01
8.554040706116159409e-01
-8.476682632974339437e-01
-1.198448161482075225e-01
8.876821208401304286e-01
-8.243676154730754657e-01
7.690965322632021817e-01
-3.711599213493845806e-01
7.371428247529037137e-01
-4.451720619795631606e-01
9.451026546831904351e-01
-4.117026103172842788e-01
-1.366382652166739931e-01
-1.887752115901957239e-01
1.446086376948789720e-01
4.184827982578460670e-01
-8.469504518954951156e-01
8.917124716194149148e-01
-2.200429649309350033e-01
-8.532629546345729121e-01
-4.715787603947427797e-01
4.145033677859295551e-01
-6.109308880039923118e-01
-7.848276834055549767e-01
5.155810838052494738e-01
-7.118232617905735360e-01
2.804392343744723792e-01
-6.524393192124569030e-01
-5.517121883905209412e-01
7.957504454580310860e-01
2.598267137208374322e-01
-1.356215480100988469e-01
7.786189824731557518e-01
-8.142332778577630048e-01
2.288260928124927762e-01
8.468084466160941126e-02
3.899627392640452328e-01
-3.429521016146492851e-01
7.678163997005551522e-01
3.771478298950505792e-01
-8.076875858351679760e-01
2.333945630021805329e-02
1.936303094807936276e-01
-1.310766431495313800e-01
2.746590504526984500e-01
-3.883050169404713703e-01
-9.595340205104634368e-01
-6.782159676077601507e-01
6.257866905685927073e-02
-5.312987189826237078e-01
-5.545374548323902530e-01
1.002107983824436221e-01
2.397529406050404877e-01
-5.863174148458973889e-01
-7.682951653386449475e-01
-5.808795316179535817e-01
3.615584183503244287e-01
-9.323532270661745169e-01
9.020913358737625565e-02
-7.540886153738866060e-01
-8.995150385760732892e-01
6.529178193310627432e-01
-6.399281480541780809e-01
-7.473720942797790201e-02
1.278137561340155770e-01
7.203242470702553302e-01
-7.304983669013642711e-02
6.171754410388816670e-01
-4.521629423653763524e-01
4.660993711800629491e-01
-5.178605714181532260e-01
8.984893859128053606e-01
4.213540969390057178e-01
-2.419759568102795022e-01
-8.487813169438573890e-01
-4.197197164201760256e-01
-1.263678105342529445e-01
-7.831842738621555000e-01
9.165664158027937436e-01
-5.428319247730994945e-02
1.807992243962623924e-01
9.379713282855233203e-01
4.935729119047844726e-01
-2.452321113817230724e-01
-4.281415273473792027e-01
5.889660811958816744e-01
5.897490389023027912e-01
5.415354075295666370e-01
-7.067017742855690177e-01
8.073171667998102485e-02
6.809578450729358856e-01
7.725764788917877102e-01
-5.681317418419564724e-01
6.033740316082432109e-01
-3.805509149546344450e-01
1.832977533970665540e-01
8.939082580422572644e-01
-5.896742939687347196e-01
-2.227545821121039715e-01
-1.472363128154305922e-01
-7.712094998387519773e-01
-6.651093928113236409e-01
-1.639209896895457153e-01
-8.858051246527798295e-01
9.742056323706738130e-01
-5.695660979701775428e-01
8.837150847179202628e-01
6.777597540239761464e-01
6.659308776240717709e-01
-2.656968002690087705e-01
9.981838533288422965e-02
-2.810738297905679417e-01
-7.473876380621709004e-01
-6.578832293866783143e-01
4.087039730883890165e-02
1.123533504332741018e-01
6.960346187455330735e-01
-3.670553103598712674e-01
3.258905042951958375e-01
-6.441527991490869631e-01
1.616322003751005099e-01
2.651852827075695807e-02
-1.948057680137411651e-01
-9.078060160538545809e-01
1.342119100024339318e-01
-6.822237673502451472e-02
-6.389676925439573552e-01
7.095133705932332724e-01
-1.297964166299736544e-01
-4.073227025685106639e-01
2.963755335310163108e-01
6.922289248016815222e-01
1.190496487670227310e-01
-9.360990339178674180e-01
4.982796220320901970e-01
-2.853097293506292598e-01
8.527971054455425470e-01
-3.699617112402304731e-01
-6.817577010076925070e-01
-9.098037962789762290e-02
5.853459966948095783e-01
-2.299004035946741187e-01
1.460162732284571163e-01
6.714132222513577997e-01
-6.875632457855340718e-01
2.684289266589079404e-01
7.200886075541870213e-01
-2.371581059374681111e-01
-9.163047623008955256e-01
7.008222498990492877e-01
3.215261423510289429e-01
-7.259914009711472271e-01
9.298504510860894356e-01
4.904207058945968534e-01
4.432962686892654158e-01
-6.993091056266780292e-01
9.913856238746208138e-01
-1.476927523326165836e-01
7.395649137473576662e-01
-7.072913180216446882e-01
-4.239301120517104948e-01
-1.558504396796391855e-01
-2.811457398857080126e-01
-8.821476474139486879e-01
-6.089240891229290575e-01
9.121792933834831363e-01
4.418589045179419639e-01
-3.502060534278474968e-01
-1.530276794218132785e-02
4.633432096016476542e-01
9.283357504179226005e-01
1.441248893291002808e-01
8.802224029127563298e-01
4.844232984651173357e-01
6.882905688838683034e-01
9.508826106677781276e-01
7.327855635790965216e-01
8.268629449856981228e-01
-3.164555796787664743e-01
2.892775695984064477e-01
-9.583393849642822815e-01
-4.376351054074583136e-01
-9.340286202600966980e-02
-2.221571266583985960e-01
9.093430358067717822e-01
9.512922397462864055e-01
4.162766920844247487e-01
3.382420029310677645e-01
7.331512650496596617e-01
-2.857902507285263738e-01
-2.852738444097331350e-01
2.332335340072353436e-01
2.387887649729509842e-01
4.181236168895696714e-02
8.956581938152434752e-01
-5.861493089418368108e-02
-6.977378023265787821e-01
-2.380075182702376946e-01
4.339596102050942150e-01
-2.810301427141688180e-01
7.100170651343600259e-01
-7.128707015834401250e-01
4.483252393715699835e-01
-5.406036280267942917e-01
2.161771065717865703e-02
7.343322776445007083e-01
-9.204984499180519641e-01
3.101068234987960359e-01
4.526583301043525243e-01
-3.803151084952038907e-02
8.564719337154524936e-03
7.023520891620436135e-01
3.924641275607343438e-01
-3.649767136876256313e-01
-9.600579707884875358e-01
-5.903676187077544490e-02
2.092423979574482562e-01
2.478745770686283656e-01
3.914184646799208078e-01
-6.868962721269133986e-02
-8.928053608137713759e-01
-3.528315525810035158e-01
-1.628717415434297600e-01
6.029966398458119770e-01
3.778561726768370210e-01
-8.149467816434112777e-01
7.318889933339600695e-01
-3.549191821246600043e-01
1.887012610803637802e-01
2.646713949426253709e-01
5.923089287934024672e-01
-1.375126180633443607e-01
-2.963525584916684164e-01
-6.453602758195189359e-01
9.577026971470492533e-01
4.895850741181217991e-02
-4.133055566395835712e-01
4.689211297074706852e-01
-1.570223334357896405e-01
4.808588383727772086e-01
3.674774404388598814e-01
6.639965968540231245e-01
2.792127641057786658e-01
4.606044644352516038e-01
1.323972000664526139e-01
