-2.253024820980564225e-01
-1.572481904879310111e-01
3.587530982736336638e-01
-2.296633698437096083e-01
-1.725435698916835348e+00
-8.661506550480664313e-01
7.155610762184199114e-01
8.238106331616696920e-01
3.592504536269754967e-01
2.783146843748744992e-01
2.950492563656641476e-01
-9.018371156770348396e-01
-5.380768543063447762e-01
-2.546590815929665297e+00
3.845673967684231087e-01
6.109440683808187167e-01
5.879044400543098625e-01
5.663703170524448938e-01
1.760016267196724549e-01
-9.669568461849100682e-01
2.199459634937902308e+00
1.431484873890689347e-01
-1.162183655930448589e+00
2.299875661837963658e+00
-2.046235852461867344e-01
1.877234853199039488e+00
4.867981478523797367e-01
9.746317640220825140e-03
1.148180484337167018e+00
-2.084634295793031278e+00
-1.518103271624235417e-01
1.449801968147065301e-01
-1.809148688649283576e+00
-3.097775015937039855e-01
-1.781922553176498614e+00
1.319215619057661382e+00
3.868733198991926248e+00
8.671304954307834656e-01
6.103968812443660852e-02
-6.575547371875845037e-02
6.930897868977822229e-01
1.938950910485810475e-01
-5.388718751197749679e-01
1.125356832395134621e+00
-9.657117042231988524e-01
-8.569296043454224243e-01
-4.691464705871274954e-01
2.762911213335976779e+00
9.542720492206973049e-01
-8.762127427928758650e-01
-1.120843082072000563e-01
1.462663873688553551e+00
-2.068847620141391896e-01
2.111351062808779044e+00
1.204275024977627062e+00
1.050813509542902757e-02
6.435119851899180343e-01
3.719125641249768632e-01
7.719745956741699278e-01
-3.145638029950721393e-01
-5.348080376338892883e-01
1.619742644213376437e+00
-7.395453844836861190e-01
-6.810325270808842424e-02
5.444597310351424468e-01
-1.657710493024035614e+00
1.457355237019504646e+00
-3.157133242209073098e-01
9.276683809363427402e-01
7.169179885765784022e-01
8.970310226787768793e-01
2.097895476726505670e-01
7.391529827387852691e-01
-5.256380994060994016e-01
-1.272403669234078993e+00
-3.141609315676359149e-01
-7.022539311168931597e-01
-1.817971113719927256e-01
-2.628965730165111481e+00
1.496485015303822719e+00
7.636247952255452720e-01
-4.530640593059725441e-01
1.166511908440996947e-01
-4.165832192395683142e-01
3.002785928884735833e-01
-8.345504106138128542e-01
-1.638790049735246557e+00
5.525757639052182313e-01
-1.848181552672156114e+00
1.674713191022838554e-01
-1.098805714318475735e+00
-2.206294427253794321e+00
-4.066996889433115991e-01
2.348844497598678860e-01
-2.981657103197974834e+00
-1.072273644286455330e+00
6.933387506579615778e-01
6.497451868223330651e-01
5.741073983810418557e-01
2.497897207553431365e+00
-9.044521547353343571e-01
1.809458737086789171e+00
-5.530720362150309821e-02
1.245933518424306552e+00
2.961879282223304433e+00
2.808834570979047429e-01
-1.273958890915158459e+00
-7.418154895422521822e-01
1.893264086842978422e-01
4.605117339444768643e-01
1.311461106202308491e+00
1.998426728345901182e-01
-1.501517691503492014e+00
7.249934227959924371e-01
1.096803864279019214e+00
8.128568631695571867e-01
-9.162907466743013263e-01
7.007149101718230799e-01
-4.147086782436448793e-02
2.698691981038558452e-01
2.833468449400502465e-01
1.303099735791496183e+00
2.695902339550164672e+00
1.439546035676340319e+00
1.195512895368270323e-01
-1.184253973143879701e+00
1.070257531664983608e+00
8.224655567213655649e-01
-2.749219197828798311e+00
-7.191580051463815071e-01
-2.588376974049304557e-01
9.262930555361977847e-01
-4.574052073900786164e-01
-2.090364666247395586e+00
-7.171600499302732690e-01
-7.813576305940282962e-01
8.871111365205793797e-01
9.063645132125861537e-01
-1.370212155258618170e+00
3.738188761854962294e+00
2.052796709493066585e-01
-3.922348827710584462e-01
-6.295051415866397271e-01
-1.394886298274009562e-01
1.863513809627299622e-01
1.540895007369698977e+00
-2.261039348358655499e+00
-2.618478572304487328e-01
-2.324452048471669308e+00
-7.782850174294791978e-02
-1.540570737638384591e+00
-7.050448223822909366e-01
6.363263280536715083e-01
8.783556330769266562e-01
-7.348177393661885493e-01
-7.329585294817360097e-01
-6.377703105034273623e-01
-2.990144462949733128e-01
1.805717710491074435e+00
1.784841189278056017e+00
6.490985856986275504e-01
-1.694320319449986179e-01
2.417645213501401491e-01
-5.163670335737593486e-01
-1.303742912157727085e-01
-9.097523709013211057e-02
2.041378806420499181e+00
7.780932654704236784e-01
-1.567271592001330038e+00
3.156458276623525516e-01
-1.576904535575547328e+00
-2.310923174971885596e-01
-9.018529908271492035e-01
-1.999687788456155912e-01
-3.240710023253885019e+00
-1.479645522828255455e+00
9.820876310848094537e-01
1.534161621935118625e+00
7.141209684235436672e-01
6.685385452355425695e-01
-1.427667122643575315e+00
1.785055746378320762e+00
-3.844946161450384925e-01
4.366610875315005691e-01
-6.609707131351050258e-02
8.871195455684113274e-01
7.417445456974212092e-01
-4.431136466763141435e-01
2.169336484061214154e+00
-1.091182776294348789e-01
-8.897113606855029388e-01
-9.316271811286935822e-02
-6.539947915361138397e-01
1.156115328597003833e+00
-1.065024777831968583e+00
5.952436038581176980e-02
-9.668573603707222297e-01
-1.138535705769339934e+00
8.025911875486442248e-01
-2.246327782547218987e+00
6.938612560261525619e-01
1.741854813039102057e-01
-1.568872800096634990e+00
5.335371414719913830e-01
1.593166946769250858e+00
3.340906566909675468e-01
-2.132855509713078579e+00
-5.328078321029761089e-01
5.512836897447258577e-01
-9.714884199215574334e-01
8.434826629468962222e-01
-1.369460687256905673e-02
-8.233007491196144834e-01
4.240249212590976868e-01
-2.249453042644645517e+00
-5.304654449429628826e-01
8.036372121432933113e-02
-4.812011102852595812e-01
2.316061500220590208e+00
4.559179059220467845e-01
-1.536980173182529441e+00
-1.872634129160264393e-01
1.220471033693599328e+00
2.569775456103641220e-01
-1.988168070087089179e+00
-8.466617172414123704e-01
-4.408913245736154618e-01
-1.252687242604721307e+00
9.092147105025896181e-01
1.695993881824979788e-01
-1.731910869305012701e+00
1.112922986713135387e+00
1.059401247582594463e+00
-8.790018456279204973e-01
5.958169413854107477e-01
2.399360065658121322e+00
-2.243776080814722462e+00
8.828625905114673156e-01
-2.876186044793987984e-01
-3.437238803449065294e-01
5.120842191387777742e-01
-1.480720509679264163e-01
1.612129346262449081e+00
-1.565487833438198084e+00
1.352430077125132968e+00
8.967788906179205988e-01
-1.035124474852923360e+00
1.986902141531550869e+00
-2.513008463935394232e+00
-7.957623005625581447e-01
-1.529633238611038948e+00
-2.263153667662101576e+00
2.573232926579103630e+00
5.601871338561142943e-01
1.582567278252048126e+00
2.472776591960018644e-02
-1.857348333756724701e+00
-1.134609977989974761e+00
2.477818709298905020e+00
8.444203460459631660e-01
-1.037452190142380992e+00
-6.503051929628536065e-01
2.132902946161257418e+00
1.115625824371330843e+00
-2.116327033804655589e+00
