6.951834390382622964e-01
-9.502620965555703680e-01
7.614909628143613496e-01
-2.744734764951510808e-01
-3.665201272024842805e-01
3.955231891175294834e-01
-7.175815440968251746e-01
9.375841778889304479e-01
-7.842949294583383413e-01
3.579346507538898603e-01
-1.607320278105373035e-01
-2.520890812711658047e-01
-2.407684598076833549e-01
-6.049751863423007414e-01
-4.021679358406604621e-02
2.931189634782822573e-01
2.821307768105545399e-01
-4.056340757856424784e-01
-8.289354597108558043e-01
3.168944190479876521e-01
-5.652769992401851518e-02
3.343014066057341527e-01
-8.987004259974984421e-01
-3.977675155499116322e-01
-9.031618355789075014e-01
7.079288820476297150e-01
-8.713151129231873071e-01
-1.575321376053964162e-01
5.260289701535907358e-01
7.042104337509116352e-01
5.658850309094205500e-01
2.373424597124995650e-01
4.919047253106987316e-01
-3.640126340394538307e-01
-7.254190175403814056e-01
-5.680576962290257992e-01
-8.496922222878349196e-01
-3.342389850425659947e-01
1.310031817123173958e-01
-7.519465480263514134e-01
8.068011051812706835e-01
-1.440748911832678836e-02
-2.319429215978561221e-01
9.531885118522518408e-01
-4.215535395163019228e-01
3.839919024081710486e-01
8.145990564169083292e-01
-4.036871206356480446e-01
6.807335220326615755e-02
-3.705932250862822297e-01
2.407677216212296134e-01
1.969397355134072658e-01
-9.503447933521904645e-01
-8.163363541734969253e-01
-6.179762195352336285e-01
3.700638340887998368e-01
3.852444937297181404e-01
2.716991697143671392e-01
9.628860273023012173e-01
2.900094565147195436e-01
2.291525198112807082e-01
-3.025535688648615107e-01
-3.389599622387495792e-01
3.811644636180329115e-01
-9.133880959798283961e-01
2.074022852276558027e-02
-6.722520496370869569e-01
8.074838686971901325e-01
1.995808971409556154e-01
-7.715358929325932813e-01
-7.042849713092786956e-01
4.297719748018420383e-01
6.200753177329709764e-01
9.323278466419626653e-01
2.999113600671852176e-01
7.955812369221229030e-01
5.213212605518617870e-01
8.945383342123269799e-02
7.104616502974003822e-03
-5.924444570424514112e-02
2.906141806805198069e-01
-4.219820795430517801e-01
2.076162118778395183e-01
-2.384914509875637467e-01
-9.239046311771532682e-01
-3.752940689789716622e-01
1.482203259195367107e-01
-8.489687782110939551e-01
-8.551186902053498073e-01
-4.715018909469868014e-01
-2.558117831891564276e-01
-8.923334063925176807e-01
-8.074613996820119155e-01
-6.760988607997013844e-01
9.734620479342332988e-01
5.116002939110688708e-01
4.414075461926008082e-01
3.634196905263393784e-01
-4.760602043743538125e-01
7.089616003513721232e-01
-2.179616761612659381e-01
7.428743081958006922e-01
-7.969300526927387551e-01
-2.235859553961030421e-01
-4.359227965215328737e-01
-7.712972170386973580e-01
-8.497630779326854622e-01
-1.190518983592403490e-01
-1.974356601629878583e-01
7.012841835070382501e-02
1.767493686845811318e-01
-5.018392629328753962e-01
-5.280855189948896466e-01
2.106499270171984239e-01
8.655764217174615194e-01
5.581957094998284408e-01
4.800937176259956196e-02
8.773705630190049565e-01
-6.495276038181618805e-01
-9.321933177812729010e-01
-4.707058739521630120e-01
4.198792390927521545e-01
-7.208968173222500830e-01
-7.171968512414288455e-01
-8.220749783557925738e-01
9.637784596450102992e-01
-2.777447033969611123e-01
-2.929801762804637999e-01
-5.115101335694349771e-02
-4.034846028492413694e-01
-4.343155332495820531e-01
-5.009949903236865509e-02
-7.696769013841697760e-01
-1.837139870078396964e-01
-8.480167481702562959e-01
7.620433898308660581e-01
7.769595158836200000e-01
-5.703785799602749673e-01
-6.283944296888548386e-01
1.010454516560961302e-01
1.659930183710454088e-01
3.287385107178011356e-01
1.527278687676161262e-01
3.655294978209606693e-01
-9.434840942979572098e-01
-5.687037821059794940e-01
5.812874730237636012e-01
-5.329102667437723984e-01
8.154312363049538437e-01
-6.607732646674380206e-02
4.869796446867040718e-01
3.258110293882860997e-01
-8.710187201812571445e-01
-3.025580888428125448e-01
2.012489090604181463e-01
4.573168456578653451e-01
-4.659269795645364365e-01
-3.081067698067809779e-01
-8.506188394779106154e-01
-3.499391137016247821e-01
-6.125070259273275308e-01
3.658305354282378463e-01
-4.544093884391542382e-02
3.940365433995651756e-02
3.267282511382976207e-01
-4.309731852343268166e-02
3.359306151631658022e-01
-7.588199169849783043e-01
2.789060970959011954e-02
-8.001915062318163407e-01
9.748139907082411515e-01
-4.386669925177111296e-01
-1.376715654355786800e-01
7.291876816261977368e-03
-4.406696683605781928e-01
7.806525043444185741e-01
-8.983452646745222481e-01
5.359416234912828259e-01
-4.870671439248392964e-01
1.664051205848116055e-01
2.695869836386239893e-01
-8.841284220026961460e-01
-3.219578090111272495e-01
2.754620502430584761e-01
-9.140462902488872832e-01
-8.070316648299866724e-01
-8.878645121154637998e-02
5.867346359708707215e-01
1.930338740298194189e-01
-7.936839364771131056e-01
9.753742017880269177e-01
8.225738363196064551e-01
-6.638941152629667108e-01
3.679214383450342130e-01
-1.935895274433376834e-01
9.784558052914360537e-02
1.624338503031117487e-01
-5.092061211407328258e-02
8.735386288862609927e-01
8.041875811119971740e-01
-9.314600229074307958e-01
-5.838849016404068504e-01
8.565742515687120306e-01
-4.774033604053471436e-01
8.514628830675723403e-01
6.217885428311165086e-02
-5.419266866178542585e-01
9.164470730287463951e-01
7.053539573971352450e-01
-6.234062691696884428e-01
3.910709025093028757e-01
-1.426861077413650314e-01
3.681704612913323515e-01
-9.502060482696834676e-01
2.944058794356363418e-01
-7.826493829509528766e-02
7.853871532090657137e-01
-2.084409738307109183e-01
6.873890567391156559e-01
-3.590299852864331509e-01
-8.052858444424630946e-01
2.505786922058925725e-01
6.578570484371233373e-01
1.434989958479262473e-01
-4.065716546179878321e-01
6.534059783609218464e-01
-4.474657219275199882e-01
-1.749676983926833351e-01
5.752418844122537678e-01
2.695891006128547929e-01
-5.657668895891385663e-01
3.230995532102876044e-01
5.393892880134136814e-01
2.961262453680924001e-01
7.197077064675267977e-01
7.219649552708700124e-01
-3.122543684958507537e-01
9.494727771285271789e-01
-7.716548020314666356e-01
3.537409590584350561e-02
-4.133860084383151889e-01
8.975536814214675196e-01
2.601307184278571771e-01
-3.238933697159600555e-01
-6.419929396148125189e-01
-5.790541482678430718e-01
-6.325427399002951923e-01
9.177810900115794812e-01
9.007283576271098990e-01
9.232632941932426007e-01
2.782702816503201948e-01
4.461450174526504497e-01
7.225484177611485315e-02
5.570064495115567560e-01
-7.069546917878268832e-01
-1.532712743319970539e-01
-5.338922735383559992e-01
3.682078839385822810e-01
8.596525014445872692e-01
5.289765345914663186e-01
9.786136560893630154e-01
4.771608018753754621e-01
-8.911328410394814270e-02
-7.308178953717439086e-01
3.328208953355855648e-01
