1.277141340814011539e+00
-2.528442838553373484e+00
-1.576858899589693719e+00
6.145610533743879333e-01
-2.437550982615471540e+00
-4.013078681762399791e-03
-1.344598995764620053e+00
-9.456182402714718993e-01
-1.318814512322103116e+00
2.584797239996217133e+00
-5.715517790350568283e-01
-8.430970276713577460e-01
-1.552607536938859445e+00
1.111610685708883217e+00
-6.327285336230438872e+00
2.221005869657774578e+00
-2.232357782842195437e+00
7.454652898352853718e-01
3.582068707067417868e-01
-1.798353774823398643e+00
-8.207645616061829408e-01
2.169715951475758242e+00
-2.994862078913624437e+00
1.321782404868487637e+00
-3.089759540286386219e+00
4.686380725881080789e-01
2.279346686784753828e+00
-1.460581278133660788e-01
4.744003295317970048e-01
6.148420322329198884e-01
-7.818977604539261161e-01
-1.566512813309663299e+00
-1.682778229224195954e+00
-2.690197949413123624e+00
1.591578870140024637e+00
2.820128470088888450e-01
2.076355402983438569e+00
2.471538874363100602e-01
4.884335450516058552e-01
3.513348084928270554e-01
4.870820888534854731e-03
-2.630038984650474365e+00
-3.827090728879247727e-01
2.537130675988662265e+00
-6.514456527593766033e-01
-5.020767956905626273e-01
6.163288041531134187e-01
-1.585995987216447078e+00
-3.042586793276146340e-01
-2.059603132750820742e-01
-4.788617355500986994e-01
-7.148680640097160310e-01
1.957920067531430330e+00
3.920175179851349001e-01
-2.999032361839004235e+00
3.620464160621486016e-01
-5.681286648540967654e+00
-1.909747742936554804e+00
2.936384207148779790e+00
-4.728077077590411292e+00
1.225020848658592287e+00
4.145201547994781244e+00
1.159757144881665702e-01
-1.218653427474909456e+00
1.060688927321335573e+00
-7.681237891568276632e-02
-8.425325538827573846e-01
-3.737550931224374651e+00
2.172678487422389892e+00
1.896600884870465631e+00
1.376926035891848032e+00
-1.081189587186858869e+00
1.223701273715489091e+00
2.316884459664855789e-01
4.419126816045015893e-02
9.181381949997859948e-01
2.263913518872826103e+00
-2.224918805241745123e-01
-2.577087534427475290e+00
2.041565337736202856e+00
1.219378013085711032e+00
-3.196376824910353021e-01
-5.481821864248461740e-01
-3.347358128995980842e+00
-7.224689824731128640e-01
2.834409039691691001e-01
1.695796525343809869e+00
-2.190947990442472904e+00
4.636302174603471826e+00
1.284443799290733823e+00
6.187202750025879716e-01
1.857146184309705239e+00
1.708272308357132507e+00
8.363267610235791683e-01
2.981882384420899701e-01
9.062435543741568234e-01
1.165655026674419226e+00
-4.936846546032813698e-02
-4.495294632653848765e+00
-1.134823525949020251e-01
-7.876002075112729095e-01
1.383136503326862776e+00
-4.282856622426909343e-01
-1.369978065766337627e+00
-3.273136187468089764e-01
-1.956301872270867381e+00
9.292208641241213041e-01
1.421306293000648147e+00
8.108838581460915407e-01
-1.482961740067596956e+00
2.107975809684345947e-01
4.673139079833534382e+00
3.360099162833132258e-01
7.619213415697472236e-01
1.717629967530514001e+00
-6.280765056828751192e+00
-2.800361575711329820e+00
1.824747317034876692e+00
2.645942575255824991e+00
7.423584412432751023e-01
1.158290904142925015e+00
5.265804762169132847e-01
-5.565434447379337124e-01
1.242103927076950498e+00
7.671530736939831119e-01
-9.911886697573182303e-01
1.140367903904728752e+00
-2.075881804988584545e+00
3.848743805202298418e+00
1.507166399767454479e-01
-1.891005598967483436e+00
-6.363616457361531698e-01
-1.597628025126973439e+00
-8.189646624143440690e-01
9.225156281003644709e-01
-1.869074682224119544e+00
2.824224371416224955e+00
-1.786534163665255193e+00
-2.738729591203176827e+00
3.525309877934411418e+00
3.625498725719513704e-01
2.177282893960549082e+00
-2.933487459851867207e+00
1.065048588419058584e+00
2.328169177025315451e-01
3.840152338274491206e-01
2.101742950600948401e+00
-1.462089221863828170e+00
-2.234132630860660385e+00
-1.574892594000171009e+00
1.734893374506030206e-01
2.507307952576312005e+00
-2.441669702032054912e-01
3.966865077750212909e-01
9.915702804254367120e-02
-4.638354520266977588e+00
1.508901080848950249e+00
-1.170181866096742684e+00
1.033286150608835774e+00
-1.710530513742826164e+00
1.733293983444101016e+00
2.736576775668938533e-01
-7.826100579092187814e-01
-5.546358266931261660e-01
1.237083559840330693e+00
9.606596990529106539e-02
-4.690285803399609321e+00
-1.614784280971208297e+00
1.017499653029355855e+00
-2.339619029490469515e-02
-1.238287815431712957e+00
-5.800763148609795472e-01
2.543834678897168189e+00
5.158909197314018868e-01
-8.675289207178760176e-02
-1.036027125911132440e+00
1.755766390480065997e+00
1.372616448368036313e+00
9.881024636466124722e-01
1.613243980696556612e+00
-1.008594518682224495e+00
-1.753712453769786794e+00
-4.147927765750024087e-01
-7.693836870148559326e-01
-1.098925082874420367e+00
4.772517931593003304e-01
1.668154653983670022e+00
1.204458847779978692e+00
1.143349882692610064e+00
2.041283369205400433e+00
1.401563983357050791e+00
1.660438118676838548e-01
-3.198726225615563301e+00
-3.550750558304548998e-01
2.422661226586028671e-02
9.976521233694295443e-01
-1.676435751363974713e+00
3.748258873190158935e-01
3.007421889101908441e+00
-9.480402745648407459e-01
5.130997578874020304e-01
-1.161825658025756880e-01
-1.041431503252512103e+00
2.445778918587589779e+00
2.071860449787898517e+00
2.082154044596116638e+00
4.556962481238115981e-01
8.094759090668226520e-01
3.111463335020407950e+00
4.020283517614868796e-01
-7.320323583988369576e-01
-2.544224532974677544e+00
1.308631033424796586e+00
7.833049765911213047e-01
2.636263818086915123e+00
2.307079148806597590e+00
-1.028699371084089709e-01
5.740685942562258059e-01
1.382032640205350882e+00
7.900919634291740934e-01
-2.655209345218510819e+00
1.056541188916260698e-01
4.419062835794901334e-01
2.999262509839051294e-01
4.161092828665183596e+00
8.414639248206901012e-01
-1.458370377896244241e-01
5.865106948319510627e-01
-1.279650135987944193e-01
-8.358591622854363301e-01
-2.926068302337714755e+00
-2.501932324142612352e+00
4.621237858691302769e-01
1.886257706818702973e+00
8.238951034931119022e-01
-2.009027216026790796e-01
5.886749975301051485e+00
6.386196081415487225e-01
-6.691606736531870991e-01
-1.106437701001633522e+00
4.259700909469336771e+00
2.015377953915121201e-01
3.988605040304179505e-01
2.255736772284010261e+00
-1.853451053352797029e-01
6.010199939218818788e-02
3.836486900470937655e+00
3.695459868154459260e-01
2.460963827139374338e+00
2.344619107394949165e+00
-2.809625777545673442e-01
2.003580683703011012e+00
2.492468823000762779e+00
1.898209359170480504e+00
-9.917407677764478180e-01
-7.597942017115235647e-01
1.089781008672568330e+00
1.802157514273255767e+00
1.542281477792534217e+00
-1.477234702176067893e-01
6.087846673720522794e-01
1.983394403240019699e-01
6.821557190807835402e-01
2.026482577687238162e+00
8.222978148134467702e-01
