-6.493131735033941254e-01
1.863099869920208373e-01
-3.032585611842941731e-03
-6.220127697422244140e-01
9.279151712672240038e-01
-5.946195999340302407e-01
8.893152472170655631e-01
-4.305483628516362238e-01
2.812965779664460264e-01
-2.920772599344518827e-01
-8.321934635511021305e-01
-4.249047229052504981e-02
3.188999130628740186e-01
3.789345294894068683e-01
-8.280014142600087279e-01
9.730860081759296065e-01
9.110163645410744859e-01
5.279683229951166457e-01
-8.173167210491911749e-01
-5.378379034217195542e-01
-6.377400404671040857e-01
7.863151824375855803e-01
-8.398635912737399956e-01
4.757169639880844958e-01
-4.841735845081058809e-01
-7.338296556140198046e-01
-4.190755375531407534e-01
-6.784366033647202254e-01
-2.284483532543668538e-01
-7.122472613591661617e-01
-4.514217060114775748e-01
5.339909935550808395e-01
-9.747018678924430635e-01
-8.629790350136532506e-01
-6.665631441886172848e-01
6.420398377831082470e-01
-1.660803004112545445e-01
3.260809490098695029e-01
-9.915422664927682206e-01
1.842676069217834556e-01
4.523648639333019972e-01
7.167870839460592780e-01
-3.399003860151781353e-01
-2.431243791991344327e-01
-3.748656918112487357e-01
-2.474901195099565854e-01
-8.216449639976750596e-01
2.107542115782012893e-02
-2.455935848616115358e-01
-7.319239649588107355e-01
9.236437209902215173e-02
-6.612132297060882014e-01
-9.313996259268855216e-01
-5.792448633391202861e-01
-7.454216558217494626e-01
1.038585243367018407e-01
-8.020823715151270683e-02
4.541523353262646445e-01
-1.327472909659195288e-01
8.227246678359410037e-01
-8.763239023527282789e-01
9.132349255524101483e-01
-3.261321769619498490e-01
5.818807211161414195e-02
9.057892358395762678e-01
9.822342889137725130e-02
-5.436204300710858472e-01
1.692324921547783134e-01
-2.822150755761680951e-01
-3.401732028443986700e-01
2.970587305638443532e-01
8.372506803234018857e-01
-8.482835183193526696e-02
-4.662750217672817499e-02
-7.059561455167626676e-01
7.520542393827100991e-01
-4.983888010419208481e-01
7.083745196459381166e-01
9.686646920945114481e-01
-4.289701302952293460e-01
7.332504355847109245e-01
2.180473721708249268e-01
5.738781014827716298e-01
2.221659853551378738e-01
-7.193794960577468700e-01
-6.858076756053916867e-01
-1.311954889570157157e-01
-2.501428154716123231e-01
9.976796642880074728e-01
-4.735788081265275284e-01
4.012674942792893162e-01
9.850330731066436751e-01
-4.936763523549219101e-01
-8.666916127736001840e-02
9.942348432449266138e-01
4.496182619702886463e-01
-7.959380571166745355e-01
4.694225506247440283e-01
-3.082165076115217506e-01
4.771491591193735005e-01
8.811604203288190273e-01
5.820856064154746878e-01
1.402093600310387878e-01
-8.981893237790046225e-01
-8.779827503032540115e-01
-4.761661102555219127e-01
5.633795846320410750e-01
5.931746447261543320e-01
2.291728705235405172e-01
-2.874166257835930605e-01
-1.474543458364951931e-01
7.115147320260093444e-01
-6.883861714282668576e-01
-4.680423357310419252e-01
3.397880483688044961e-01
-8.574498532769532222e-01
-6.633221750163222907e-01
9.061092211290904253e-01
6.719577117746304840e-01
2.388173527545516261e-01
-7.320279727903309386e-01
4.846332735108185297e-01
9.161059053738505042e-01
4.991585971803580435e-01
-4.184370833889834440e-01
2.313267061922033019e-01
7.351279234590726297e-01
1.258883955806229249e-01
-5.649420568021319422e-01
-9.091793819741673666e-01
8.586809064434759442e-01
6.146744792166833893e-01
7.305973510121925862e-01
1.723267459955124536e-02
-1.642786545968701883e-01
4.051679031797654762e-01
1.604332904268066518e-01
-8.911629215081364741e-01
9.917602622129431111e-01
8.160846013557156997e-01
-2.059365052793604711e-01
-1.601572326423768011e-01
2.950459893910060138e-01
-2.329570237321807458e-01
6.436243727343953225e-01
4.883194526902270294e-01
-1.263139531430792495e-01
-3.221679854368901808e-01
1.723267459955124536e-02
-3.387803905088395684e-01
-3.202132819443535006e-01
4.587470500418904251e-01
9.633832732375735564e-01
8.101184870028577123e-01
-5.274430099656091109e-02
9.388532147636479142e-01
9.250914371055336538e-01
-1.160916408461882821e-01
5.095856841165278261e-01
-2.315693959394984347e-01
-3.315526948739508928e-01
-8.524198308125987555e-01
6.155487168544317989e-01
-3.691508356076416142e-01
-7.788944255708791786e-01
-6.904142642602235647e-01
2.836979335191298635e-01
4.324702915007081483e-01
6.758281739866349724e-01
6.102877086106917037e-01
9.544057417009472744e-01
-6.262190097857323057e-01
2.477982766746327226e-01
4.696002327883430638e-01
1.806323627332444559e-01
-2.943440181300520653e-01
-9.241044491426007035e-01
-6.020976102409416608e-01
7.596882335000605391e-01
-7.523690944817704729e-01
1.713945928970279642e-01
6.459562385852080091e-01
7.703473928750426136e-01
3.470837959281192209e-01
-2.099946066094340313e-01
-1.107886650743687973e-01
-9.090141126695241436e-01
1.925636639397758643e-01
-3.199852902555109235e-01
9.214500899028266190e-01
-9.590437302402512465e-01
7.211609062134938242e-01
-6.484849291359302548e-01
-1.890515592799915101e-01
-9.094234798199578584e-01
-3.441794272076585948e-01
-4.557711302495293104e-01
8.327331670325162083e-01
-6.147702477944654298e-01
-2.049104276445070649e-01
-9.196674174097396737e-02
-7.000447435205956470e-01
-9.985159878973370873e-02
-9.571602847950595461e-01
-5.542276669833985370e-01
8.255775491230177288e-01
5.624129824499259911e-01
4.558139933995333237e-01
-7.577536648329417091e-01
2.341614071383735229e-01
2.358373820907344598e-01
2.816388882447480313e-01
-9.220426085256305804e-02
-5.543021234277922815e-02
8.710512042870002247e-01
-9.352597562972142509e-01
-9.128975389064861723e-01
9.329340698277910349e-02
-6.767762629246800721e-01
6.524540987766931366e-01
8.462911320716508534e-01
-1.941577480455918270e-01
5.667381772993624889e-01
6.312413088756403390e-01
-6.830335503313451628e-01
-7.605187049106016950e-01
-4.804751283233779091e-01
-8.490239245570287974e-01
9.976082453297687724e-01
6.828114417609851827e-01
-7.516033632405267895e-01
4.434511910764207254e-01
6.172616197270031080e-02
-1.894990096184006045e-01
4.226801093082621641e-02
-2.553594652276924837e-01
2.058811706625860438e-01
4.575432010474156375e-01
8.687834691486329142e-01
-3.970158528398752829e-01
-1.607019112450178699e-01
9.405705414186777968e-01
4.120134240585324736e-01
1.741478167164036694e-01
-4.959747360060338117e-01
-9.915217758896865963e-01
5.342455359438511575e-01
7.163520913509600074e-01
7.022156024876491376e-01
8.497138103110495333e-01
1.468301110022161016e-01
-3.988496700831323238e-01
-4.453505079952284618e-01
4.535463304632771919e-01
-7.885680989080192660e-01
-8.588889489132198740e-01
-7.848139637884876674e-01
-9.717402268327821613e-01
-7.232845357623598481e-01
-8.676162029892597882e-01
1.664253928533161453e-01
-3.938878786180721736e-01
7.966078659224176128e-01
-5.331224899002497963e-01
-5.162795860997149155e-02
