7.468801888959542001e-01
4.322493308350603414e-01
7.377677432314311279e-01
-9.400681240214514567e-02
7.929776762533271572e-01
-6.828656784854771900e-01
-9.153339556810071720e-01
5.606078664519120736e-01
9.473891572215056289e-01
1.356259396796359873e-01
-9.400681240214514567e-02
-4.593753068340216128e-01
4.172550809832076268e-02
-4.187552515105814610e-01
1.889106716089490323e-01
-2.836637517984810231e-01
-5.404133733370479753e-01
-5.260083152592158751e-01
3.305762130414025002e-02
-9.538986600115462178e-01
-4.708006411393330648e-01
-5.393137216654946275e-01
8.400120911721264960e-03
-5.158570303659169021e-01
1.413379373207381828e-01
5.262101666159146873e-05
6.814083075024537361e-01
-8.508617208046802549e-01
-5.446106169008184672e-01
7.589623081545258110e-01
3.247731528174704341e-01
-8.470036793485058446e-01
-5.994460403660450964e-02
-4.055737326254389430e-01
6.806742503374629827e-01
9.095960269341547555e-01
-6.076492972484626165e-01
1.659024298049405211e-02
3.394076185933738721e-01
1.249756063620677260e-02
3.266158317011302881e-01
9.021140545835160118e-01
-7.368975426238379978e-01
-4.676959999438032867e-01
6.042120073934522662e-01
8.180593585291455749e-01
6.457218403842912569e-01
3.115629717256962472e-02
8.158580864530475818e-01
2.159461183658792915e-01
-4.002065754468657754e-01
9.305522196223303677e-01
2.869594728327682365e-01
-2.603210105568825039e-01
6.534022945305193453e-01
-6.788195025765084711e-01
2.924174805473862548e-01
-2.162916682896076637e-01
4.212808739413067549e-01
2.117113967218549053e-01
-2.625804700625553600e-01
-4.282200083252141187e-01
-4.891420903338419279e-01
-8.194739670304047596e-01
-9.070013016947666706e-01
1.809964503471481745e-01
-3.483733537724600371e-01
3.187049488935054242e-01
3.262561749086632101e-01
8.927805514337241455e-01
-8.838425067561752613e-01
4.624194301238098159e-01
-9.420573166137211629e-01
9.950358368709510959e-01
-8.322821521410570522e-01
-7.909282941512669751e-01
3.342417677474087689e-01
5.952479425905892185e-01
-2.906467153471090636e-01
-8.216933232712126944e-01
-2.128924022587286302e-01
3.459081353333230968e-01
-2.639293507990496668e-01
-4.093092653938283920e-01
-6.039829111166850062e-02
-3.788231592344508680e-01
7.502472632691408183e-01
-9.129084214678173659e-01
5.538809772147854638e-01
3.609352155090594927e-02
1.844947660729221450e-01
5.173195658953955167e-01
1.186701204042694968e-01
-6.669872856721525967e-01
-3.351108225856260781e-01
6.612553554367133213e-01
1.358542483967022374e-01
-3.700961930274797584e-01
-8.911844836628990407e-01
-1.954995622620581130e-01
-7.175628333686898674e-01
-2.151050301194279424e-01
7.656119644679606484e-01
2.583646999737969630e-01
5.543309465577666018e-01
9.598532829763437579e-01
3.643417812057052618e-01
-9.213191741373414345e-01
9.448256208411045520e-01
5.203428169271111514e-01
-6.031117455258994120e-01
-7.753174642106179792e-01
8.024881334261320109e-01
-5.828156786632532338e-01
-5.934883857264838802e-02
-4.003327193093204617e-01
-2.997937876042870986e-01
-3.736796483622153442e-01
3.417451281125905016e-01
-2.423671551262385204e-01
6.042120073934522662e-01
3.711495181422381773e-01
1.902358014540976860e-01
-8.643740675784123972e-01
4.021304453024425740e-01
-5.558540400827030048e-01
4.344084487034005626e-02
8.631128077440266555e-01
-2.091817626092229432e-03
-6.477632022620964936e-01
-2.865333602473081331e-01
-3.055564712146789930e-01
-8.055765465820341475e-02
7.568676590831369122e-01
-5.589303771304070523e-01
-2.111383118948360060e-01
-8.107277137855721794e-01
6.740275579657553084e-01
1.946559262333524831e-01
-2.003004902267737641e-01
3.712900468029616263e-01
-6.857378310330497495e-01
6.308220509563455813e-02
-5.482646196060421140e-01
6.435016956244081765e-01
8.927981292993953932e-01
8.357997427777861255e-01
-1.762820863586176401e-01
1.777557568472230010e-01
-4.480463563192176313e-01
-1.531978435823941886e-01
5.174797889860294209e-01
-7.365964650597727204e-01
-6.283175079670855201e-01
-2.952396779609256505e-02
-2.567149080105777248e-01
-1.493586168471350284e-01
-8.257018117946290925e-01
-7.875470394246055772e-01
4.681165218609195655e-01
8.996320446204078003e-01
4.753964798023613270e-02
1.267729184176893398e-01
5.053140672479135009e-01
-8.046093602432637937e-01
-4.311291605792717530e-01
-3.361957138744930962e-01
-8.637072883920851041e-01
-5.787244966033240345e-01
-3.429559557411572257e-01
-3.503781187663905783e-01
3.830570661845094094e-01
3.767418892901281957e-01
-9.262485860791820347e-01
1.478198725511481459e-01
-5.840575738963189600e-01
-2.835939086083851812e-01
1.521792443063418876e-01
-3.951896009790052400e-01
3.372275995173890095e-01
9.354927946436504271e-01
-2.832040374488209444e-02
8.213925258937055940e-01
-9.077721531009776967e-01
1.525390209279839926e-01
8.638921348155794711e-01
8.030415247129860656e-01
7.947299539685876990e-01
-6.752111151542654621e-01
-7.624702329155903513e-01
9.184421294273574787e-01
-1.948793311834446929e-01
-9.002608973365822109e-01
5.039729794194163226e-01
-1.350677451499524562e-01
-2.635943882002174110e-01
-8.306167017631556071e-01
-8.559458384411477994e-02
6.968477165237296767e-01
5.237957642270230085e-01
3.647333666613747916e-01
-2.091817626092229432e-03
-2.057272288603553267e-01
-7.644067420658284817e-02
3.824706431334436996e-01
3.844686238114765064e-01
-2.629732279648782090e-01
4.337998964820053427e-01
-8.325168674504814792e-01
5.935030198276969315e-01
3.899878851105564870e-02
-6.642394987250592742e-01
4.434212893384217313e-01
-2.533958393373580975e-01
1.125743058998911472e-01
-5.535868629030860077e-01
-3.172142821800119084e-01
6.062079045098260899e-01
1.413379373207381828e-01
-5.966041797402905633e-01
9.860305916647826852e-01
-6.668494285812442968e-02
6.326816449665426667e-01
-6.510053508054600702e-01
7.268106622914414228e-01
-2.298160456541251673e-01
3.249791028450548236e-01
2.784845546700254193e-01
8.659958597395844837e-01
5.818733874383719140e-02
3.212575822227017319e-01
2.491256238340118223e-01
-6.208575349286500344e-01
4.637699583400434200e-02
-7.383029613930074397e-01
-5.689758075758981626e-01
-4.445887086060131832e-01
5.417219495690765996e-01
2.465207662041357661e-01
-5.757353684171468977e-01
-4.720133440869647146e-01
-3.908888907491101516e-01
7.917334317606807836e-01
-4.055572015623114535e-01
-7.995867232522435586e-01
-4.633941022395424714e-01
1.396609111743378762e-01
-1.270898875831916186e-02
8.596641853078774709e-01
-9.520033678141346378e-01
4.317214117879151214e-01
-2.701258380623117183e-02
6.033901231852607516e-01
9.465675305845548948e-01
-4.639950531688814550e-01
5.235244031240411378e-01
-4.271053910087305727e-01
5.711209602680580311e-01
2.334359138123645039e-01
-2.056603045510052574e-01
-2.008644084091177895e-01
-6.076492972484626165e-01
4.734741119645122787e-01
2.072483079281892682e-01
7.316807383174190882e-01
