1.943738872361612469e+00
-2.332630323292646857e+00
-2.926819189239997065e+00
1.067847695245415895e+00
1.827015579597672135e+00
-1.013822083289250608e+00
-2.321427174654336900e-01
2.550630920721811634e+00
1.212371768264970839e+00
-3.370169470533431078e+00
2.800807714478265709e+00
-1.831554178959334589e+00
1.823340255054678671e+00
-1.915398341734861898e-01
1.569401380538246293e+00
-1.892064487828430286e+00
9.148149637234566089e-01
9.399866891677179925e-01
2.774498401806482217e+00
1.536667165636366184e-01
-4.453524369137251249e+00
-6.689142852994711674e-04
-1.078228791185294799e+00
-3.268861901533344216e+00
-9.282871320469106013e-01
1.610478888083689997e+00
-3.320532151310439772e+00
2.712385455999882566e+00
4.097340009015860152e-01
-9.209874236391455415e-01
-2.439467899550181951e+00
2.070539212435019039e+00
-3.314612357956599364e+00
3.769186287111138123e-01
-2.858573154968704788e+00
5.476905688748678891e-01
5.245841845441743256e-01
-3.394189775141041476e+00
7.916932765659516313e+00
1.597668294960659763e+00
5.710490336016604829e-02
-1.867277892090509761e+00
-6.142359138654789330e-01
1.267768523886333432e-01
-8.635610639693225288e-02
1.138024748765884553e+00
3.068122273316543636e-01
4.789262691726230425e-01
1.382258490245360238e-01
-1.372058925084225667e+00
1.220046097856178458e+00
2.108380220040525499e-01
2.196208376033413678e+00
-1.455951329817569251e+00
-3.262798345488870488e+00
-6.079778749683009131e+00
-1.064947436724003715e+00
8.564752632840542113e-01
-2.777941507545275357e+00
1.013948381876473626e+00
-3.455889291278191333e-02
1.049222976005866892e+00
-1.277507674702793306e-01
-7.018621244951832594e-01
-4.462593797333853640e-01
1.956827697051041204e+00
-2.626286445741882858e+00
-8.011083857032564870e-01
3.755256469752444648e+00
3.352885648642475847e+00
-1.390580257690123167e+00
-3.005787442831700407e+00
2.578308149127264137e+00
3.477790789091890211e-01
3.225372088979081564e+00
-2.913107801171825884e+00
2.117173369680389605e+00
1.332268098705690074e+00
-2.036046924198500641e+00
-1.988996720076605440e+00
1.489259955103693134e+00
1.591077628758707618e+00
-1.380851966256413377e+00
-6.292097409318389012e-01
-9.191897804296049745e-01
1.585202192048534853e+00
4.715554732079483280e+00
7.211904611186338299e-01
2.516766309835608006e-01
-2.474851278678169564e+00
-2.847362528064704357e+00
-7.757823887970722865e-01
3.760460563800741340e+00
5.508978197132239352e-01
6.315289875008216480e-01
2.074570638685575119e+00
1.554217733631807707e+00
-5.893336304786593871e-01
7.188890128201932406e-01
1.679843646695879933e-01
-1.009628832591569658e+00
4.190272786046657316e+00
-6.636510182208148478e-01
1.665468091797022598e+00
6.239983865629062265e+00
-2.821234718361468108e+00
1.717553181328966172e+00
-6.354678196495615605e-01
-5.789622651522711161e-01
-1.288939194612189976e+00
-6.000007510112230769e-01
3.096495782035040278e-01
-2.250238391435495533e+00
-2.126036768818798883e+00
1.066987282278865745e+00
3.395951743984246818e+00
-3.446366228131658271e+00
2.624239907937137239e+00
2.839836854900558372e+00
9.726596195876402451e-01
4.420147732670269392e+00
9.238709914141107760e-01
1.193124810784742973e+00
-2.901704057471376608e+00
-3.766503679008237349e+00
1.097206652237359581e+00
4.309950967266712452e-01
1.040620862725430529e+00
-2.635399552887006447e+00
-2.024798101995284760e+00
-1.271081758527246475e+00
-3.146681407379379625e+00
-3.912844936318117917e+00
1.947765659032462349e+00
4.873257455142738781e-01
-1.552898115119794031e+00
9.440287598385879164e-01
-1.828501154422644159e+00
9.999066322304770438e-01
1.594489096350155677e+00
1.959848181847146043e+00
-4.854563793915559478e-01
-7.546769632516796555e-01
8.283402715175831599e-01
-3.581223749318314997e+00
-1.774857422854573707e+00
5.207669102168031472e+00
5.805985846042389653e+00
9.307898006598851470e-01
-2.095039265375920667e+00
9.571500939009920383e-01
-1.072837201748500835e+00
2.963442912624151049e+00
2.752182595528458453e-01
-3.373099992814745374e-01
-2.163388879913775931e+00
-1.470056833448590616e+00
-2.202400544942360039e+00
-3.300747321128966849e+00
1.171978105842947926e-01
-3.807323622264562779e+00
1.154652535441025307e+00
-1.443502080987233871e+00
2.184580677156688022e+00
2.772961297311058004e+00
-2.586195443836278862e-01
7.631392179897391603e-01
1.376193057730199065e+00
2.244742791239863422e+00
1.401985172228412901e+00
-1.102762599765797713e+00
1.009109048284067445e+00
1.838797144310767573e+00
3.078865834350602348e+00
1.265701768553070483e+00
-1.276407824378114730e+00
-4.030555521854036982e+00
1.568483911921132012e+00
-2.049168210115560829e+00
4.012999077930179403e-01
-4.752574642651642423e-01
1.960390652589916183e-01
-1.960776158787345125e+00
-2.266751462653996629e+00
2.491247672185936235e+00
1.130017101024493043e+00
5.454960308594006824e-01
1.810388583158547560e-01
-1.912483755142540875e+00
-7.777363710514327844e-01
1.755779417806845322e-01
-3.077811163202375688e+00
-1.818231814683752834e+00
1.731538719574161611e-01
-1.046511951399213380e+00
2.318775905310730412e+00
-9.170077891481636101e-01
1.219782470277945396e+00
-6.423425238700448681e-01
2.858302308804508307e+00
1.356786350607168234e+00
4.979671456672186913e+00
2.591694384482190472e-01
7.439461336536103975e-01
1.422704641362440459e+00
-2.898265238092919027e+00
2.012385283977833339e-01
3.786462266517924391e+00
-3.463625921290574894e+00
-2.731708020065210185e+00
1.146623213559116117e+00
4.525632487724474684e-01
1.510094368761039973e+00
1.157620470277612945e+00
1.052118624803362046e-01
1.598510650563560453e-01
3.665793872711379797e-01
7.252712554802829281e-01
-6.384427805965218194e-01
1.793116550825825550e+00
-4.725804807871517355e+00
-2.116782834905484467e+00
5.815986873010028368e-01
1.315062012520584078e+00
1.446756126020670274e+00
2.912497966076700973e+00
2.994686304907518082e+00
-8.703550377624340584e-01
1.377615855281254298e+00
-1.521648767625914056e+00
5.914866401473828361e-02
-3.127343140699130331e-01
2.853541846189009412e+00
1.060954557682336041e+00
2.000214029937534388e+00
-5.962395504957493930e-01
2.860629730278580141e+00
-1.590501158325987596e+00
2.306261363977909484e-01
1.550506703015421595e+00
-6.834030185472907970e-01
3.362643072225024454e-01
-9.621619130872598458e-01
1.634907033289175748e+00
1.519866986316237067e+00
1.824843085386561592e+00
5.515263581398040849e+00
-1.777234127900318761e+00
-8.198192469057206111e-01
4.895540977137095240e+00
6.388066733024343191e-02
2.013670010448040060e+00
1.709895254617494587e+00
2.141008698477863348e+00
1.436346845826514951e+00
-2.465793639987684749e+00
6.586544629444229804e-02
3.770740585248107735e+00
-8.048609015177496939e-01
9.633914875460236615e-01
-4.282609471131733070e-01
2.157108919404922970e-02
3.319857914808432842e+00
4.633817273160051320e-01
-1.020757379813764132e+00
