-6.105921958375428726e-01
-8.710590837071796599e-02
-1.810480891747614507e-01
3.009111528748298348e-01
-8.908978822682600551e-02
4.727987948065617285e-01
2.912843555331636747e-01
-8.641869637256189840e-01
5.619895687792102468e-01
-7.958094126307972971e-01
-9.988128891190817260e-01
5.635031322285013466e-01
-6.984993736520883623e-02
7.839778966152965989e-01
-5.789332587993631929e-01
4.757035759670349417e-01
-4.916945714898208752e-01
6.450363953926949723e-01
5.994977865121979832e-01
5.386261459829899678e-02
7.028682711500153779e-01
6.615853273148610825e-01
4.116917280369893906e-01
4.530369553497994861e-01
-9.925904694543770113e-01
-4.660806576157072723e-01
-6.458252071824928109e-01
9.538444489121311598e-01
-5.671742601086957603e-01
3.324807200783830297e-01
2.565861051792972525e-01
-6.528248572992998433e-01
-7.979222358589570518e-01
-5.636493465918508416e-01
-1.177156393425995429e-01
2.412366628063784546e-01
-9.045733033034411008e-01
9.496274412133027809e-01
-3.230392992958552867e-01
9.913671422804912758e-01
-2.488425752405811764e-01
-2.601339113116394319e-01
-1.087451200808313700e-01
-3.261575133645289171e-01
-5.794031768822154316e-01
-6.627643752137613031e-01
-4.002645484704969725e-02
-5.921737594778884173e-01
-2.623163703714990191e-01
3.231893517495583179e-01
-7.257810718856461119e-01
-4.022057683285271690e-01
8.935138599880205756e-01
-1.528019312259472073e-01
8.906312595330319049e-01
5.643173688311773351e-01
6.461746522368203571e-01
-1.638090375391112463e-01
3.228440759974968710e-01
1.412745953518390607e-01
1.973948899926192269e-03
-6.297700934837247022e-01
-8.328467378217283557e-01
2.573578508500795614e-02
3.654764283280864667e-01
6.322057169274761801e-01
-6.194828104717391426e-01
-6.047882321257389560e-01
-2.394562840251477365e-01
-2.331103989850784597e-01
-7.830488275258493669e-01
6.924006048985429373e-01
-9.919718001224977488e-01
-6.356368910396763550e-01
-6.732037371794366010e-01
9.875188411917583675e-01
5.966503939320906280e-01
6.256932416915608197e-01
1.518963210626496085e-01
5.007930147816197497e-02
7.282299783386541048e-01
1.791234660842118132e-01
1.721381501160808014e-01
-7.551584411181129219e-01
9.666170804930762639e-01
2.116494130586641376e-01
8.810943320859601080e-01
-9.140586106945258749e-02
8.434637324861333774e-01
-2.361683606650759604e-01
6.100119655659963502e-01
-8.953305726409028775e-01
-6.774302243155365666e-01
2.735408858659000852e-01
7.330593414081265635e-02
-5.985024594524732677e-01
5.679289494295161056e-01
-6.395763838686778779e-01
4.948568943669573450e-01
-3.514037696504626052e-01
-9.718957593449013554e-01
-5.281313171408230644e-03
-5.132694291308199652e-01
-8.693920230040741437e-02
-1.799412269696325506e-01
-2.372804968312349772e-01
-9.455696757055829238e-01
-6.464784478259957279e-01
7.130515628892968305e-01
-6.149069193697309643e-01
-1.060982972371091737e-01
8.814110123950700260e-01
5.352477516961431370e-01
9.120503285787082692e-01
-9.364694771712123167e-01
-5.005920438639908099e-01
2.995355191187663024e-01
8.756191144392144743e-01
9.580989229307312893e-01
2.313331602094526041e-01
-2.368182067168167482e-01
7.844351006482868094e-01
7.994503547750404504e-01
9.730265943712290699e-01
-1.635267254872838638e-01
-2.574186700086857904e-01
9.103842705161730997e-01
-2.590265886917342275e-01
4.168697300606025724e-01
6.439425319434421979e-01
-3.996508932058606689e-03
-1.164419968288088469e-02
-2.222821142400528416e-01
8.900385589657389129e-01
9.561737150570639443e-01
7.982179737428138910e-01
7.703465867013159496e-02
-9.716558030875901419e-01
-3.482589488882865680e-01
8.192282592093549365e-01
3.625604202034151680e-01
-6.249432364830886932e-02
-2.466051747126456473e-01
-7.615729477372221723e-01
-5.162012112926617213e-02
-5.635661504293747459e-01
7.935586654648427718e-01
-5.665692170243246117e-01
4.446244988362615391e-01
8.216627146541866100e-01
-5.486513974238105273e-01
-8.406763196503135305e-01
7.612570696068861054e-01
-4.467226908113697270e-02
-2.708570552815978694e-01
6.264423001050560824e-01
6.633382134866370183e-01
8.944828273369100913e-01
-5.883138273240571259e-01
1.264115305109192455e-02
-9.643001052217752278e-01
-5.505175192077380597e-01
9.251728962655187960e-01
-6.137615964108922295e-01
-8.009062596798219857e-01
-7.414748109392692577e-01
-7.908150189067768565e-01
-2.405734251868718587e-02
2.318566316251224890e-02
-4.422138938751474235e-02
7.064574925932904925e-01
-1.465287779968851289e-01
-4.391644274864703323e-01
4.092470249612207844e-01
3.685988622267839521e-01
7.815563909176403978e-01
6.164733400796245100e-01
-5.300834963931690957e-01
5.982723934015750089e-01
-3.461981553693882496e-01
3.746023390177097845e-01
-3.510535216131367431e-01
-7.831814990465317816e-01
-4.243257390057082468e-01
-1.404935130689322076e-01
3.554234034673879883e-01
-7.552198958145761587e-02
-7.650204668501632277e-01
6.284485235806482883e-01
8.363752666553287973e-01
-3.699735150370009329e-02
2.525333863629954934e-01
9.606571553589431378e-01
5.929661389729596888e-01
1.592401920198560639e-02
1.201715030692382946e-01
8.431943712097700327e-02
-9.405399708070538711e-01
-2.656680763846086535e-02
6.495803249058380580e-01
-9.810934975304517192e-01
2.410070231906444871e-01
-6.542542138367675175e-01
6.766732068712792980e-01
5.846498227796057545e-01
8.663848605435215955e-01
-3.038326768349675078e-02
-9.844687893515404742e-01
-6.252834134509861475e-01
1.231533602576750930e-01
7.741368799306838078e-01
9.962293569672375781e-03
7.741054997777285784e-02
-3.896783832530976710e-01
-7.808380997632560216e-01
8.076611864839255972e-02
-1.193845742554280331e-01
-5.167173256056083464e-01
7.675557969828612492e-01
-6.885719596386898900e-01
-7.634716135253594160e-01
6.686350236092555299e-01
-6.642526535735384652e-01
-8.227174632788747388e-02
1.861268737574490739e-01
-4.585735913577346778e-01
-2.443941468994617061e-01
5.476549174641047735e-01
-9.987005298429096900e-01
-9.101984592430298893e-01
-8.729804679452279892e-01
3.394915831978209120e-01
4.161776188572900992e-01
-1.844528422633673337e-01
-8.464955500980511083e-01
9.398691073586353806e-01
5.019974747421029893e-01
-1.723934816081977850e-01
5.340115366119315699e-01
8.120314606922263145e-02
8.389030825775556366e-01
5.835020202716942883e-01
8.676801785998409233e-01
-2.357738870136589782e-01
-8.965822098839084653e-01
-9.634445586181699106e-01
-7.260417936869127953e-01
8.890494233461618823e-01
8.175943834750765138e-01
2.122213850647223232e-01
-2.708087670217969034e-01
6.334037072540108504e-01
3.771625232642130676e-01
-8.295361401298984028e-02
-7.983721722831131906e-01
5.849003878857770289e-01
-5.459105923383344994e-02
3.821215241294591003e-01
4.770462982485961234e-01
9.517621379857528208e-01
-4.196044037322053111e-01
5.072577162029623388e-02
-7.277004624770735397e-01
-1.426631850837201121e-01
1.750214022651441770e-01
