-2.970484945623950157e-01
-8.666407503272448576e-01
-3.822391011540429151e-01
-6.575915790766306834e-02
-9.580368375422876337e-01
-9.336341231374474248e-01
-7.711725838202447836e-01
5.176657701941169698e-01
3.003674895807004752e-01
-8.368233841117342919e-01
-3.061390463993554079e-01
-4.151131812815895827e-01
-5.087843757879211282e-01
2.329356865204310623e-01
8.910279690018700904e-01
-8.880296362137418686e-01
6.810405303112831987e-02
8.401258318663524793e-01
-3.332219681614945195e-02
8.650576425805274194e-01
6.162052134556559313e-01
6.933836459752276138e-01
-7.530273472138311330e-01
-6.496791816068998582e-01
-8.575084830264465552e-01
9.705864602937857022e-01
3.530090427892940141e-01
-8.673055250852512721e-01
1.039791831529490729e-02
-2.196281274948681528e-01
4.345839601728314072e-01
5.959531651741485359e-01
6.933836459752276138e-01
-1.051191021210788890e-01
6.792475286316936867e-01
4.831807510433037134e-01
4.396711563041739712e-01
7.837191140572525860e-01
4.008680314358559205e-01
-6.310607019154621522e-01
8.273818103472903029e-01
2.413656578632781269e-01
-6.011636280419860867e-01
2.252928493719357217e-01
-7.776202622838987999e-01
-1.844885836721388284e-01
2.798444151149603876e-02
-4.895674992153442595e-02
-5.443515280495851982e-01
7.857728919315110083e-02
6.202487537710399401e-01
1.644896846351584507e-01
-2.471488644229258291e-02
-7.534147282785004229e-01
-3.383995716275465249e-01
-3.062573025479196076e-01
9.594019503873709720e-01
5.563838355941923552e-01
3.180706890852389446e-01
-5.349728859234417211e-01
4.311616945159426617e-01
-1.597080291976167299e-01
1.664961310952943752e-01
7.677185102307853004e-01
4.050130718257756168e-01
9.461013058807925535e-01
-9.598876363770081355e-01
8.061483864343201855e-01
-4.652456059253400333e-01
-9.985320606063223803e-01
-5.099907598280160048e-01
-5.715176387799401070e-01
1.597192858579243868e-01
-6.437539397423854837e-01
-2.364262926966891332e-01
6.236259524067524485e-01
-6.594566107333543759e-01
1.309423772481117521e-01
7.959167923789154386e-01
4.964054435330613746e-01
9.355170713980316410e-01
5.923753483714959689e-01
1.597544041598342179e-01
7.648123361515504204e-01
-1.809661517479332904e-01
-4.078218004760849613e-01
1.943956626245313402e-01
3.707220642518351816e-01
7.529430825054990173e-01
6.688749879841933144e-01
1.211200360055091352e-01
9.547294637856393873e-01
3.547221320541753542e-01
5.552234092361552076e-01
3.648598115691490396e-01
8.211627589079792955e-01
7.080111827235642252e-01
-7.235656265507752760e-01
-5.192190757713501803e-01
8.639792558602381600e-01
-1.361161253584617370e-01
-4.250575793833251126e-01
6.614518651987184583e-01
4.597029031627943851e-01
1.041940042872491201e-01
-4.497577176323972470e-01
-6.575915790766306834e-02
1.618309034807696722e-01
-8.835204039983264312e-01
9.050998501689282438e-01
4.272165854137415231e-01
2.785593370059238350e-01
6.865832128430473524e-01
4.586043567601905124e-01
-9.609832949081802411e-01
5.941883584257767748e-01
9.545367512590581249e-01
7.362099030610158579e-02
-7.834841594090069528e-02
3.736993643401307352e-01
-6.452558420620306823e-01
6.170912862171322733e-01
9.251689891767755913e-01
-1.702686104753985408e-01
9.568606652883899777e-01
-5.124300083054280641e-01
3.359773267332242241e-01
-6.277716586274724175e-01
-2.291750019711988884e-01
-3.580189093342747153e-01
8.861533177050000543e-01
2.292712680847608375e-02
7.660646471643712818e-01
1.240051190711022322e-01
3.937889695237235532e-01
5.338852422298825395e-01
6.616751164842411548e-01
-2.362394666310732028e-01
2.554406386164078668e-01
4.458767547543152077e-01
2.989874146269335675e-01
3.248443673551519861e-01
6.689986926729656336e-01
5.676650775002483051e-01
3.615740918314718222e-01
-6.943789287052763992e-01
4.241665270416037359e-01
-4.835110323393598808e-01
6.183889994545261892e-01
-5.903467346501034552e-01
-4.732264622973427759e-01
1.070666595851028635e-01
3.775970978224116870e-01
8.163355102707010591e-01
5.369654041817126799e-01
8.450906428926834302e-01
7.370901967393428400e-01
-7.270551537708564993e-01
-4.750016253595938931e-01
2.830603677661909234e-01
-3.613756997090944445e-02
9.322962221408432892e-01
5.074516488046485474e-01
7.728864556194630087e-01
-2.156410598917961607e-01
-6.198918185397623848e-01
7.596313650416637309e-01
3.475223232115243199e-01
-1.871814030183946986e-01
-4.915401752468324670e-01
8.998690796527384350e-01
4.427949711528180732e-01
9.598856725609730134e-01
6.543983834635931363e-01
6.285032365980349756e-01
-4.477995350445851397e-01
1.962700096811438311e-01
-2.684244539548399366e-01
-4.096095384786644367e-01
-9.793746970687484676e-01
8.401258318663524793e-01
-7.118746471500707607e-01
3.931169137617114284e-01
-8.438187324062809136e-01
8.898145010657754206e-02
-9.147547469894925509e-01
-3.192485307502295200e-01
4.714192622187256543e-01
-9.313353414079321713e-01
-1.585853523082465522e-01
6.970977306388761452e-01
5.735785925764447235e-01
-8.225746174877539563e-01
8.740552001138259808e-01
6.620735037841487536e-01
2.264506674124127095e-01
8.071266490611626043e-01
-6.869852390295114741e-01
-1.526502991419476096e-02
-1.665949922617246948e-01
-6.678131225425962825e-01
-8.609931101559755717e-01
-4.675549749241492137e-01
7.837191140572525860e-01
8.267240826707995538e-01
-4.402401004098521753e-01
5.521391678544740333e-01
3.758119027323767458e-01
-6.294341048440128539e-01
7.845810283285450382e-01
-9.566706957885195983e-01
-5.886754115083010497e-01
-4.237469692140094502e-01
-4.514321938374399323e-01
-6.807138166105319854e-01
-2.025536294224514755e-01
8.525106251616505482e-01
4.958823100621927438e-01
-3.547385543330241475e-01
7.629999211289795191e-01
4.632107034871475459e-01
-4.229296277250009783e-01
7.551508799602446587e-02
7.643158095988766831e-01
6.530600652423597108e-01
1.237078991491822322e-01
6.184942448105399393e-01
1.070666595851028635e-01
1.907881579317471932e-01
2.684190665466981152e-01
8.836071133198615257e-01
-4.080126307217497583e-01
5.782209511967557614e-01
7.376961766440279789e-01
-9.784986410829608072e-01
-5.428458799513344868e-01
-3.793528754057302610e-01
2.819821034854232966e-01
2.261837482039963376e-01
5.011345677678000765e-01
4.169633108761507945e-01
7.791151967648191068e-01
1.064916068034467145e-01
-3.976404494661323064e-01
5.620029226164162672e-01
-9.772327116965040528e-01
-3.661427804229424599e-01
2.603360965723953147e-01
-5.336559163426968233e-01
8.073109364734722959e-01
9.462226213874844749e-01
-4.161212168006021006e-01
-6.224756977156518101e-01
6.707206396209501875e-01
4.768455644310598540e-01
2.861668744791638908e-01
4.924288980265938420e-01
6.115014063465986638e-01
-3.358540151225199999e-01
-3.027486520919064894e-02
-2.235925209712250616e-01
-3.072713006038398920e-01
-7.387707040142388326e-01
-5.310156798808030043e-01
-3.728916765060279470e-01
