3.928787198948648918e-01
8.136876698288544318e-01
9.092357448914438756e-01
7.354964475253795708e-01
9.131269801693187027e-02
-9.241498736726323493e-01
-6.935343450039055391e-01
2.282369253829468203e-01
4.773450632279334638e-01
9.427105921634124641e-01
-2.102023727830890643e-01
3.391708278413285704e-01
5.037670197793338023e-01
-9.937706775118089197e-01
-1.412111598654237632e-01
7.403202767107552873e-02
-5.164196522602984007e-01
-2.745979950651202817e-01
7.862341774262007199e-01
-8.387583977042178951e-01
3.140958947513297073e-01
-9.685550789081616152e-01
-3.664604020236714721e-01
1.421154260106631817e-01
4.299951672649422463e-01
-5.448571432319340158e-01
8.930904997848749804e-01
-8.681255547578439202e-01
7.031594606552351578e-01
-9.559037100508955831e-01
-2.950431291603226036e-01
-6.525056348079143476e-01
-1.573406686375755648e-01
-1.892200965442201177e-01
4.149462735795694801e-01
5.028222963305175597e-01
-6.504910151276193098e-01
-4.863411963251826897e-01
-3.410511581132134040e-01
7.165284903621431667e-01
9.092596800240237975e-01
-5.024012528832888513e-01
4.658971324014249404e-02
-2.662902571469096813e-01
7.685228463421340805e-01
-1.674544913203983576e-01
-2.794271473978120479e-01
7.961660578970322089e-01
-4.426283900083416434e-01
-6.178881746297106847e-01
-6.665402058584715128e-01
4.951995925778438501e-01
8.886571229128787941e-01
3.475476185694830189e-01
-6.634820315207101693e-02
2.818444703739200197e-01
-5.595340255222611692e-01
-5.460113820816814290e-02
5.179711631142562833e-01
-6.926908822000275023e-01
7.262697195147447271e-01
4.878792313480362353e-02
9.703455588499441120e-01
-7.841190345877007140e-01
-6.575026893021183039e-01
-6.658021476605293643e-01
-9.930607199010328401e-01
4.249891820302018619e-01
4.529481674094599786e-01
8.681749084124019689e-01
1.555640273384053529e-01
7.361278991730548782e-01
-6.536507560635413938e-01
-7.155497331250217918e-01
-6.558141173443885474e-01
8.444522806672947191e-01
8.604501723580435524e-01
-7.079371651505810270e-01
-8.326664504741834172e-01
5.796327645674950180e-01
8.036110253078738719e-01
-3.677712844337668319e-01
-2.931700630335856150e-01
1.224860994851248996e-01
-6.069323332014366912e-01
-5.275760942492313532e-01
-6.996466057510675185e-02
7.354964475253795708e-01
2.651358398598342436e-01
9.212113158447832184e-01
-4.390072154670585647e-01
9.321376477030376417e-01
2.199589951255864761e-01
-2.600969629429394914e-01
-8.385777405335561596e-01
-1.441949877260582102e-01
-2.909604587950336274e-01
-6.786912022545334988e-01
9.781139717275477707e-01
-5.074435617026844536e-01
3.219460737450614563e-01
-3.820026938284188933e-01
5.142308842402343316e-01
-6.552683278892812435e-01
8.327057586402071276e-01
-1.691070870601809606e-01
4.333919475797458620e-01
8.079392697847769256e-01
-4.390072154670585647e-01
-4.377670836233971130e-02
9.207426818469028884e-01
-9.949079022070148604e-01
2.115910353934282728e-01
4.597518203164292494e-01
-7.165540022730938485e-01
2.556623637522159598e-02
-4.397130748826911795e-01
-2.208700109779804244e-01
-1.383251015712163579e-01
3.879707978219539832e-01
-7.508543526573130400e-02
-8.468136847833906966e-01
4.122599684261691877e-01
-5.803007571899270189e-01
-1.189190385593659194e-01
-9.151958213582658264e-01
9.053384187098716396e-01
-5.948286357849053019e-01
9.703455588499441120e-01
5.475458649788160770e-01
8.614187016770711303e-01
-2.223739352471398867e-02
-8.684101448214998076e-01
-9.173361829935011702e-01
5.434860513452601793e-01
-1.173407023437886831e-01
-7.361260470654726884e-01
6.483760024867220029e-01
9.975928926173294187e-01
-9.270518216295051683e-01
2.316522465209405190e-01
9.948649155732471883e-01
4.325289075222746860e-01
4.829236973610449013e-01
7.260557765821040732e-01
-5.888255976628409272e-01
6.382213291976901459e-01
5.481801431063564323e-01
8.280774044744063644e-01
-3.920367459617373207e-01
-5.799011178759980734e-01
6.060590884591827709e-01
5.835166188285147992e-01
9.280167531404814873e-01
-2.010407249105843341e-01
-1.281918562945749684e-01
-9.881080175533933918e-01
7.319711423878632051e-01
-5.715696383184651896e-01
-1.486410788662406723e-02
-4.502997526613272683e-01
-6.854185866782906977e-01
1.925941589466733106e-01
-9.207043025414494153e-01
-9.445934296172013855e-01
-9.188796604775828492e-02
-6.123870795057821947e-01
-8.646824568194177996e-01
-9.617539776582391120e-01
-2.305236022650869465e-02
5.104275506259772222e-01
6.856500036476664839e-02
-1.690211870951066064e-01
8.297250104709270602e-01
-9.985339543585811661e-01
-8.656491121686005208e-02
3.387380610523438307e-02
3.410005406197866851e-01
4.843125814513362659e-01
5.402520627182343382e-01
8.310536231783776095e-01
8.301096573924962030e-01
9.588429982653126071e-01
3.987792046537976809e-01
2.060366146565035805e-01
-5.497302559871921623e-01
1.432302045105762200e-01
-2.477226745915912520e-01
1.254471423051770618e-01
-8.120303351604518660e-02
6.232819080265534772e-01
7.014142226258139878e-01
8.358237518131894639e-02
-7.192642239876707588e-01
-1.713033914340154062e-01
-8.507923270256445569e-02
5.592661341437099587e-02
-2.998841071041646877e-01
-8.911998933267577527e-01
6.545209967106080384e-02
-7.691648928095682347e-01
-8.220851534423356810e-02
4.676786362075080472e-01
9.411425193572751091e-01
-6.658630254904716050e-01
-8.494902261728731752e-01
-9.201540806686681062e-01
-4.585905611394542891e-01
5.587119809461222886e-01
5.220688344845496598e-01
-2.185337966408318344e-01
4.198379033637358315e-01
-8.273461135749351492e-01
4.523055192752527542e-01
-5.501248430579748216e-01
3.088053270939767891e-01
-6.607643894365589077e-01
1.639354135865023210e-03
-2.661326584094703129e-02
4.013110343450485562e-01
1.760501596984949124e-01
-6.911238591658419583e-01
-7.167402946351395521e-01
-2.572432312190644499e-01
3.637098959286366728e-02
4.364508587042292831e-02
-1.300647888886528047e-01
9.106255486956471579e-01
3.169042405404423057e-01
1.637912522888260725e-01
1.033966254183402711e-01
-4.788172280638831602e-01
2.052734445968185106e-01
4.630757146046200479e-01
9.973389156286347479e-01
-6.858099559065977679e-01
-5.856243549784740932e-01
3.554313991982660514e-01
8.470960015128619069e-01
-2.021474925547548374e-01
-4.005261876184158520e-01
-5.085461116764744549e-01
2.431589406356911010e-01
6.236188108611369074e-01
4.444300460076056059e-01
-8.471052438333699364e-01
3.330756074015430723e-01
2.343101411104449028e-01
-3.213866547103072513e-01
-1.632128831272636749e-01
-2.968929654126402085e-01
-5.072028129792680584e-01
1.712012059975391853e-01
4.260182185932890331e-01
2.352431551566147583e-01
-9.347652171599556414e-01
-8.056833522802242520e-02
4.626867561065191037e-01
-9.885682017198413885e-01
-2.853613092451072752e-01
-7.184818920766358197e-01
4.719123679970278484e-01
-1.408694976926871956e-01
8.458007599291543777e-01
-2.732892170722522884e-01
