-1.863928165226451217e+00
1.985716034583285161e+00
1.076477785384660102e+00
8.363345321748207883e-01
-5.467904337599505116e-02
-6.936230846831752395e-01
1.518033216071711822e+00
8.941821652329345893e-02
-1.354915990296171602e-01
-1.149997917186089680e+00
2.863031140321509849e+00
2.846322015642654968e-01
6.300393586780574928e-01
1.018681867712079692e+00
-2.133010971476365647e-01
2.633240313606341143e+00
4.059582465489191550e-01
5.947292445995067123e-02
2.250817494926108386e-01
-1.624406817347052945e+00
3.461623390006490553e+00
3.553924129175312085e-01
1.499682583508777700e+00
1.576966144662111713e+00
-1.770657781295884803e+00
-1.560432537467405290e+00
-1.103250272369371121e+00
-1.764841656367522660e+00
-1.904693160725226542e-01
9.924625329292429132e-01
4.485319865600665423e-01
-2.126945025417284363e+00
1.562572954401339587e+00
2.236313210147585107e+00
-2.576147511131435142e+00
1.877421585643239688e-01
-2.673059498622361030e+00
-1.023603927262770830e+00
-9.396033102622758371e-01
1.860635135292653342e+00
9.221001522884177959e-01
5.078673264306621249e-01
2.865499240021714300e+00
-4.089316449198512893e-01
1.655472424736318837e+00
7.526691989213193379e-01
-1.792563507073210438e-01
-6.490819723414152920e-01
-4.269942180067334836e-01
-3.810871250778441466e-01
2.933916066718362803e+00
-6.515954084942474633e-01
-9.368299112082634217e-01
-8.474938108046964347e-01
1.760301030711618919e+00
-2.617090444338444843e+00
-1.632095034539911560e-01
8.513414932829619364e-01
1.402528125906023604e+00
2.057038505563814734e+00
-7.659721776564376583e-01
-8.944800520696105650e-01
-3.561547173031844871e-01
5.991447077101026419e-01
6.063712933438272223e-01
-1.801647204118634438e+00
5.404195250202570300e-01
-2.280588294223885093e+00
1.887145282274287572e+00
-3.496785202580313667e-01
2.310815602322831563e-01
1.753603055839669134e+00
-2.540026627332997222e+00
-2.258892988488216957e+00
-5.784580565633390847e+00
-1.390654680473589977e+00
-8.716857959974280146e-01
-3.007515655276413735e+00
3.171335907481984684e-01
-2.215326603496484470e+00
2.158964520720118296e-01
1.790184723459399274e+00
-1.550758437314973648e+00
-4.715893102101124668e-01
-7.869051126743242808e-01
2.506674711073839656e+00
-4.263680447593580780e-01
-8.196718780667267001e-01
3.094604455083130201e+00
2.045302116969830664e+00
-1.412530650062822302e+00
-3.903428156043227126e-01
2.353136666491389750e+00
-6.521739471173171321e-01
4.286115914878378952e-01
9.712875696475187226e-01
-2.231052058680338845e+00
-1.174068180807951833e+00
7.209918812662944321e-01
-1.352201521517532035e+00
4.656316100741095809e-01
-2.531054408961179281e+00
1.739204576587980222e+00
7.066311421929416525e-02
-7.443984632414610836e-01
-6.362304341858810997e-01
1.586071897319692559e+00
-8.093034821382076860e-01
-1.708788235030533675e+00
6.732721991207880619e-01
1.309967234796864943e-01
4.215979148606279203e-01
-2.386320310718081039e+00
-2.871788337210711695e-01
1.298372281158731933e+00
2.025001813015302243e+00
-2.825904471798668993e+00
8.435010042500890037e-02
-1.988048163836121374e+00
4.647543970291825310e-01
7.381904140935835468e-02
-1.055736092309733642e+00
-1.629978032530576826e-02
3.179849231453062863e+00
1.935036498453696296e+00
3.601421911272487009e+00
-1.338534385055403453e+00
-4.462353590699702499e-01
-9.418226858736769014e-01
-3.554961918965743983e+00
6.679030548359150554e-01
1.426234608553016703e-01
-1.392502010734705475e+00
-1.276299037735339148e+00
4.566049434723784550e-02
-5.524329249807655717e-01
-7.825675183721563233e-01
-2.128635730014607486e+00
-2.497608144591917601e+00
-1.241711829135137446e+00
-6.466104261576612888e-01
-6.358576177076700198e-01
-1.593836345844064972e+00
-5.048822008008788664e-01
3.714960559867912515e-01
6.355759901896018693e-01
7.197156612655919439e-02
-9.147301395504864319e-01
5.555797556865029740e-01
-4.528522762271792734e-01
-9.181950063400510231e-01
-1.056319177215721439e+00
3.000217008466413926e+00
6.777057510945612151e-01
8.022573155953871549e-01
-8.406088194664864677e-01
9.286756523305050859e-01
1.566669892397321462e+00
-3.920050095334688400e-01
2.151097172753299314e-01
7.132533377736942626e-01
-2.101545694674828990e+00
1.888227511756037924e-01
-1.170487219908950216e+00
-2.697303135528879459e+00
8.675703289602465507e-01
1.541474012982426478e+00
-2.676589001143235169e+00
4.467586900578385811e-01
-4.863295816034793884e-01
2.794733508992817139e-01
3.107467313902990691e-01
-3.047603937587618272e+00
9.167537187493524087e-03
9.070501727336174325e-01
1.713154251987147658e+00
6.847972071198731303e-01
-8.493356133917799866e-01
1.403650759907639767e+00
4.729304705139725784e-01
-2.303163438437418442e+00
-8.922836835029035463e-01
1.021390181569149513e+00
-7.617850008059159350e-01
-2.996367464837470074e+00
5.464571502212947074e-01
-2.305726541623387416e+00
-7.329944543421674785e-01
-1.924714042434161332e-01
1.741151805381668805e-01
-1.563807412536511787e+00
9.023838730605379110e-01
-3.057900815186656018e+00
7.996292495705268344e-01
-9.677083075014480951e-02
-1.804011249015297524e+00
-2.430730152129942034e+00
9.331587410304622576e-01
-4.204238004840554765e-01
1.974602740074681284e+00
1.424287974857240346e+00
8.760116317157909949e-01
1.281219173538174383e+00
-1.746478645613246394e+00
-8.445408667177836115e-01
1.972476814216134189e-01
-1.334759458778919106e-01
5.015871444322650419e-01
8.687962543788687597e-01
-1.180382508463514668e+00
-3.550167086474027123e+00
-4.816494347414893573e-01
5.790887156123003532e-01
2.912077082309667553e+00
9.239602505219122186e-01
-3.106132529369314721e+00
1.826572352247418429e+00
-9.444705010010034929e-01
4.888433019359416098e-01
8.048463351806325328e-01
-1.223928124490935243e+00
6.848910624245969636e-01
-1.178291885840101028e+00
6.699374103403668013e-01
-2.430393071734035626e+00
-2.572973367056191063e-01
-1.492176138515728612e+00
6.411220254756038184e-01
-1.577456026978714121e-01
-1.890047468231691008e+00
1.224794858077433990e-01
9.951530276709621425e-01
-1.841316844776559769e+00
2.973404058089191837e-01
1.416587440567811385e-01
-2.246650543986431714e+00
-1.113235772361906850e+00
-5.307923938989702606e-01
6.964805543873636706e-01
2.616349836274094898e+00
6.999376213069086194e-01
-3.020221369934705802e-01
2.124274054163610703e-01
9.852479954669541851e-01
2.383401182532001172e-01
-1.180224763326295445e+00
-6.415946527669553756e-01
2.766523950257416820e-01
1.638164346488523826e+00
-1.779818793160477863e+00
3.037565697947778531e+00
8.554093614633290210e-01
6.485883619557819557e-01
-3.523876539806939379e-01
-2.308158525602349798e+00
2.859675800073079310e-01
-1.504956149396581067e+00
2.075116375371541810e-01
1.913224176238287999e+00
-2.990426036983226066e+00
-1.090997426799019676e+00
-4.689196377651331793e-01
1.189104183716596541e+00
2.297086521342340537e-01
8.092380797180789287e-01
