-2.355675754071371308e-01
-1.260390833481840556e+00
-3.587640653395646417e+00
-1.074671076007361226e+00
-1.742124079317996177e+00
7.111686903200380439e-01
1.764361149812612162e-01
1.072256319910624534e+00
-1.100473166481369613e+00
-1.840458189945857859e+00
7.491405974619312624e-02
1.585612916762086266e+00
-2.574358917667607827e+00
-1.693137350859499124e+00
-1.637829111617625122e+00
2.093101575395737157e-01
2.492936446390217053e+00
-2.756675281965291102e+00
7.107367474254218109e-01
1.071955164954093043e+00
-1.361845522497941552e+00
-8.394713278328270745e-01
4.730891137386056267e-01
-9.750784250335924330e-01
-2.583050444734597217e+00
3.102481401015871665e+00
-2.605407334944197295e+00
-9.483937112974953898e-01
-2.172550364502300324e-01
-1.770195052203861863e+00
1.175731912423620518e+00
-6.222083005946053014e-01
-3.685115046020318030e-01
6.679160609622536882e+00
-2.238153264182993318e+00
9.021426983009377398e-01
2.798322624824043925e-01
-2.784081554869976216e+00
-3.835581063361850784e+00
-2.045972399013955112e+00
7.600243123312018234e-01
-1.731078931094573781e+00
-6.879957240137190011e-01
2.051659752887958987e+00
-1.389148804333010467e+00
4.010523314002990558e-01
1.989086068924561523e-02
1.338002488428099879e+00
1.269466058470988923e+00
2.046788938331993712e+00
1.057452492408640143e+00
-5.217103219966873207e-01
1.380207793480930256e+00
-8.549340666145656131e-01
-1.829564235218180124e-01
3.602321423842953507e+00
2.982702091827011515e+00
5.484415669427539441e+00
1.910017754688872138e+00
-2.097113747133581008e-01
-4.609581351212568734e+00
-2.382754737356297170e+00
-3.461040596461322227e+00
1.377137409458861761e+00
-4.732703242790941900e+00
-7.927208409352077823e-01
2.697786903600217556e+00
-2.787969068212508006e+00
-9.095002884577001456e-01
7.164808676545282307e-01
2.443258536625536603e+00
1.398084276607753695e+00
-2.057566863220189557e+00
-3.447842100677596555e+00
9.890297644354918427e-01
1.223328361751772286e+00
1.213333690537812704e+00
1.143410304244929732e+00
-9.117000594279875969e-01
-8.045078968693339938e-01
-2.730246612913810544e+00
-2.510335667818610172e+00
-2.952715449258181302e+00
7.908966347655633555e+00
-4.945680746546510242e+00
2.308719607922979478e+00
1.354341960121900224e+00
-2.001179296959069820e+00
1.571060291720897117e+00
-5.008289917237600974e+00
1.409620124856416634e+00
-9.691210228107058899e-01
2.197133667074028018e+00
-2.119498039400872447e+00
-3.803599234811043228e+00
-1.749981553103442167e+00
5.889613257057049189e+00
-2.734312271931412242e-01
2.563701745184497227e+00
5.561672937487972312e+00
-3.754252495050684146e+00
-1.606374009851395002e+00
4.395170769377471087e-01
-9.210983618524849481e-01
1.491386357162067799e+00
1.323010263658134900e+00
-1.080364964047355603e-01
9.608191865505515405e-01
5.479721511799955369e-01
1.882071840355103998e+00
-2.050028132245808266e+00
4.963525536735007293e-01
5.159159740774676983e-01
-2.403622326958620548e+00
3.050305041712656262e+00
-3.804951634139102090e-01
-2.939176279553439297e+00
-2.419972859907848939e+00
-1.748269150919604886e+00
-2.842984502950673509e+00
3.001519221675525984e+00
3.555030662043986212e+00
-2.321591844491194045e+00
-8.033934615395642576e-01
4.128362624959033056e+00
4.418496231265582885e-01
-1.615768733571578908e+00
2.432039186007604936e+00
4.698037788746625143e-01
1.980155246473176867e+00
1.047567731685073777e+00
1.419615176071780560e+00
1.632375113757965401e+00
8.085582435323708239e-01
-1.436515404923065953e+00
-4.396120277801546239e-01
1.744342275517244634e+00
3.417664559893605070e-01
-1.274787964382297911e+00
-1.537276745806311240e+00
8.406293421401189736e-01
4.622737082457670788e-01
-1.830917616555133964e+00
-2.228007563558811466e+00
-4.103238717025367244e+00
-1.678021467642581754e+00
-3.210299020249236968e+00
-2.928762921267860087e-01
-9.416455564992944893e-01
-3.183559634290326290e+00
1.181294038481527586e+00
-3.998906825418917954e+00
-2.525230308846061256e+00
-1.318924429749787963e+00
1.033925366311378991e-01
-2.083098358196091571e+00
-5.093848892173147291e-01
3.507677005584840302e+00
-2.461765783309501354e-01
-1.351740695530742276e+00
6.692963256598207789e-01
-3.110297521405862575e+00
7.337250644678017242e-02
1.601834229810154664e+00
3.344590340567473952e+00
1.034230339174044166e+00
-2.546228588194410669e+00
-1.283175877874711990e+00
-2.688623310056155624e+00
-1.153997555282187948e+00
-1.411296331980177676e+00
2.081673380137165630e+00
-5.101835365042637349e+00
6.530086355258474029e+00
-2.369303788964393753e+00
-7.724186949534372904e-01
-9.928235703313401106e-02
2.194615109030689126e+00
-2.322246432936835303e-01
2.762523370168942893e+00
8.965593444002760704e-01
-5.446158598939915052e+00
4.564169489449483308e-01
-1.435513755096272381e-02
-3.872657849582727962e+00
-2.376436848925160827e+00
-5.018423973367051261e+00
4.312700889913497759e-01
-1.386987981069007114e+00
-2.924478248673212377e-01
-1.729320236486641127e-01
2.493972110245993523e+00
-2.399162034255684084e+00
1.827762561747403813e+00
-4.082935600232306395e-01
-4.679602667833351326e+00
-2.052070335188703076e+00
-3.609012713201819267e+00
-4.727810566856971874e+00
1.018216363304986327e+00
6.503289998965654517e-01
3.981090210596452739e+00
9.165126873520038631e-01
-2.036882782041931073e+00
1.240955496735808961e+00
3.158462114819272415e+00
-3.645663394762375109e-01
1.621339075571071042e+00
2.359951853898309526e+00
-4.629249376485862766e-01
-6.569380781947944392e+00
-3.519847990645028624e-01
3.222138675555641818e+00
3.655088826874735464e+00
4.937639652952028335e+00
-1.300287301274408724e+00
9.901889741924845278e-01
1.292120555846230978e+00
3.050491575606393280e+00
2.775161385163142036e+00
-2.724601721450876646e+00
-3.657813914006100120e+00
-1.562261042881305739e+00
-2.558402411190054071e+00
4.838141040343247212e+00
3.367467109161143668e+00
-5.859308678234261825e-01
-1.711254197215903439e+00
2.709606780193816178e+00
-8.245775566717933325e-01
-3.538350728133148326e+00
9.522844438680494461e-01
5.204843492556930684e+00
2.085661816769355692e+00
-1.434387432879292712e-01
2.534855693386711684e-03
5.045841990317723180e-01
-3.165096863933475335e-02
-7.314351361404802798e-01
2.466661601772501378e+00
3.065459913917184309e+00
3.311698326192351605e-01
1.385780294429950765e-01
8.009791739148057754e-01
-3.521594983005962298e+00
8.144065493035256509e+00
-3.964492459121391477e-01
5.481786750504371586e-01
-5.079136646728377169e-02
1.179553636051140275e+00
-2.733589277061827971e+00
5.955812161099384161e-01
-1.289810564852314601e+00
1.419716335743703706e-02
4.580106605918985885e+00
3.069038926690152991e+00
2.513244498734767518e+00
-2.017279653743625500e-01
-9.147546233166238272e-01
6.393823457866452120e-01
-1.601715349564428736e+00
2.237813559434068011e+00
7.981885838357564156e-01
-1.608800562620723351e+00
1.540968870166316229e+00
