-7.373421846409706770e-01
6.060144966712126269e-02
2.329479507264440863e-01
-7.832905918885884056e-01
6.205138964350640496e-01
-2.049372594527144320e-01
-2.635587198229131234e-01
7.033646720227229032e-01
9.544123875386445466e-01
-5.188807011560794269e-01
-1.164819738654919445e-01
4.337090429653766566e-01
-4.857838460113490520e-01
7.204976578404712617e-01
-9.850509760747012955e-02
-2.097631488261290644e-01
4.148399161563247617e-01
7.920346335915962044e-01
4.782485645233301441e-01
5.982848444253501263e-01
-1.000000000000000000e+00
2.866773288236365916e-02
6.951136793752935028e-02
9.486527387110295084e-01
-4.749643052286389722e-01
7.789477894662069635e-03
4.199541485540029262e-01
5.285116531958367059e-01
1.560761712661767608e-01
-3.919338341104627865e-01
-1.722366546676832588e-01
-8.873193862299573187e-01
9.870137271039081117e-03
4.684417949255377245e-01
-5.085420206437898383e-01
2.401037590020740076e-01
1.409768952629535943e-01
-7.667217504395287264e-01
-5.955487974778677085e-01
-1.187051176283444587e-01
2.142065768967876815e-02
-5.892990056203704086e-01
-2.763804976516058831e-01
-6.764217467123848637e-01
-4.592334788277975810e-01
-4.207622712125404507e-01
2.552681377687084918e-01
-2.604291360646888154e-01
-1.852480101379591071e-01
-3.175265016750832003e-02
-8.565682945602969278e-01
-2.241553247979832519e-01
3.734085233941515369e-01
-9.471390882550811963e-01
-3.423761505137948302e-01
5.897284591530307929e-02
7.228193525322528235e-01
6.007654560939386101e-01
-1.541602075602845345e-01
-1.367520208381115265e-01
-4.175003359578685624e-01
7.207288342395476999e-01
-1.031067845404574357e-01
-1.980699393813336873e-01
-6.948598513255630493e-01
4.494907761959528458e-01
-4.179003698760554442e-01
5.251501881272195860e-01
-3.413557318699072529e-01
7.585967590475903854e-01
9.154845354372286304e-01
1.252151266384785577e-01
4.616497802051289234e-01
5.356249170792051206e-01
1.000000000000000000e+00
9.240450618506845792e-02
-9.002882239561755817e-01
3.535074284270935951e-01
1.247141667707069856e-01
6.816500579063807796e-01
9.780165195343034634e-01
4.227617612468744790e-01
4.096046315582688169e-01
-9.188820108678986687e-01
-5.302206091014278755e-01
3.438621645255014458e-01
2.965975826116423186e-01
6.322289092774068253e-01
1.433861681843099922e-01
-5.667860189427538220e-01
6.825626080486256742e-01
-1.000000000000000000e+00
-8.941609506128909146e-01
1.054278353448406674e-01
3.792970214678431651e-01
-1.414341595484199798e-01
3.513163756125069481e-01
7.505501112074497438e-01
-7.158657653672164667e-01
-1.658094639132796644e-01
8.339863094141419797e-01
-7.362472071935826090e-01
-5.684464918322446048e-01
-7.722293973619963614e-01
5.722528728746361093e-01
-1.000000000000000000e+00
1.511643921979743399e-01
-1.396521312597928388e-01
8.434256812251231805e-01
2.791376803895910808e-01
-4.193740536876446878e-01
7.652842879425993949e-01
-6.893108138724959311e-01
-6.749851686678438600e-01
7.430234499785015601e-01
3.408791814715117496e-01
-6.558053612209931993e-01
7.740768815999602426e-01
-2.312257201805020257e-01
8.228427747644669055e-02
8.553754638185462333e-02
2.468716082783901367e-01
2.737714975075253854e-01
8.275996264366856092e-01
-3.471665059503287187e-01
5.175530231661398251e-01
1.000000000000000000e+00
-1.523282930304872829e-01
-1.000000000000000000e+00
6.058787657030149099e-01
-1.000000000000000000e+00
-3.328615079807803467e-01
3.116865304984358653e-01
5.134403154711960626e-01
-2.378318858239785727e-01
1.483021201605569661e-01
7.364533384708945585e-01
4.298364215041104996e-01
-7.757184305681874559e-01
-7.678146576101083642e-01
-1.187149715810875555e-01
6.297625879156143469e-01
4.352686436108102463e-02
-1.000000000000000000e+00
-5.993656626621437500e-01
7.228573281663818184e-01
1.945771124425219600e-01
-3.381716863854478117e-01
8.897335004710780204e-01
-8.792813608194256503e-01
8.320183701473879978e-01
-6.475130492786326242e-01
1.000000000000000000e+00
-9.034493456523189081e-02
-8.461908865841166749e-01
-6.477246442098595347e-01
4.050233932452379504e-01
3.218868338941735519e-03
7.771773083358997358e-02
2.037857287456976141e-02
-7.480275925695957229e-01
-7.828500146266181847e-01
-1.000000000000000000e+00
4.757259666285792443e-01
-5.540760168856614931e-03
8.696031688424827877e-01
-3.773434635328747344e-01
-2.222675951591379651e-01
-4.362592555600871558e-01
-5.358095967310276819e-01
-6.409895818974862269e-01
-5.451036759006292476e-01
-3.079549088695196501e-01
-2.959554949948406399e-01
5.599026570832384975e-01
-1.000000000000000000e+00
-7.074886035173255650e-01
2.316429713830541748e-01
-3.668148790888030031e-01
-6.486947938434179939e-01
-8.466561060820571027e-02
-1.302924923599457496e-01
3.719583708398325750e-01
2.397759998158774386e-01
2.248730945379144031e-01
6.408371547140592206e-01
7.034863199947340995e-01
-7.947192154850322154e-01
-9.011579249356425070e-01
4.976122111603019649e-01
5.936382209882005295e-02
-7.515130028470641266e-01
-3.209913942471867010e-01
3.069743088188898739e-01
-3.036264243799730034e-01
-6.090469930011355171e-01
-3.409951049172068038e-01
4.546337932269118309e-01
9.356866994336553445e-01
2.618342622552113363e-01
1.975295825050204027e-02
-4.433463795074408242e-01
-1.309001506101303280e-01
-3.995386851619444624e-01
-7.283627540872780193e-01
-3.173221548191170194e-01
-5.952700902239782543e-01
-8.227272681600730220e-01
6.275129302415658472e-01
3.173963731146458023e-01
7.244846099278499096e-01
1.584469297668326948e-02
2.011405505474969102e-01
2.349395948167176118e-01
-4.528151801900415774e-01
8.532386304355944473e-01
4.043937979484995004e-01
-5.674219472064427894e-01
6.036924702852028979e-01
-1.546459487857747284e-01
-1.000000000000000000e+00
-6.386173214337682591e-01
-1.992916922395489288e-01
-2.133491685476859301e-01
5.929505109369793692e-01
3.482830206060955613e-01
5.277754612383110944e-01
-2.663980742355975817e-01
-1.854323851382545796e-01
5.237446415565744084e-02
-1.295991268565273025e-01
-1.000000000000000000e+00
1.495456544341464133e-01
7.683214079169204958e-01
-5.939900948388405766e-01
-5.842200825583611090e-01
-5.861797451152525595e-02
7.563615468804130160e-03
-4.519546565222857248e-01
-7.449898295792819480e-01
-2.108226934051406209e-02
-8.025621938836405844e-01
-1.007484230620510346e-02
-5.770932830509707401e-01
-4.062488243739755256e-01
-6.472512476132162851e-01
-2.954179515553174151e-01
6.343635069112164571e-01
7.630946476882805030e-02
5.906287741719282725e-01
-7.881990224162931380e-01
-3.963837787099752097e-01
-6.789956780730174168e-01
1.639466421596741941e-01
8.324225985826190222e-01
-7.814489701851231596e-01
-6.949002426500736629e-01
7.783339439431175011e-01
8.295541111109399068e-01
1.915261174014210033e-01
1.000000000000000000e+00
-6.390033361007503299e-01
-6.120611358916057121e-01
-7.246562845957728038e-01
2.245973245134548768e-01
