1.517032576257322241e-01
-7.245885945024952424e-01
-7.405129991547989565e-01
-2.897657353850036088e-01
-3.738682441833462988e-01
7.552633784295650354e-01
9.303373845057996139e-01
3.925051815668674227e-01
2.467271345343404754e-01
-8.700023294617607039e-01
-6.389462614756638015e-01
-2.223222083164078100e-01
5.129454085192977075e-01
2.286131385049494646e-02
-5.912409863855749848e-02
3.656654218732497963e-01
-2.724940924587333502e-01
5.888351528476785113e-01
-7.958833859777394437e-01
5.300757730749710017e-01
7.279645516320973897e-01
1.496790064659321295e-01
7.640419082447162946e-01
7.928091970598090121e-01
7.034270128482729145e-01
-8.215079520303913974e-01
-3.337064079750600154e-01
9.194044098656031228e-01
-5.683390045298644111e-01
-3.830391559920796052e-01
8.889518847231154819e-01
2.800122866623013795e-01
-5.816870249644949808e-01
5.435387470868653370e-01
9.615981820092989185e-01
8.297054660394540537e-01
3.925051815668674227e-01
5.136476433760837068e-01
-5.518771433515308189e-01
5.476660173318803615e-02
-1.188420949320720954e-01
-6.529154844911055910e-02
-8.985668204179884100e-01
-4.019620222234510099e-01
-5.204609612002379926e-01
-5.953575934370725076e-01
7.005324380677966367e-01
-5.134152316991409393e-01
1.618470525278761230e-01
-3.609825559092261216e-01
1.517032576257322241e-01
-5.570834403561695236e-01
2.286131385049494646e-02
-5.597879930164113560e-01
-5.945092328483718713e-01
3.814423481163453644e-02
7.294780890359500169e-01
-1.359908043439879144e-01
-2.897657353850036088e-01
1.286567900869612924e-01
2.800122866623013795e-01
5.190119333724021455e-01
1.327842746123217843e-01
-4.510023649710532823e-01
-2.362201369986538513e-01
2.933574135487082568e-01
-4.921460367788519363e-01
7.409725577671195662e-01
3.413835277699215354e-01
1.040928913360317232e-02
-9.270670149997071174e-01
7.690299090648393676e-01
-4.632246289892569813e-01
9.753515272276704895e-01
5.133883253614810460e-01
8.102457786656072081e-01
-9.782776253398206556e-01
1.947851115903032060e-01
-2.157103206345005741e-01
7.690299090648393676e-01
-8.056311949948666840e-01
3.376997085395130327e-01
-9.639087813353024448e-01
-9.055143090230266534e-01
8.703973453450197795e-02
1.817554869791389027e-01
-5.844693513471770352e-01
-1.998660351128151991e-01
6.806390059061007136e-02
-3.358867456102854199e-02
4.566602573067859439e-01
8.199694963648140877e-01
1.790779340251411611e-01
8.366792248614931538e-01
-9.231591963855190208e-02
-6.448778703465178896e-01
1.578057788563091979e-01
-9.833660785706384022e-01
-6.731042426422084723e-02
-6.613549042170043801e-01
-6.325147963878474666e-01
-2.652936560431604640e-01
-8.325993495067884886e-01
9.752297027576937172e-01
-1.849561286688583550e-02
-6.135547999722066326e-01
5.312707209617759663e-01
2.685478818795128397e-01
6.555693365014723106e-01
9.296010819287972016e-01
8.515851254418265182e-01
8.184620385754088900e-01
3.543586292199796262e-01
4.362173676185692184e-01
8.465894962959590320e-01
-4.806166256123500791e-01
-4.306714662151622797e-02
1.631269436612523549e-01
-5.009638277504093740e-01
-8.529901729216111672e-01
-2.078870925549600734e-01
-5.417145890554648791e-01
-9.396783039052403197e-01
-2.488867612667895468e-01
8.822297136702803577e-01
-2.014733398304715539e-01
1.480819378213249493e-01
6.015737810731536239e-01
8.199694963648140877e-01
2.138418634945178365e-01
1.209526094370128035e-01
-6.470629135894794270e-01
-1.252370974625165445e-01
9.755556395274886938e-01
-7.271670589681948904e-01
5.526079591431614091e-01
3.159958448409372345e-01
-1.359908043439879144e-01
5.888351528476785113e-01
-4.776476982584423325e-01
6.975372096155303403e-01
5.014613201588034030e-01
-2.420311944236619439e-01
-6.613549042170043801e-01
-2.652936560431604640e-01
-8.157835956224115392e-01
-1.130897215771595743e-01
-1.252370974625165445e-01
7.676701810065664766e-01
-2.297507008371300063e-01
5.621128784845685900e-02
-5.683390045298644111e-01
7.846443319468388022e-01
-8.859896195655458939e-01
6.148364327733952805e-01
-6.034225173206058113e-01
-6.391919016884133331e-01
8.029236153161889433e-02
2.573727867672737091e-01
-2.362201369986538513e-01
-2.437192225674411628e-01
9.076989014877652195e-01
-7.298503987417892525e-01
2.402209889137629784e-01
9.197329292640463727e-01
5.965672659314225079e-01
7.428219432495337671e-01
-9.748968714727994644e-01
8.023260670077709822e-01
-5.318792689403613050e-01
9.947308211152665613e-01
3.236885077994353654e-01
7.846443319468388022e-01
5.022322924665663102e-01
-2.652936560431604640e-01
9.615981820092989185e-01
-3.796343073540153767e-02
-1.513422924591787400e-01
-3.628008163832388000e-01
7.887270683597378262e-01
-4.103573198055479043e-01
1.155690459495231082e-01
6.252697200507395525e-01
1.817554869791389027e-01
-6.347135558459608973e-01
2.651191102341190486e-01
3.075882580674758060e-01
3.925051815668674227e-01
-8.384271719417528690e-01
1.217376939452390339e-01
-7.031595832088901599e-01
-7.022498244037072013e-01
-7.908275680688747755e-02
-1.973197837766134111e-01
2.687976436567662830e-02
-2.014733398304715539e-01
3.376997085395130327e-01
5.965672659314225079e-01
4.672696930628996714e-01
-3.602403284255213389e-01
3.236885077994353654e-01
2.016648930283846397e-01
-5.844693513471770352e-01
5.545308750448871837e-01
5.435387470868653370e-01
-5.134152316991409393e-01
-6.391919016884133331e-01
4.229405589682322386e-01
8.922238122152559292e-01
-2.968060867621460375e-01
-2.929639277433926381e-02
-8.966545166899937414e-01
7.460106798052843491e-01
9.753515272276704895e-01
9.151015920903082801e-02
-3.360134470598921119e-01
-8.357678827807024646e-01
-4.020871519793527415e-01
7.348223364164974125e-01
6.962883569589699562e-01
2.933574135487082568e-01
4.362173676185692184e-01
9.670913547312043335e-01
-5.009638277504093740e-01
3.129752492234121330e-01
1.209526094370128035e-01
-3.690604715267069569e-01
6.909241109826558258e-01
3.426784603501782378e-01
-8.195830198239950626e-01
-4.440895550856343021e-01
6.014884274302241263e-01
2.685478818795128397e-01
-5.549641041830128962e-01
-3.429788769493060663e-01
-4.148353963655488919e-01
9.697508880261369590e-01
6.718106153913141476e-01
-8.681257064048402139e-01
5.312707209617759663e-01
9.076989014877652195e-01
-6.044245228699101080e-01
-2.100706232516158511e-01
-9.708179716713913887e-01
2.402209889137629784e-01
3.413835277699215354e-01
-6.885247039598023644e-01
-9.617348326911718814e-01
9.712037093683387745e-01
1.618470525278761230e-01
2.687976436567662830e-02
6.303121673706724160e-01
-1.184408012384048359e-01
9.161061660034577336e-01
5.497913084003616113e-01
3.460822132964591624e-02
1.578057788563091979e-01
-6.347135558459608973e-01
8.608070689163849210e-02
-1.715644279053072374e-01
-7.177737351491115803e-01
-3.710922997375460941e-01
3.676685551717253642e-01
-3.941252877946486155e-01
5.497913084003616113e-01
