-8.292957589812106622e-01
-2.257812507333967211e-02
8.298342247998919952e-01
-9.585230792967140978e-01
-3.315668067674368835e-01
7.032909483777203263e-01
-9.428571545161112955e-01
1.518598884393380644e-01
-5.342821678056370871e-01
5.385883455437694423e-01
1.698528002608257204e-02
9.753986028201206970e-01
-8.703598533524901093e-01
3.681553722327268741e-01
2.870923656981241301e-01
1.295620082223369884e-02
1.659278035342368618e-01
7.661109471020870476e-01
8.536038620573236368e-01
4.574041851799865999e-01
-2.839170056577051682e-01
-4.429265442782932549e-01
-5.847975927777249172e-01
-2.015372543005899963e-02
1.468577674499191854e-01
7.873773583857108793e-01
3.444511571185726595e-02
-6.363823261292327338e-01
-4.702746806408839575e-01
6.137131096656869289e-01
-1.068311124360206144e-01
8.551020287379387241e-01
-8.292957589812106622e-01
-7.781788569067291661e-01
-3.447617779339569033e-01
-9.607435705579863150e-01
-4.652049287262749466e-02
7.761984346706376492e-01
-5.494977326797287898e-01
-1.528456051091096057e-01
-3.093838863633191494e-01
-7.473170041870287328e-01
-9.073178649320430278e-01
7.285601318373160495e-01
-2.897307567286742103e-01
3.427907407405970108e-01
6.078552211166454722e-01
-1.066364017961993760e-01
5.334665757326149116e-01
-4.056749123655833955e-01
-2.369537281532945183e-01
-7.494800193738817562e-01
8.329244015758980879e-01
1.349901466393954585e-01
2.997273869521732692e-01
5.092544562067973235e-01
3.987399357577536829e-01
9.823100873211776385e-01
-8.808830004225445265e-01
3.197643383899675396e-01
8.052416225027456687e-01
7.880857832976833066e-01
-6.400262251331634289e-01
-7.861710491158806491e-01
2.838814311638231391e-01
3.210866024860843382e-01
7.649634008635806115e-01
-5.110795293620638002e-01
-2.387834880554162709e-01
5.152389460651507491e-02
-2.040100214572881931e-02
-4.742646626976747548e-01
-8.645388993520075616e-02
-6.644888538634352582e-01
4.051124523202445094e-01
-1.240335440823390201e-01
-7.419563638095714175e-01
7.174497390840028910e-01
1.139000126239164690e-01
-5.293195956103151634e-01
8.902203090791860340e-02
-5.902600221051030882e-01
2.532487177383033750e-01
8.909473170954371746e-01
6.819677383439521900e-01
5.894834954260175230e-02
7.971022540578489579e-01
6.437876021815387428e-01
-7.509294808839364066e-01
2.348247295802534662e-01
-2.024230671171485252e-01
-3.240662763356993992e-02
-4.321201815125761403e-01
7.017452409726916418e-01
-9.256889335360969362e-01
-6.536791996551838402e-01
-8.228666417696766100e-01
1.810246611718493437e-01
-4.211895587650176243e-01
-4.313451998711159696e-02
-8.454696609915619554e-01
4.922290976073495639e-01
4.783279664700961220e-01
9.496938182713845489e-01
7.994034928667637097e-02
6.158782843985772804e-01
1.982205453529228834e-03
-3.588088588180120553e-01
-8.239580910644361822e-02
-2.595673881488911316e-01
-2.893648427873096729e-01
-2.206479874587594647e-01
6.799006096984117065e-01
-8.934569165398806856e-01
-9.634398627849201091e-01
8.938622532887576799e-01
5.643765787029713099e-01
4.912501985772577129e-02
3.788506473197661428e-01
-8.732632430632047971e-01
7.690235898383510627e-01
-6.527721550192406852e-01
3.983328302474555827e-01
-4.347085883312493682e-01
5.213427612642005382e-01
-8.485106664553943023e-01
5.541740829220846987e-01
2.558352104636270052e-01
-4.435749301553753021e-01
-6.977804772334961214e-01
-9.711740262098937926e-01
9.795203116629369600e-01
-3.971932887228923903e-02
-5.189734405302541820e-01
7.706036010650754164e-01
7.835179377123075994e-01
-9.461701835192575238e-01
-4.145611095995636042e-01
-2.853976099678361411e-01
-8.167441135697695032e-02
2.204786930493085606e-01
-1.093541196396312642e-01
-9.322341312635278321e-01
7.017452409726916418e-01
-7.143789725423268511e-01
-5.867550995041510564e-01
-7.649878197992987516e-01
7.612025973533529388e-01
3.320306319063113243e-01
-7.349295426689057553e-01
-6.678335297428221740e-01
-8.666000418168349206e-01
-5.455796534754366878e-01
-4.761902490901901430e-01
-8.190471037586810610e-02
9.499391820157792043e-01
1.659278035342368618e-01
-8.229061830049433368e-02
5.152389460651507491e-02
8.902203090791860340e-02
-1.511945595440877810e-02
-4.879865304250974312e-02
5.798709542571969244e-01
8.620590333921260839e-01
-7.419563638095714175e-01
-2.387834880554162709e-01
-2.801413266843204575e-01
4.337124977886033239e-01
-1.902392646763095829e-01
5.940615959182953265e-01
8.356672973573837648e-01
-5.768952069467090382e-01
-5.110795293620638002e-01
-3.983419450953797902e-01
6.261753547059987213e-01
6.266392321095781703e-01
-7.355219870255218506e-01
-5.455796534754366878e-01
-6.361718782842888942e-01
-2.892212815908594692e-01
-6.769032312349931857e-01
-9.857398304050284388e-01
-6.769032312349931857e-01
9.288418391596231505e-01
-5.847975927777249172e-01
-6.912140921041542985e-01
7.292719962115925547e-01
-5.186391546611042180e-01
-5.618024489131556720e-02
8.536038620573236368e-01
-3.669329176040503349e-02
-8.962455045217687655e-01
-5.517313061458550827e-01
-1.068311124360206144e-01
5.523924749113553467e-01
3.501552942765371323e-01
5.373591234527430593e-01
2.549067295717017956e-01
-6.442378624113940244e-01
-7.574547317181807848e-01
-8.228666417696766100e-01
-3.044765523269095109e-01
-4.339787230184357636e-01
-7.781788569067291661e-01
-3.041175144549719267e-01
7.706036010650754164e-01
-1.790971315212928072e-01
5.726579438252059617e-01
5.114270322493417176e-01
5.141484267363345406e-01
2.774953419799404131e-01
3.785432529294316950e-01
-4.304595681704961319e-01
5.024307690756899536e-01
9.496938182713845489e-01
-2.417667404006969001e-01
3.250223289297704543e-01
-5.991451844465256471e-01
-7.550035326476309816e-01
-4.429265442782932549e-01
-5.186391546611042180e-01
-9.380299234751670046e-01
6.158782843985772804e-01
-5.812083347676511025e-02
3.021641360047149227e-01
-9.322341312635278321e-01
6.024162764985161456e-01
2.062243323192065603e-01
-4.742646626976747548e-01
-7.446197499694384714e-01
-8.808830004225445265e-01
1.995900929289207149e-02
2.497987141368407382e-01
-1.528456051091096057e-01
-9.024798767392083754e-01
7.511849614714491974e-01
1.972647081320029194e-01
-7.355219870255218506e-01
3.788506473197661428e-01
-1.472078479103662296e-01
6.150413932104323855e-01
-8.606702760701117061e-01
7.408962305216104660e-01
7.664825144554692216e-01
-3.841662544180775019e-01
-1.611050629471186824e-01
8.298342247998919952e-01
5.039123401686713688e-01
-4.138368332347501788e-01
8.356672973573837648e-01
-7.460730817937166748e-01
-2.484177638408839872e-01
6.024162764985161456e-01
2.422444413377244921e-02
-7.143789725423268511e-01
2.222752560520280252e-01
7.426985658656182210e-03
-7.965800095070940667e-01
-9.684144173000608369e-02
2.661582003686511211e-01
-7.349295426689057553e-01
-2.361353472727811820e-03
-5.041512410858599580e-01
-9.917287539416392850e-01
1.810246611718493437e-01
