2.582604788975317867e-03
9.369808290610948109e-01
9.392015264064275115e-01
-2.351193807252284440e+00
7.603686484353069375e-01
1.422869586973433131e-01
-5.204238480197770356e-01
1.445979818219686353e+00
-2.064006636403435291e+00
-5.102478367640859991e-02
4.948422353784297512e-01
1.977528050744729038e+00
-4.366581548215422437e-01
-1.490291147141375339e+00
1.031183541822546568e+00
8.316722458666400142e-01
-7.649439600210417023e-01
-9.312250625750473354e-01
6.949158145598291481e-02
3.186269877995701050e-01
-8.374240075641776748e-01
1.852010948968563220e-01
2.768042865544546594e-01
1.612104335028373692e+00
-3.213498399290140584e-01
3.080254964891993019e-01
8.472073251090520563e-01
9.986942597005283861e-01
2.162994095436426178e+00
-6.237340098081446405e-01
-2.736573440253188494e+00
-1.545656453399769426e+00
-8.681884639768938650e-01
6.893768929014063573e-01
-1.412047210254683050e+00
-1.923116973515786921e+00
4.716466439870898864e-01
1.023009430390362962e+00
-1.385236366500816718e+00
3.083716278507451669e+00
-1.238233044735482791e-01
2.717614568962277932e+00
-3.338760848473928400e-01
-1.798794228494516867e+00
1.140740547293468854e+00
5.008325383444317547e-01
2.460315218931134196e-01
-7.825841489408124074e-01
-3.309946655258018677e-01
7.912013679999243543e-01
-5.811769623976885679e-01
8.451514019718013859e-01
9.782019937011198207e-01
2.066254511982620112e+00
1.069258871105952302e+00
3.084644938646401435e+00
7.406377401261802218e-01
-3.308696591308488699e-01
1.112776690792305345e-01
-5.888179014561423230e-02
-7.673754753563102327e-01
7.490917822659178826e-01
-7.195563352936835688e-01
7.179864089425475049e-02
3.558135338897997491e-01
7.167852758350514719e-01
5.015178770501207417e-01
2.542727167385548936e-01
-7.894531530943991182e-01
-1.497636182189693965e+00
-4.067614340730340006e-01
6.617415950851512907e-01
-9.005377745112408405e-01
-2.492483631161253044e-01
1.674216568829942409e+00
-5.290851319205713832e-02
-2.368470646364828625e-02
-8.558692780220180651e-01
5.314952651316768861e-01
-7.216210650316750019e-01
5.226117857616561224e-01
-1.596701759636742546e+00
-2.178200797363808228e+00
-2.453622051704666518e+00
-5.561333284309237790e-01
1.840652692150600289e-01
4.421285466402095743e+00
-9.628444536493595551e-01
5.927132853764105480e-01
2.860132821016684868e-01
-7.356017857433557738e-01
-3.313998418888068898e+00
3.511702859966528756e+00
-1.572535526285431251e+00
-7.529365389132656183e-01
4.102791284244993175e-01
1.290371029624567178e+00
1.127611250960538269e+00
-6.377363557336634958e-01
-8.042617853728242228e-01
-6.632228783843873154e-01
-2.453404374688691603e-01
-1.548716681892238878e+00
-6.178836147301733916e-01
-9.060056783826870852e-01
2.792572915064888139e-01
6.247953682036533340e-01
5.006167054466484911e-01
-1.835744766264103767e+00
-5.219829474491305410e-02
1.268944499182851349e+00
-1.471064625409430338e-01
3.689228958589529483e+00
-7.820742930113043778e-01
-1.883463972670801345e-01
5.637641033246549860e-01
-9.231016348163019192e-01
-5.100847459083368562e-01
-2.606257556000130204e+00
-2.320515803422940504e+00
-1.949377383720108270e+00
9.088066118559501305e-02
5.845870017081670200e-01
-6.267945188061527784e-01
-5.176185680847406045e-01
-1.709855881297718261e-01
5.969834143336861798e-01
6.138649303077512442e-01
-1.060643333882362427e+00
1.587983390175659704e+00
7.600941184025440389e-01
-2.777728286968132121e+00
-5.448055522985524313e-01
6.514206313960995143e-01
9.176704875980861154e-01
2.083454410917363830e+00
-1.135346178606556844e+00
-9.949868021382544114e-01
1.369769286497666272e+00
7.812935515370699191e-01
2.425405100709236539e+00
1.248602704938715613e+00
-1.781303751812471026e+00
7.084514053394936894e-01
4.048837538127125768e-01
2.439513349066459447e-01
-2.972166831246332297e-01
-1.251414190206609600e+00
-1.769656114970614924e+00
1.931036708906177068e+00
2.908509078275477222e+00
-6.887202533355947232e-01
1.257418734162793372e+00
1.192023265797734322e+00
-1.855377946990663496e+00
-6.081515789718228149e-01
-6.068983365148632458e-01
-1.999627984269875647e+00
-8.607224868019384134e-01
-4.561398896960825455e-01
-2.374345223918403747e-01
-1.790992224636381414e+00
-9.521623998980839332e-01
8.882287701406660352e-02
-2.771924876341220312e+00
-3.645481376918138228e-01
-6.155622571894234785e-01
-8.816877871376879172e-01
1.853751090208349828e+00
1.909826311758032746e+00
1.462462622429781423e+00
-9.940374112368621784e-02
-2.762760670736302826e-02
2.606333283573881721e-01
-8.072772650094601765e-01
1.048512574546337284e+00
1.292561478562932020e+00
2.468154860446336141e+00
-2.209163200358475798e+00
-2.288545912450361541e-01
-3.256450495586873384e-01
-3.410969314467724445e-01
-1.785774346875209639e+00
-6.502800847104148740e-01
-7.691966392053707358e-01
-1.726996251529834048e+00
5.345217575921885622e-01
-5.482697130951721398e-01
4.970635610756747313e-01
1.799206448817564752e+00
1.590237873433526072e+00
-2.851864747958282820e+00
2.711104504362080725e+00
-7.251613776024883329e-01
-1.890379762042466272e+00
-2.398425761581761684e-01
-1.132663350841587313e+00
2.028715140669575590e+00
1.994994036973440688e+00
7.912912022455936834e-01
9.704347782321023352e-01
-4.477429243020898397e-01
4.693171695805272492e+00
-1.549143810946036481e+00
-1.026808063491395639e-01
-1.236696201192814648e+00
-6.193969729573354233e-01
6.054012461473089468e-01
-3.033926206236592371e-02
-1.428262677069916275e+00
1.027001670150683887e+00
-5.754829202667299803e-01
-1.899456167157364872e+00
9.710079419000186562e-02
2.078464918821408602e+00
8.161787795123014444e-01
9.349825192435210486e-01
-1.487841999724814901e-01
-4.738398506899205165e-01
-1.335012944094272846e+00
-8.367735745742010955e-02
-2.158666307773998039e+00
9.229918418852758877e-02
-1.661581954639124392e+00
-1.594339952909325842e+00
-3.940413659995328777e-01
2.843788607414682090e+00
7.800493601657066955e-01
2.113225375784435922e+00
-4.087638158400407895e-01
1.328810157790245583e-01
-1.638388660989710033e+00
1.716139459754085550e+00
-1.260263288543037374e+00
6.074346138388876382e-01
8.251849938532958006e-01
-2.199582392895066407e-01
-1.313009089426862452e+00
2.008693517629817737e+00
9.088666350546751316e-01
-1.404140784378082318e-01
-1.481559244282334431e+00
9.438529063163989541e-01
1.291479839052012801e+00
1.292232906101435264e+00
-2.052937550197467154e+00
6.567062645294343692e-01
8.209240094886394168e-01
-1.682562854663661289e+00
1.909514484338690199e-01
7.577374499250264517e-01
7.963117373816198663e-01
-4.602173724922570264e-01
1.533331011313563863e+00
2.526139163396301512e-01
1.726654470218592419e+00
7.328589356627790430e-01
2.021652247072180941e-01
8.036449994551764231e-01
1.160888164851502813e+00
-6.463030331714394450e-01
2.201831634419858519e-01
3.380951749884263169e+00
8.709577460227265755e-01
1.412101134213227471e+00
