-2.321680327484064499e+00
-2.814590172138759616e+00
-1.504175878014258227e+00
5.238802799064772309e-01
-4.472200990066985682e-01
1.003846271403749046e+00
1.957091407690660478e+00
6.591767513535259360e-01
-8.621561886959757670e-01
-7.498761867898228184e-01
1.887620073920706076e-01
-7.912041114597210267e-01
6.449027443817600957e-01
3.271659811653589434e-01
1.024530568330240810e-01
1.003466669626755126e+00
-1.067631378039381129e+00
-4.421426559660894817e-01
-4.654177864107027496e-01
-1.701409403502141426e+00
1.892528671068468338e+00
5.467500069840869337e-02
-1.179974983723426130e+00
7.099106674198084610e-01
-1.999149705255014453e-01
-1.019081250710577535e+00
-9.504966651279291856e-01
1.563573904623062560e+00
-1.079297976032573825e-01
-2.443821558260619309e-01
1.604852656868845928e-01
2.841799402801103547e+00
-2.960767276624153510e+00
5.920214901554061715e-01
2.585566528203084857e-01
-6.698708928374036420e-01
4.569105650316296341e-01
-1.558926425643078373e+00
-1.224704083341275673e+00
1.180728317188346699e+00
-4.649949708497997936e-01
6.713929462634491419e-01
1.351828264415930292e+00
-6.878360722851037945e-01
-1.243804937074605599e+00
-2.967949836679447673e-01
1.024179852939625546e+00
-5.652054169251994331e-01
-3.260598435662827033e-01
1.028451209452948767e+00
-9.231922783198687199e-01
-1.866454893620932143e-01
-6.097336390647559723e-01
-1.332903216993503337e+00
3.091208025719685004e-01
-5.681305349547249861e-02
3.552778270248797110e+00
-2.580061822571182883e+00
3.708376571795835019e-01
1.257223319201049128e+00
-4.970693047497292683e-01
-7.544344459742560183e-01
6.781894936222914172e-01
-4.336398260538038008e-01
-7.354210508524594569e-01
-1.468799488815490939e+00
-9.429686008520035134e-01
-1.802234192841633220e+00
3.624306419170818527e-01
4.725003914455693788e-01
5.455671072724315174e-01
1.641251839183227146e+00
1.957457891741275713e+00
7.125416359149214784e-01
1.289303933052236673e+00
6.344038418119531952e-01
-2.096881033184359866e-01
5.753230861380154160e-02
-1.255241467412112844e+00
-4.304319998994678154e-02
-1.741607563544245174e+00
2.264997787904883708e+00
1.414986668299145212e+00
5.866698442200937169e-01
-8.871390885245882263e-01
1.225325319042332772e+00
1.483362562350722502e+00
-3.261801604598013604e-02
8.888052298784265837e-01
2.824521910698428728e-01
-7.776679662526871928e-01
-1.934291797382126088e-02
-1.709714043467344569e+00
4.529600832551046175e-01
3.322419621220887187e+00
-6.193259103881004757e-01
-3.681096880669428306e-01
9.759437855913888349e-02
1.172540916576304104e+00
5.317771296954487692e-02
-3.652360367057381207e-01
6.819185838908736752e-01
-1.230694561352828842e+00
1.049504996743051644e+00
-1.398613998328283481e+00
7.911039209166010888e-01
-8.359606792486127258e-01
1.193489608242814803e+00
-2.458545280537953293e+00
-3.649409252098065881e-01
-1.120993634513184789e+00
1.183233803721296162e+00
-2.905974761604718459e+00
3.200169361172068960e+00
5.537639316203697426e-01
5.078360720170107534e-01
2.138920460483040742e+00
2.713077877767200996e-01
1.606459535328942090e-01
-1.265381765170580319e+00
-9.941664043545238583e-01
-1.036699107942921749e+00
3.218489175172047911e-01
-3.003493147039668631e-01
-9.671679505443404601e-01
-1.734177858225254054e+00
-6.966295441226892926e-01
2.741685142675303499e+00
9.065388601690783643e-01
1.047979190498953495e+00
3.170668905219989231e+00
3.675843647780629997e-01
1.546642835866247179e+00
2.165310509072111422e+00
1.645097164896185848e+00
-6.043193264306083723e-01
1.414981992125011079e+00
-2.220787147980155307e+00
-1.074585487032472031e+00
-3.084173773773191130e-02
-4.230759449716687826e-01
1.525905620065649115e+00
1.972083007052218839e-01
3.057970435203571924e-01
3.314218108468187651e-01
-8.481420323317643284e-01
1.126160345292594567e+00
8.689267260842437057e-01
-4.105596788899069649e-01
-1.236558372073102818e+00
-1.092673529063269644e+00
7.800020140480117270e-01
2.604085977699344134e-03
-1.271512408225999313e-01
-8.946624781310632546e-01
-2.702486243382127284e-01
-5.126027751974641111e-01
3.024832197742211015e-02
-1.286734055823953504e+00
-7.829326518719628147e-01
8.923368743706737716e-01
-9.568232545770647413e-01
-1.114941085092948203e+00
1.441800337907699348e+00
1.412896980042561701e-01
-1.631039818080788351e+00
9.924648136916169872e-02
6.514990932561983694e-01
2.228163212912215307e+00
2.861546162141725524e+00
-1.851705407607608045e+00
-1.837459345238051656e+00
-3.582196383840514642e-01
-8.604116284483953603e-01
-8.114639850308578151e-01
-7.259470903001917774e-01
-2.653303900819263816e-01
2.091864113958998850e+00
1.099886943465214317e+00
-6.354246528838110031e-01
2.226106292638976303e-01
1.080243647813305730e+00
-6.143952566073045407e-01
3.362259099200631818e-01
-3.595925814412888055e-01
-1.371923148531124736e+00
-7.147231948832210024e-01
3.318823241232277788e+00
-1.717900130550693572e+00
-4.012702235870779788e-01
-1.067563233323356453e-01
-4.011118203614818523e-01
-1.219250004599059245e-01
-1.192186097182475368e+00
7.697938694120183278e-01
-1.364317840265723003e+00
3.064653503169634807e-01
6.726991403000861514e-01
-9.604940252412383916e-01
-5.789973078622363545e-01
-1.306818114700599498e+00
4.673839724045912858e-01
3.301634212147431136e+00
-1.726283370193842259e+00
6.592718997190696317e-01
9.910295883618502888e-01
-8.264371199427644754e-02
1.947680349147293821e+00
1.721170322994969304e-01
9.790744303209231170e-01
1.931604958754146839e+00
1.769955835212393636e+00
-1.383931217416157544e+00
2.405583662319074278e+00
-7.931357628894103451e-01
1.639503222399716353e+00
-2.244172989972852417e+00
-5.063286316419701727e-02
2.633704146248544431e-01
-6.837864031958603706e-01
-3.100498296418694899e+00
1.273512846627116835e+00
1.659764986398507336e+00
2.676678294599679209e+00
2.818961519392626514e-02
-7.145684557853944074e-01
3.292048203866075884e-01
-2.442504492599093524e-01
1.715276870156679623e+00
1.572789099711544569e-01
-5.356368799080275522e-01
5.195807954065509993e-01
-6.671202756225111941e-01
1.334950526089691891e+00
1.203102528829029794e-01
-1.289992230927440309e+00
-9.976248551493334116e-01
-4.878216746230443768e-01
-3.377227455825515534e-01
1.289945581042012623e+00
1.653203401180134424e-01
-1.035877746419921586e+00
2.406997699424965109e+00
-7.701908652795239618e-01
2.183085605874144353e+00
2.481286418213879852e+00
9.341002991783857734e-01
-8.942036671125208613e-01
2.809967830833535185e-01
-1.367416170680606280e+00
4.825825093396452492e-01
-3.485835988597645763e+00
-9.306062326402728679e-01
8.562080261741294995e-01
-5.049426332679534113e-01
1.128714653645325861e+00
-8.922213792922374376e-01
9.713197880576462939e-02
-5.567133057843764998e-01
1.741134671759986929e+00
-2.315148002857173370e+00
6.003228688552793013e-01
7.024926086182863294e-01
1.019915464944498584e-02
1.076004595828401467e+00
