5.685459535830124089e-01
6.440822846758911258e-01
6.905600119787311808e-01
-8.556907561364288650e-01
-3.258030981565265272e-01
-2.746011037973858926e-01
2.957025170574842932e-01
-4.898275317159817011e-01
-4.021303778230582715e-01
2.237092448726532012e-01
-2.093170744235899328e-01
-2.265063737936412469e-01
-9.665371758333087815e-01
4.493497497488911918e-01
-8.454150192763885130e-01
-1.103598574125399523e-01
-3.454586689335561456e-01
-7.328036904397738915e-02
5.057291596499144948e-01
7.071721951856220212e-01
-3.230365656844296218e-01
-6.408893829666943986e-01
6.547917718930718056e-01
9.054909013003675788e-01
5.947161329090315807e-01
-2.102168311615264518e-01
-4.939936700729068431e-01
-5.593299177759043506e-01
9.845390966503795305e-01
7.776921957011475595e-01
-1.500744021671147621e-01
-2.555121066531551577e-02
-7.800414242346844773e-01
3.182180429500713892e-01
7.945791420381012049e-01
-8.719838086613695971e-02
7.540732462538759506e-01
2.668838794532015779e-01
-4.083260835109214781e-02
-5.678244590638392708e-02
6.578399393019007668e-02
1.261668224035830121e-01
9.149389806447141282e-01
-3.673373475399843713e-02
8.402545843846895846e-01
-2.950611331537047466e-01
7.431703690412878593e-01
7.847249166466570003e-01
9.846416311779215835e-01
-3.137597789815369520e-01
-9.163969668722300455e-01
-7.356541836493031283e-01
5.840325185300878630e-01
-6.990301915257965959e-01
7.157254088178339746e-01
9.244419335196645271e-01
9.468203431278474635e-01
-1.025951979537789160e-01
-6.191202003569531431e-01
-3.477287382598175380e-01
2.091296615176065909e-01
-5.749159988321876913e-01
4.198432218636836133e-01
1.010196189269736422e-01
3.604234369145338235e-01
6.521987476743578149e-01
2.977523540298596672e-01
-1.503607234036619111e-02
1.958871755470781295e-02
-7.514039148403981461e-01
-9.361366626395235535e-01
-3.291887642140192138e-01
3.295495788072528853e-01
3.091377160711992200e-01
-9.934079013979701944e-01
-6.978666813315723694e-01
9.567363574093881162e-01
-8.500174446074626466e-01
-7.353255740161033227e-01
8.004753298238789228e-01
-4.361613367215768644e-01
-2.519894541520364406e-01
2.647176031994216139e-01
8.288285961484567199e-01
-3.058537055344385802e-01
1.494317494014938408e-01
7.659133446875996398e-01
-7.432354060650769867e-02
-2.200049275609337052e-01
1.569820780010777739e-01
-4.761993005964069159e-01
6.711810038635006581e-01
6.955748954781670879e-01
-2.870208254604165177e-01
4.838666305154659675e-02
-3.760343788103310825e-01
1.230956268523324404e-01
9.171277866199689655e-02
3.333803948046372145e-01
7.845321142959660321e-01
-4.628472341550102787e-01
-7.199429911799966053e-01
-8.331317339552342105e-01
7.968712209772128574e-01
-4.210320465243393429e-01
7.473521802396680958e-01
-5.162860983170558526e-02
7.921910320129039729e-01
-5.307884068619084239e-02
5.758864990929426497e-01
6.729233884401200072e-01
7.597890515161342950e-01
6.640412221670011217e-01
5.966360251069058318e-01
-9.152267071499209372e-01
-5.206275668280602176e-01
3.512737368469265320e-01
-1.092398958437414969e-01
-6.720133033399244837e-02
5.789886309316267798e-01
8.346140780378881185e-01
3.099389451165213138e-02
-8.734107864630265006e-01
2.007586281612288026e-01
-9.684025203789228264e-01
-6.307042164396678974e-01
9.895298953945792508e-01
4.971871524383348895e-01
-6.796824279871471752e-01
2.024365647615835595e-01
9.017995572745076682e-01
-5.612709712921715166e-03
-3.275428072208366181e-01
-7.668073451040586797e-01
2.628770868727776655e-01
1.455907237374920449e-02
-3.456424840760592421e-01
-3.267035007863154927e-01
-2.889568558867794401e-02
6.859225572931038073e-01
6.039426951074360339e-01
-6.736557012756709817e-01
6.212118385209506322e-01
-1.305652789984002027e-01
7.820682616015652844e-01
8.215823192935809427e-01
-1.194908322156673641e-02
-6.463126882669829598e-01
-8.056389901153975241e-01
7.141540687362535333e-01
-2.238430530369444060e-01
-6.750809003279321097e-01
-1.576718275705981664e-01
8.560602322327832692e-01
-9.982918413137031877e-02
-6.802060101304807649e-01
8.882001811295692217e-01
-4.916129177252734905e-01
-7.875957759486054144e-01
-5.331749942936174769e-01
9.746888092831418327e-01
-8.913568203852175742e-01
6.711870723617381351e-01
-6.821980676054102410e-01
-4.848064603476507362e-01
2.677812253868030457e-01
-1.157353555503015663e-01
6.861704941066459895e-01
1.103395338903152556e-01
3.796633556297113188e-01
-5.354452127498134928e-01
5.092396635794180781e-01
2.481313240582918578e-01
4.722549346148883220e-01
2.064192322378959332e-01
-2.818952569432540134e-01
-5.891424304606365236e-01
-2.918915451999370969e-01
-7.030256010374718034e-01
-8.169061188519870509e-01
9.378968381862269332e-01
6.679108415728187698e-01
-6.087816283092544190e-01
-6.313314199282382688e-02
7.798717670968293714e-01
-5.154751471429839249e-01
1.875629981513069477e-01
8.013073011451410377e-01
1.426466327492130759e-01
-6.124112283529292711e-01
-7.314270962475213356e-01
7.109606553719538535e-01
7.998870632456718255e-01
-4.008508536296702118e-01
-4.292893639154560237e-01
-1.927578819666855292e-01
3.473832355098691593e-01
-9.336374675955168012e-01
6.414813559415533106e-01
7.669995444764667880e-01
-8.345489697350561009e-02
4.007481418342750956e-02
4.520983764133492677e-01
7.075571152412289955e-01
7.038723103753126153e-01
1.261540364057116559e-01
2.092084314498747766e-01
-4.185464687564408592e-01
5.370609607564569288e-02
-1.507511425877556821e-01
-8.962581614300146882e-01
-1.007513644152722154e-01
8.166971380909471279e-02
5.985815863025272243e-01
-2.461629078430709328e-01
-3.756188374811249009e-01
-1.040468326188195292e-01
1.506614192820621145e-01
-2.815676171598411326e-01
-1.996355127721518574e-01
6.231712095302672783e-01
3.456065102091778751e-01
-2.683948093236119270e-01
5.834673079129633066e-01
-3.637900025343432375e-01
-2.186670291453776116e-01
2.843240556199140290e-01
9.719750069216599453e-01
-4.985050959765717771e-01
2.479826492087093825e-01
6.312738143808065416e-01
-2.419325455325420648e-01
-4.449005479703154187e-01
-6.006594512291487664e-01
-5.017031976237014135e-01
3.885207117576339186e-02
8.811493708919093670e-02
-5.885397746080411885e-02
8.808058149679554028e-01
-6.983674183640691258e-01
2.136110585768795644e-01
-6.395171319697878776e-01
9.240807153218986159e-01
-2.840890113543967921e-01
-6.780000867582580693e-01
-9.937641610778988888e-01
-7.915494507392171197e-01
-3.223011342369561660e-01
6.940481017190407442e-01
-9.451781031457204829e-01
-1.330306384686577026e-01
6.722666621896529193e-01
-2.157862217717583242e-01
1.586699391077854848e-01
7.622940796274813025e-01
-2.705327149446019597e-01
-8.120654854372373332e-01
-8.958427847863135174e-01
6.106946568760827088e-01
-7.894213264996736701e-01
4.517427180662167974e-01
7.393579291778638041e-01
9.638720067116757217e-01
-1.222549255496938603e-01
-9.945137942654884711e-01
