-2.317368453500019854e+00
-1.878063447364327843e+00
-1.809155945609939586e-01
-1.569755155833575611e+00
-7.625114454468897573e-01
5.009059779256872069e+00
1.856677739356702661e+00
3.561245953603993097e-01
-1.242127176893191853e-01
-6.855441611517909539e-01
1.213480857197012375e+00
-2.666679965184266088e+00
-3.248908150407341378e+00
-1.343257679233065272e+00
-2.947874990348583690e+00
3.567311786145199726e+00
-1.595315435293109152e+00
-2.258654156182681394e+00
6.494218588217016697e-01
-9.511256853716441029e-01
1.760334681436218851e+00
-1.417418175089568688e-01
-6.555157083559892683e-01
6.238045595707937263e-01
-3.917969380204290530e+00
-8.581882058247684020e-01
-1.276547797716948596e+00
-5.843648894549935413e-01
1.592820448004284462e+00
-3.004514226110391206e+00
-2.413106364003299475e+00
-1.351625024784319784e+00
-2.222095906039269320e+00
-4.513045964785189490e-03
4.551286008658870230e-01
-1.215172248868920057e+00
-1.414113671289576990e+00
-1.416134148526501324e+00
-1.245226739456726461e+00
-1.701361451009221426e+00
-1.158361468855709120e+00
-2.753960215951365975e-01
3.875477437471415598e+00
-3.519602779238564239e+00
4.445786429835133724e+00
1.050933925463134688e+00
2.061186868999680399e+00
3.173663841569126287e+00
-2.951312732432373576e+00
-1.677777309619701063e+00
-1.500390628333967635e+00
-2.407221507597525623e-01
-1.507561790454196249e+00
5.720412343269366318e+00
-4.304563366484255305e+00
4.573055998374735420e-01
-3.081017309220461353e+00
-9.495333950273895374e-01
3.653027912353223883e+00
-1.628201482719633386e+00
1.484267145743629168e+00
-2.274813827063526528e+00
-2.733067658525460963e+00
7.023033434018286503e-01
-7.912885700353594620e-01
-8.710558683351287357e+00
-2.913222730754476686e+00
2.372034343351744123e+00
-4.041590369208420963e-01
1.374423071161150034e+00
-8.461430810176310269e-01
-4.552753272768225834e+00
-4.137013871913752805e-01
-3.184028098867171419e+00
-1.491659651924666541e+00
1.327333200074006569e+00
-5.890874322936666019e+00
1.359275959874563622e+00
7.255944463738046579e-01
-8.182565246857693708e-01
4.577759568422134606e+00
7.316918062155486346e-01
7.737346378555216564e-01
1.916181265564852687e+00
1.537370692182290277e+00
-8.208610992991047794e-01
-1.658191454435046008e+00
-1.019660299685177796e+00
-3.677400608185764086e-01
1.505941252396272301e+00
9.013275022119382474e-02
-3.575048062928771198e-01
5.884969353442137674e-01
-1.013293995363388156e+00
7.409788598129427584e-01
2.221302045659917290e+00
-3.755859066376354694e-01
-3.806168385485086958e-01
1.587276209243015046e+00
-1.856109095874291848e+00
2.174521182985840184e+00
-1.615874732182802864e+00
2.905638226400820479e+00
-9.819279266346699897e-01
7.037178792336069577e-01
-5.624844787029926740e-01
1.355102254752516000e+00
-1.614163893016380191e+00
5.119303231299709545e+00
4.251877495688103359e-01
3.796568010091821987e-01
-9.077487355863150809e-01
2.747276198122969415e+00
-1.077320613294727947e+00
2.358401866534673541e+00
-1.914611409196789626e+00
2.966857379728900845e+00
4.419221681370104626e+00
-2.129293021336549963e+00
-1.403467120173549576e+00
2.693239755944309088e+00
1.054832584724142430e+00
-3.315828654452827262e+00
-7.683086566932083583e-01
3.466232773018248281e+00
1.119306486797716271e+00
-2.810390520585829499e+00
-9.004271949553365184e-01
-1.243761840589094225e+00
2.885984830284740177e-01
1.415377111932770715e-01
-3.764967801568777972e+00
-1.263722464661236389e+00
-1.201317750171702503e+00
-2.962344604872271248e-01
-1.706189265427979773e+00
-1.983754496585832250e-01
-9.954198546340450315e-01
3.750329845864163181e-01
1.163765524673322727e+00
-2.165495253745425508e+00
-7.496201334454078991e-01
-1.670262251709005108e+00
-2.382523055855636507e-01
5.360758301662249536e-01
-5.654045314751783735e+00
2.583352319709730782e-02
1.436850969705789405e+00
3.161475082101710576e+00
3.735103846662018445e-01
-3.925307805781319548e+00
-1.090037039083080472e+00
-9.674995898127466409e-01
-2.030748581406610409e+00
-1.848167992456755560e+00
-1.267576995925418226e-01
9.577244647274851808e-02
3.624552055509958848e+00
-1.012470427080794932e-01
-1.222648006864933468e+00
-4.080274507919020799e+00
-9.107611007617272270e-01
-3.865380024121956914e+00
1.271814738884271989e+00
5.478596159934110865e+00
-1.797205926219494154e+00
2.274995320347740435e+00
-1.907083679370141782e-02
1.722745987380600141e+00
-2.360646820419456837e+00
-4.058724435891390314e+00
-3.094652614533583090e+00
-5.187607461537185882e-01
-2.943215046754144915e+00
-2.732094923729957436e+00
2.579680750663504440e+00
-4.432909049426168480e+00
-3.261758681872941601e-01
7.468255446545659648e-01
1.906136264448805573e+00
-1.028987484970601551e-01
-1.181345390619417124e+00
2.475678517764420050e+00
1.959062058656583005e+00
4.628997559406107243e-01
-1.012600784089388251e+00
-1.947083942235677823e-01
-3.143715422080616051e+00
-8.574165022424599103e-01
1.971940960818766575e-01
-3.114380609771141728e+00
-3.292545171131691539e+00
3.167267303222634833e+00
5.756902042529654651e-01
-1.289335802258833041e+00
-3.931811393837465918e+00
-1.181732388302731529e+00
-7.375460907164594904e-01
-1.076196794986593153e+00
2.327255946725258262e+00
1.019702554098378400e+00
3.684571152529999560e-01
-2.874112238563505950e-01
2.465765163350163713e-01
1.042514089843082470e+00
-9.337267458573117462e-02
2.757033582503318758e-01
-1.342894175788132971e+00
1.912719245447978000e+00
-1.611552902243437835e+00
1.298396770978087922e+00
2.964042322396287066e+00
6.946942398804707430e-01
-1.001913271654146342e+00
6.157098483552658763e-01
-5.381878821890180298e-01
1.017462884013673241e+00
1.092747434692093123e+00
-2.081020627085139019e+00
1.599203365259129761e-01
-1.844746181215346503e+00
-2.511748096268839880e-01
-1.202992845141463985e+00
-1.830684272140406410e+00
-6.218922782486686174e+00
-1.152488970321571493e+00
-1.949719509859816124e+00
4.790474468211285419e-01
-6.321882222266694829e-02
-1.290918037022089848e+00
2.213673996426690493e-02
-3.847394975415668661e+00
-2.605428897668505162e+00
-2.140117745048803144e+00
-2.516999694704916912e+00
-6.099631666718363654e-01
1.905578579412924967e+00
8.865494098874315831e-01
-5.892389067242400635e-01
2.718150010104491532e+00
4.038600726400202845e+00
2.620816899203900263e+00
5.039050441917689582e-01
8.336837588922177966e-01
8.965097173087281934e-01
-9.556232201699802475e-01
-1.344946067288967706e+00
1.370733714504487888e-01
1.472923345001910800e+00
5.418878847731279924e-01
-2.500966324689708919e+00
3.693361036745769210e-01
2.004880768063568297e+00
1.021223645920165346e+00
5.662679131388598242e-01
-5.174967724691796889e-01
1.803676909199053435e+00
2.348957817624557798e+00
4.371767463757377570e+00
2.268089354037791106e-01
-4.244462275048590527e-01
-2.943944850136575475e+00
-1.433154722997657671e-01
2.790138353462832954e-02
-1.744301227322199388e+00
