-7.406441182630937314e-01
-1.148923082750937130e+00
4.038913318796559793e-01
-1.460470440478981224e+00
-1.131667433570020087e+00
-7.748970001010619946e-01
-8.706572876967306751e-01
-1.995755224436169262e-01
3.499531842571710349e+00
-1.073719710462744947e-02
-1.770692070617882141e+00
-2.646121722822725175e-01
-6.884253609157486853e-01
2.204039859704729487e-01
-1.071240675643976958e+00
3.854815908964216220e+00
-3.693170029097470941e+00
-1.428585272426949437e+00
1.598882133876994516e+00
-5.666681405742848288e-01
1.216017390242382312e+00
-9.974639867115400182e-01
3.530534487426048584e-01
8.272989007067084177e-01
1.479586590875744623e+00
1.362173626774852708e-01
1.422329807440046556e+00
-1.945692917508650366e+00
-1.250481143807940621e+00
7.198285149458787391e-01
4.654073941855349505e-01
-7.733206245502400877e-01
-4.782820543517293244e-01
-3.132316817979923229e-01
6.539470442695777264e-01
1.053862775517075523e+00
5.008354933144765209e-02
-6.105753555950923506e-01
-1.931815243731291654e+00
-1.637604070704234971e-03
-8.157802638870981227e-02
-3.323004684851491586e-01
5.192274437997557168e-01
-1.991535597343723207e-01
-1.365145799609102317e+00
3.242215628445537678e+00
7.993798973397060470e-01
-5.229354666463359447e-01
-1.177217712506344993e+00
7.480989976009140285e-01
-5.455612736284967124e-01
7.430482861105156545e-01
-2.326346297381987616e-01
-1.502669400483706896e+00
-1.768524322398426829e+00
1.493965460683657653e+00
-3.928459632146777958e-01
-9.243135908923507671e-01
2.687165610811250716e-01
-2.097316956773427776e+00
1.426619411714399321e-01
-2.102697805688813482e+00
-5.743673781929218292e-01
-1.257876208218562386e-01
-1.961109919444627536e+00
1.906121884775741737e+00
2.001960722560875539e+00
-2.520698962535072418e+00
3.791303440568862815e-01
2.001789795054190968e+00
-2.316963528203290767e-01
-8.522526154800699194e-01
-4.432884902413305461e-01
-6.319504811181311243e-01
-8.300327967295051401e-01
1.108952554199470697e+00
-1.391610313434608059e+00
6.122069412624824292e-01
9.982949297994596627e-01
1.110897003785760173e-01
1.187571894400836214e+00
2.160015888085137004e+00
-9.374481182713024774e-01
-4.873662283249013405e-01
1.877696155235097253e+00
1.217365372561707959e+00
2.163863449425326435e-01
-6.207879767076855959e-01
1.140663689182072060e+00
1.983574103878965600e+00
-2.381504962520735180e-01
5.580503384517474519e-01
2.172146616586423384e-01
1.535976774165829895e+00
4.157643604591014785e-01
2.126653242171297364e+00
1.416315707775345434e+00
9.871016189628287751e-01
-8.659987098232486691e-01
-3.924282535109790970e-01
1.593322611898797092e+00
-7.720934522888347473e-01
-2.733129243066163006e-01
-3.787262843581189919e+00
5.471926160953157758e-01
-1.715291494246570236e+00
-8.517491979431626170e-01
-1.534217787359879459e+00
-8.149505296943084787e-01
6.791755222887612131e-01
-1.023862913722985102e+00
-1.411570084926278223e+00
-8.155394215887077358e-01
2.879772395536689622e+00
3.733206691641406394e-01
-1.632241799282580619e+00
-8.050130910483420665e-01
4.402232282131649521e-01
-3.306620502998338651e+00
-2.772513974619797317e+00
8.773886702786302116e-01
-4.058834644303380701e-01
9.019283549865531047e-01
-4.855933059488343195e-01
1.841639043373269669e+00
-6.746963496194480214e-02
1.837431712958714769e+00
-1.557125698735633890e+00
1.160150718061407016e+00
-2.754643340099343973e+00
7.301602925916018672e-01
1.458269328552651789e+00
6.236804284352492900e-01
2.441771993226489190e-01
-3.200692824357695976e-01
3.008241778797881238e+00
1.863579364342010103e-01
-9.821281944894456606e-01
1.635061497495265970e+00
2.289725000617993889e+00
1.347655853739432308e+00
2.164735444462766445e-01
5.786286433149472330e-01
4.972947388082011866e-01
-4.497311038096806213e-01
4.669751595604370031e-01
-4.714769137833942914e-01
-1.145646254764745464e+00
6.290771609432830314e-01
-9.733626171110327796e-01
1.580506083900291792e+00
8.594666750561328339e-01
7.865127449168136664e-01
-2.030113493151237236e+00
-1.925989614540183803e+00
-3.692438611110149260e-01
-1.881186940564117505e+00
5.731180920162908254e-01
3.763019919409765768e-01
6.277002894768251018e-01
-4.173534531156807281e-01
-2.893835889791310123e+00
-6.274794035456343622e-02
3.253186364527284047e-01
1.341538828092907254e+00
2.609913042407510986e+00
3.149727931053416530e-01
-5.862881954828222941e-01
6.409616632878504250e-01
2.965319366613682339e-01
1.421256496834088390e+00
-1.921719950531937338e+00
8.745767366516539187e-01
-7.888627585983247759e-01
7.529229319666799203e-01
2.527785219213080081e-02
-4.546892140611102917e-03
4.789189538792206768e-01
2.433175743118020318e+00
-2.517765066011614095e-01
-2.235232856108645194e+00
-5.420500445484851548e-01
1.607040209847262702e+00
-3.637910791497926954e-01
-1.797273620653530024e-01
-9.257755540472327738e-01
1.539424210383198099e+00
5.815513752318093310e-01
3.199271788903845781e-01
1.291274761914691371e-01
-5.937950583916182801e-01
-4.842502819765311939e-01
-5.566920641581283302e-01
-9.929231407967202827e-01
5.384420500594855330e-01
-3.249297718901134613e-01
-2.757014540783878642e-01
-5.531637867165881683e-01
1.424308360040220656e+00
2.383679712781410220e-01
4.254706165977870658e-01
5.787070148507604817e-01
-3.876213355618371992e-01
-9.971760281223969180e-01
-1.279120959718735850e-01
5.245203854998317095e-01
-1.951449022055091964e+00
1.308302549134195525e+00
-7.220064104846386499e-01
7.055523592750538864e-01
-6.065038914257319114e-01
-2.280757824238095477e-01
3.612210385140921520e-01
5.536621776815350282e-01
8.085472946024250263e-01
1.125109821924945575e-01
-3.882991066792209622e-01
-6.199915248935469747e-02
-5.163182104700398956e-01
1.776282671416637704e-01
1.195390660047677578e+00
6.059695498697004190e-01
-3.122970453575180105e-01
8.337004284074841509e-01
4.807569145751298123e-01
-5.746781993721707948e-01
-6.137754102744136242e-01
9.352107816908288296e-01
-5.571999491543830896e-01
4.204931812767219945e+00
7.991493418007495908e-01
2.226600646330186839e-01
-3.082981639999073042e+00
1.741591031003562051e+00
2.584312593147546799e+00
-8.777394782163230325e-01
2.799482182623981075e+00
8.305452478569623764e-01
1.403654289587558113e+00
5.932443473379951371e-01
4.791305497771622957e-01
-7.868496684045422906e-02
4.038736282144350653e-02
1.656240930604208961e+00
7.816079814906427004e-01
-6.876369066638421401e-02
-1.852392411377836945e+00
-1.799999852285197210e+00
8.239195278935693700e-01
-1.213823529648837773e+00
8.316183817747189178e-01
-1.900093684840968411e+00
-1.801107152251063548e+00
2.430305587259118383e-02
4.193407669630386803e-01
3.141162677518607449e-01
6.829265529964900772e-01
-3.895605986171202240e-01
5.060091066295075990e-01
2.004870847526141198e+00
-7.453945049473713613e-01
-8.140299508045785171e-01
1.425350041556357805e+00
-2.908269043889835093e-01
-6.299924744033212898e-01
