-1.202525078434593553e+00
-3.934096194213735576e+00
1.923723884702075448e-01
2.345355059911135021e-01
1.402560265186909128e+00
-6.831944272802703555e-01
-1.980270330818443725e+00
1.559891160154862622e+00
-4.130265233353629384e-01
-5.830164404070548034e-01
-9.218619694627139260e-02
-8.215299539489242520e-01
-3.325951978611269677e+00
3.511091444182050658e-01
-8.892242652498210109e-01
3.033427989744013065e+00
5.434762548237546120e-01
-4.672975648659782877e-02
-1.548091246174140956e+00
-7.912030388233335376e-01
8.776724677297553789e-02
1.037891204243452492e+00
1.021883316840775047e+00
-1.827150683616777460e+00
-1.046972741719343958e+00
-7.155349563023961634e-01
1.635513060508149152e-01
2.998781121100791758e+00
-9.348549640792068738e-01
-5.348589160990528946e-01
9.160526795407865075e-01
-9.829805198623760010e-01
4.784345797008682233e-01
-9.729318559071458150e-01
-1.157879005426348251e-01
-2.299914703429060681e-01
9.178458659645889473e-01
7.815323155429598767e-01
-7.180484803782419823e-01
-2.563071790210447731e-01
-1.130556518976035596e+00
-8.901327434605111888e-01
-1.471918993145598709e+00
-1.510772075163177575e-02
-1.218554025981477551e-03
2.557361809949957099e+00
2.402395282836150781e+00
-1.280426449536868905e+00
-1.274198862667947241e+00
-4.447488496002538483e-01
-1.041084501683262054e-01
4.687746171649136429e-01
-5.913646100040581555e-01
7.690664157234983200e-02
6.421340166631650526e-01
-3.446199303345107712e+00
6.924974843353326470e-01
2.119212429510841655e+00
-5.799231583776008891e-01
8.067197532186900499e-01
2.703451870833847970e+00
-6.081675653449230001e-01
1.728918839529082874e+00
3.285676101936092497e-01
-3.236661189657439763e+00
1.123095527688723561e+00
7.733054711839060236e-01
1.079669027633974210e+00
1.245746957256559817e+00
6.323056004150290343e-02
4.235925620715453865e-01
-3.374355911874633018e-01
2.418040739100644210e-01
1.780668433766767311e+00
-1.305521194049156897e+00
2.727231952401361958e+00
1.498721563353361041e+00
-1.752932213595814526e+00
-1.112274563717807530e+00
-1.524649658483256953e+00
4.649948499983143635e-01
1.025668365334390986e+00
-4.159035909487498461e-01
-3.965939278649230348e-01
-9.623431047920071313e-01
9.360787640803083232e-01
6.799309807633997504e-01
-8.458032825241725838e-01
7.945135748192206915e-01
8.610082532567041591e-01
-1.415911753275369556e-01
7.986839823947409212e-01
5.370889707769871402e-01
5.497722874968562490e-01
2.063400492284447330e-01
-1.778506384812463814e-01
1.712310876995333242e+00
1.601920104022910518e+00
-1.866428394298082494e-01
-1.937758464993135421e+00
-5.159188654375006511e-01
-2.118855422229056540e+00
3.097548463690374954e-02
-1.283191721627401805e+00
2.180106187179642330e-02
-1.736400810150560137e-01
-2.326325937294970725e-01
3.479339040366792313e-01
-1.092237768680758281e+00
-7.463911059751690003e-01
9.189989338756086035e-01
2.020460187114682671e-01
-2.745559115934137928e+00
-2.307140867251691319e+00
3.811363463195668322e-01
-8.346233300193102167e-01
3.316299048101220226e+00
3.164103980764771951e+00
1.497604649844966662e+00
2.805690072562494919e+00
-5.122909133311093210e-01
1.055772064544191036e+00
2.199800641118131672e+00
-1.472893515685448129e+00
-1.143888654152434015e+00
1.086255861273759171e+00
2.185598205930220583e+00
3.300957660210473321e+00
4.382163909917196065e-01
2.365928830528016835e-01
-1.782348098591110208e+00
-4.402617693833119628e-01
-2.417739371371257384e+00
-1.963431692414823182e+00
5.401716533891134375e-01
7.295087684659518068e-02
1.094292014344461356e-01
6.539284937757110505e-01
1.209675869166924045e+00
6.588412835103496512e-01
-4.101373236441552272e-02
-3.111289368830825186e-01
3.490852826091423999e-01
4.588189722229267797e-01
-3.204615554862468407e+00
-5.001441600610292415e-01
5.946532990964911169e-01
2.303306411902611650e+00
-1.458552892684415347e+00
-4.640589346225135747e-01
8.055739615458303859e-01
1.983218777336537064e+00
4.391154613752729086e-01
3.483552397572136083e-01
2.162644532651418761e-01
1.669915909228616879e+00
-8.581782049758133191e-01
2.663540484602889169e+00
-9.545475016665847523e-01
9.460751620422576114e-01
6.573395106782704556e-01
8.444769480691820540e-01
1.141166486940316638e+00
8.099874666850093163e-02
-1.193999078297347749e+00
1.236882003966367272e+00
-8.266263241772588977e-01
-5.903341782429658569e-01
-1.325877431578098120e+00
-1.695428697835680842e-01
6.020316607022428101e+00
-6.269425720516681455e-01
-4.428010588040999229e-01
1.914810457416789902e+00
9.608287799112831262e-01
6.382857021489976024e-01
-1.382798476151606115e+00
-1.813979451513458852e-02
3.793732612768231593e+00
6.001069106179112156e-01
1.124630543057418830e+00
1.348236507634677395e+00
1.145757009669351456e+00
-9.961944406913205707e-01
6.729708481124652142e-02
5.496972344587796044e-01
-1.548248302702241452e-01
-1.295414384831684362e+00
-1.141701664155633233e+00
2.762578293049736122e-01
-1.994419205916302618e+00
-3.195056797604083343e+00
1.319719209972172180e-01
2.706374289175088599e-01
-6.780940494704235100e-01
1.307526031758544427e+00
1.874253512750475803e+00
-5.309245910168828297e-01
1.803893505851283052e+00
-9.589726932122970560e-01
1.186325337663957313e+00
-5.753004229165744610e-01
8.347252990638337478e-01
-1.786708796154017342e-01
1.623805265026414535e-01
-4.271705924876886273e-01
9.906581858024954279e-01
3.130366992890398770e-01
-1.115315548950033930e+00
1.162070481194817928e+00
-3.229946330287993828e-01
-9.574571644148042182e-01
5.000181959064986525e-01
-2.252590181069186182e-01
-8.931141507320434769e-01
8.367053137313176236e-01
2.811090668427993489e-01
4.608470503860742085e-01
1.266612380839180485e+00
-1.826739002589317984e+00
7.027124038222951619e-01
1.247819067576863006e+00
-1.262753140787221895e+00
-1.957023138138210827e+00
-7.621535436178357159e-01
-1.824565983828991822e+00
-1.112943122197987744e+00
1.405404575869477091e+00
9.860849858333711193e-01
-6.491835140305184382e-01
5.577999684238772460e-01
6.769113820005340232e-01
8.736616812293969137e-01
-1.679174351697576117e+00
7.921503483339216167e-01
-1.011466107169368911e+00
2.176682607282601545e+00
3.377235512402390616e-02
-9.503517128113461165e-01
-1.237725728215240295e+00
3.387511370813311440e-01
5.859926581960439584e-01
5.623781972350760938e-01
3.583084120570972919e-01
-2.875554171674455373e-01
9.111426535640876345e-02
-1.443578037666592762e+00
2.725468672500142020e-02
6.728015626134233873e-01
1.583839508012117037e-01
-3.932432685890307478e-01
-2.863399302317845008e-01
4.342549281404534667e-01
8.982128764309378344e-01
-6.229298686455664313e-01
8.827950553997807592e-01
-1.670085592246354778e-01
1.769711817524767028e+00
1.063669476596242891e+00
3.697340143029914650e-01
-2.310161005642384691e+00
-4.499154519916688244e-01
6.536060757261790144e-01
-5.815032721516819603e-01
1.343210070772718367e+00
