1.096274565430536807e+00
-4.860563338431633795e-02
-1.001443212160047835e+00
-4.458674316404242610e+00
-1.103008376740868268e+00
-2.034191317799253884e+00
-7.283220269311418971e-01
1.758796573531565155e+00
-1.477706014284010383e+00
-9.920187451471411677e-01
-2.718398507791041752e+00
-1.477560184855832848e+00
-6.453445897957209576e-01
7.995629158768269296e-01
-5.613299046963986516e-01
1.032301280487570416e+00
1.516855743743477092e-01
3.157650322027287793e+00
2.080270813353840786e+00
-3.623370680342174133e+00
-1.288171679242974710e+00
-2.429563710172967017e+00
-3.265619710652630125e+00
1.173959971240292388e+00
1.786535702479792764e+00
1.979199878286911352e-01
-1.369625571263830555e+00
-4.101337421037982267e+00
1.161576278824605790e+00
1.474883934071996139e+00
4.045435727940618342e-01
3.074525405913483000e-01
2.035349477301144905e+00
6.556411115997883288e-01
-2.920222439095009337e-01
1.336754177067803084e+00
9.015486102066079255e-01
7.859146474117710834e-01
-2.379112934340493091e+00
-3.185770300348570672e+00
-1.868659092669578303e+00
8.177898005731885078e-01
-3.420405274870065515e+00
1.651624480355067814e-01
-1.538787297087811368e+00
-4.778421467278360923e-01
9.089655117579142907e-02
6.662324481993810998e-01
-2.180597806296671326e+00
-3.188096803377185484e+00
-3.106375505541300264e+00
-1.172886187903551480e+00
1.399305590699690294e+00
-1.444295602284531299e-01
9.007496170964475191e-01
-1.909314376648084455e+00
1.265790012551017085e+00
2.792967401869261845e+00
-3.731644112052816098e+00
-1.741989661363102959e+00
1.713764649044773325e+00
6.367436097452766619e-01
-7.809979584667168240e-01
1.824699560182526659e+00
-1.720571546580415001e-01
-1.150835682877646260e+00
-1.912205440138192714e-01
-1.392968452930782419e+00
-8.309735624503409301e-01
2.488446022270568658e+00
-4.304723155365938858e+00
-2.377355251660300706e+00
1.198464955620727190e-01
2.535919403621267776e+00
4.873560661562269303e+00
3.042701794408562588e+00
-1.922867357443083236e+00
1.721629344737981793e+00
-4.395469561569594674e+00
2.780630513528331571e-02
-6.496652115799177452e-01
2.332190191320771433e+00
1.276275955269556839e+00
-1.097572984538218055e+00
-1.817850461351488089e+00
-1.956953993777337919e+00
8.499977524398649731e-02
-5.669779682506826957e-01
9.226942065972687512e-01
1.903944748241572116e+00
1.014098192531505793e+00
-1.329782610570885426e+00
-5.458587040374355270e-01
-1.605675407856492320e+00
-1.598504350722571798e+00
-5.471942105503679876e-01
2.250046587992627245e+00
-2.653335967794260064e+00
-3.952214734508850746e+00
2.388036155951906103e+00
9.036177678024029936e-01
-1.408265631616340885e+00
-1.308102593835706262e+00
-9.998436474502736537e-01
-2.102505156828172461e-01
-3.247225778681488428e-01
-1.046695573978332572e+00
-1.762416599133309836e+00
2.020897142358406007e-01
-6.108657695993454650e-01
-3.908711466834760007e-01
2.266544589585945957e+00
1.341345492893602831e+00
4.017962363379812274e+00
2.862732546788115395e-01
-1.254686212828989011e-01
-1.671529994998136592e+00
-4.561508261483286475e+00
1.172020187496352950e+00
-1.951929911890340374e+00
-1.203170124697979126e+00
2.565550307827850762e+00
-2.184071769611792835e-01
2.522645917000502891e+00
-1.525218578814438564e+00
-5.589027012014715634e-01
4.060804496227174987e+00
1.813696971350259757e+00
1.608244704909878253e+00
-1.261592126029920546e+00
1.368885551204267248e+00
-3.933811247224042740e-01
-1.099574853656046236e-01
3.855138728365150591e-01
-2.366099436402972489e-01
-3.677411224643933441e+00
-7.154431188878825898e-01
-2.415285753460338913e-01
-1.716914900654557874e+00
4.059219524901009457e+00
8.080911279447833273e-01
-1.722352678535061798e-01
1.090789450856667786e+00
-1.044594389759726072e+00
2.252432549208555734e+00
1.680651734403401543e+00
-5.457596760303752292e-01
-1.673465822413733983e+00
2.530735215102248414e+00
-5.546098990080738922e-01
-3.649773906008048741e+00
1.044661713494241084e+00
-9.692811781857673115e-01
9.282278659298226486e-02
-1.458261311976379648e+00
2.056789756658183865e+00
-2.375548969949018208e+00
-1.584542801063059114e+00
-3.070658478952547732e+00
2.037278815683957411e+00
1.572619182946262573e+00
-6.617289675493691625e-01
3.878007600979979097e-01
8.744453775379052995e-01
-2.180076583752989183e+00
-1.859140233430265909e-01
-1.989505992623060049e+00
-2.007692684912036618e-01
2.407433884637166344e+00
1.152421058800411569e+00
3.711452888017109930e-01
-1.795270676272099575e+00
7.182822708570120174e-01
-1.502840030023096241e-01
-6.086760522863308154e+00
-5.955312450072425712e+00
3.408196560127682018e-01
2.904866217025753095e+00
-6.341177761762204490e-01
4.495279242443213974e+00
5.552285726085914863e-01
1.898983347564420221e-02
3.319105474376375930e+00
-3.327337977866019258e+00
4.860731949370904470e-01
-1.233846898372915168e+00
-2.218979080598413312e-01
-9.946891671968143278e-01
-7.900245863091016618e-01
2.444513453252162849e-01
-1.536251269898842420e+00
-5.910515849353157769e+00
2.152150231267137670e+00
1.579577868239990135e+00
4.315629612181925978e-02
1.734288809936879172e-02
-1.780293476645499195e+00
7.530109452897217892e-01
-3.601818229621479794e+00
6.508683816271356726e-01
1.384265909518749949e+00
7.465609782724482724e-01
3.904066072099637852e-01
-2.360196242175563730e-01
-8.538016755917181566e-01
-2.471313825635807149e+00
2.009237940299655634e+00
-1.716483834465428071e+00
2.667407996806726800e+00
4.289563965715560201e+00
-1.704670384052571208e-01
1.719540059338997562e+00
2.022718422889121292e+00
3.642375140300065262e+00
1.774952414411138601e+00
-1.887264318964075205e+00
-7.048144844674507858e+00
-8.746363351250326934e-01
9.671301158494907124e-01
1.561846548523401434e+00
1.321742986891300431e+00
3.100581187118006454e+00
2.377971179236723742e+00
-4.009980932991782931e-01
9.433279913008449924e-01
3.797603487910108933e-01
-1.452599068209273536e+00
1.102449852737049651e+00
5.175199557269303252e-01
4.607558415121735251e-01
-2.124272910914535295e-01
1.100514119718123629e+00
1.661092438574785390e+00
-4.196946531442835027e-01
1.513987797461904483e+00
1.659506504880096323e+00
-3.088575927999817949e+00
-8.061800980106099690e-01
-1.937268727463396845e+00
9.141078947465360871e-01
-2.693513315872733127e-01
-1.159279646071464942e+00
-2.005762174212686322e-01
3.989668740602100083e+00
-1.329404579583227664e-01
3.427460426440274710e-01
-9.936437372964686265e-02
-7.277980853478267509e-01
1.150752164430963953e+00
-9.028608860729214758e-01
4.571189505773926243e+00
1.840098080513175027e+00
-6.436468825891008549e-01
-1.121597841672449469e+00
4.049773154789212626e+00
-4.153744246051251920e-01
3.791373380359851275e+00
4.866600058801367368e+00
1.908353754570115468e+00
-2.466695180826208866e-01
-2.897193841204735776e+00
3.983894318279944002e+00
-1.468591843306286115e+00
-2.240259121364314154e-01
-1.152906177220282880e+00
